t,x,y
0.001, 0, 0
0.002, 1.47397, 0.718899
0.003, 2.94784, 1.43774
0.004, 4.42161, 2.15652
0.005, 5.89527, 2.87524
0.006, 7.36883, 3.5939
0.007, 8.84229, 4.3125
0.008, 10.3156, 5.03104
0.009, 11.7889, 5.74952
0.01, 13.2621, 6.46794
0.011, 14.7351, 7.1863
0.012, 16.2081, 7.9046
0.013, 17.6809, 8.62285
0.014, 19.1536, 9.34103
0.015, 20.6263, 10.0592
0.016, 22.0988, 10.7772
0.017, 23.5713, 11.4952
0.018, 25.0436, 12.2132
0.019, 26.5158, 12.931
0.02, 27.988, 13.6489
0.021, 29.46, 14.3666
0.022, 30.9319, 15.0843
0.023, 32.4038, 15.802
0.024, 33.8755, 16.5196
0.025, 35.3471, 17.2371
0.026, 36.8186, 17.9546
0.027, 38.29, 18.672
0.028, 39.7614, 19.3893
0.029, 41.2326, 20.1066
0.03, 42.7037, 20.8239
0.031, 44.1747, 21.541
0.032, 45.6456, 22.2581
0.033, 47.1164, 22.9752
0.034, 48.5871, 23.6922
0.035, 50.0577, 24.4091
0.036, 51.5282, 25.126
0.037, 52.9986, 25.8428
0.038, 54.4689, 26.5596
0.039, 55.9391, 27.2763
0.04, 57.4092, 27.9929
0.041, 58.8792, 28.7095
0.042, 60.3491, 29.426
0.043, 61.8189, 30.1425
0.044, 63.2886, 30.8589
0.045, 64.7582, 31.5752
0.046, 66.2277, 32.2915
0.047, 67.6971, 33.0077
0.048, 69.1663, 33.7239
0.049, 70.6355, 34.44
0.05, 72.1046, 35.156
0.051, 73.5736, 35.872
0.052, 75.0425, 36.5879
0.053, 76.5113, 37.3038
0.054, 77.9799, 38.0196
0.055, 79.4485, 38.7353
0.056, 80.917, 39.451
0.057, 82.3854, 40.1667
0.058, 83.8536, 40.8822
0.059, 85.3218, 41.5977
0.06, 86.7899, 42.3132
0.061, 88.2578, 43.0286
0.062, 89.7257, 43.7439
0.063, 91.1935, 44.4592
0.064, 92.6611, 45.1744
0.065, 94.1287, 45.8896
0.066, 95.5962, 46.6047
0.067, 97.0635, 47.3197
0.068, 98.5308, 48.0347
0.069, 99.998, 48.7496
0.07, 101.465, 49.4645
0.071, 102.932, 50.1793
0.072, 104.399, 50.894
0.073, 105.866, 51.6087
0.074, 107.332, 52.3233
0.075, 108.799, 53.0379
0.076, 110.265, 53.7524
0.077, 111.732, 54.4669
0.078, 113.198, 55.1813
0.079, 114.664, 55.8956
0.08, 116.13, 56.6099
0.081, 117.596, 57.3241
0.082, 119.062, 58.0382
0.083, 120.528, 58.7523
0.084, 121.993, 59.4664
0.085, 123.459, 60.1804
0.086, 124.924, 60.8943
0.087, 126.39, 61.6081
0.088, 127.855, 62.3219
0.089, 129.32, 63.0357
0.09, 130.785, 63.7494
0.091, 132.25, 64.463
0.092, 133.715, 65.1766
0.093, 135.18, 65.8901
0.094, 136.644, 66.6035
0.095, 138.109, 67.3169
0.096, 139.573, 68.0303
0.097, 141.038, 68.7435
0.098, 142.502, 69.4567
0.099, 143.966, 70.1699
0.1, 145.43, 70.883
0.101, 146.894, 71.596
0.102, 148.358, 72.309
0.103, 149.822, 73.0219
0.104, 151.285, 73.7348
0.105, 152.749, 74.4476
0.106, 154.212, 75.1604
0.107, 155.675, 75.873
0.108, 157.139, 76.5857
0.109, 158.602, 77.2982
0.11, 160.065, 78.0108
0.111, 161.528, 78.7232
0.112, 162.991, 79.4356
0.113, 164.453, 80.1479
0.114, 165.916, 80.8602
0.115, 167.379, 81.5724
0.116, 168.841, 82.2846
0.117, 170.303, 82.9967
0.118, 171.766, 83.7088
0.119, 173.228, 84.4207
0.12, 174.69, 85.1327
0.121, 176.152, 85.8445
0.122, 177.614, 86.5563
0.123, 179.075, 87.2681
0.124, 180.537, 87.9798
0.125, 181.999, 88.6914
0.126, 183.46, 89.403
0.127, 184.921, 90.1145
0.128, 186.383, 90.826
0.129, 187.844, 91.5374
0.13, 189.305, 92.2487
0.131, 190.766, 92.96
0.132, 192.227, 93.6712
0.133, 193.687, 94.3824
0.134, 195.148, 95.0935
0.135, 196.608, 95.8046
0.136, 198.069, 96.5156
0.137, 199.529, 97.2265
0.138, 200.989, 97.9374
0.139, 202.45, 98.6482
0.14, 203.91, 99.359
0.141, 205.37, 100.07
0.142, 206.829, 100.78
0.143, 208.289, 101.491
0.144, 209.749, 102.201
0.145, 211.208, 102.912
0.146, 212.668, 103.622
0.147, 214.127, 104.333
0.148, 215.586, 105.043
0.149, 217.046, 105.753
0.15, 218.505, 106.463
0.151, 219.964, 107.173
0.152, 221.422, 107.884
0.153, 222.881, 108.594
0.154, 224.34, 109.304
0.155, 225.798, 110.013
0.156, 227.257, 110.723
0.157, 228.715, 111.433
0.158, 230.174, 112.143
0.159, 231.632, 112.852
0.16, 233.09, 113.562
0.161, 234.548, 114.272
0.162, 236.006, 114.981
0.163, 237.463, 115.69
0.164, 238.921, 116.4
0.165, 240.379, 117.109
0.166, 241.836, 117.818
0.167, 243.293, 118.528
0.168, 244.751, 119.237
0.169, 246.208, 119.946
0.17, 247.665, 120.655
0.171, 249.122, 121.364
0.172, 250.579, 122.073
0.173, 252.036, 122.781
0.174, 253.492, 123.49
0.175, 254.949, 124.199
0.176, 256.405, 124.908
0.177, 257.862, 125.616
0.178, 259.318, 126.325
0.179, 260.774, 127.033
0.18, 262.23, 127.742
0.181, 263.686, 128.45
0.182, 265.142, 129.158
0.183, 266.598, 129.867
0.184, 268.054, 130.575
0.185, 269.509, 131.283
0.186, 270.965, 131.991
0.187, 272.42, 132.699
0.188, 273.875, 133.407
0.189, 275.331, 134.115
0.19, 276.786, 134.823
0.191, 278.241, 135.531
0.192, 279.696, 136.239
0.193, 281.15, 136.946
0.194, 282.605, 137.654
0.195, 284.06, 138.361
0.196, 285.514, 139.069
0.197, 286.969, 139.776
0.198, 288.423, 140.484
0.199, 289.877, 141.191
0.2, 291.331, 141.898
0.201, 292.785, 142.606
0.202, 294.239, 143.313
0.203, 295.693, 144.02
0.204, 297.147, 144.727
0.205, 298.6, 145.434
0.206, 300.054, 146.141
0.207, 301.507, 146.848
0.208, 302.961, 147.555
0.209, 304.414, 148.261
0.21, 305.867, 148.968
0.211, 307.32, 149.675
0.212, 308.773, 150.381
0.213, 310.226, 151.088
0.214, 311.679, 151.794
0.215, 313.131, 152.501
0.216, 314.584, 153.207
0.217, 316.036, 153.914
0.218, 317.489, 154.62
0.219, 318.941, 155.326
0.22, 320.393, 156.032
0.221, 321.845, 156.738
0.222, 323.297, 157.444
0.223, 324.749, 158.15
0.224, 326.201, 158.856
0.225, 327.652, 159.562
0.226, 329.104, 160.268
0.227, 330.555, 160.973
0.228, 332.007, 161.679
0.229, 333.458, 162.385
0.23, 334.909, 163.09
0.231, 336.36, 163.796
0.232, 337.811, 164.501
0.233, 339.262, 165.207
0.234, 340.713, 165.912
0.235, 342.164, 166.617
0.236, 343.614, 167.323
0.237, 345.065, 168.028
0.238, 346.515, 168.733
0.239, 347.965, 169.438
0.24, 349.416, 170.143
0.241, 350.866, 170.848
0.242, 352.316, 171.553
0.243, 353.766, 172.257
0.244, 355.216, 172.962
0.245, 356.665, 173.667
0.246, 358.115, 174.372
0.247, 359.564, 175.076
0.248, 361.014, 175.781
0.249, 362.463, 176.485
0.25, 363.912, 177.19
0.251, 365.361, 177.894
0.252, 366.811, 178.598
0.253, 368.259, 179.303
0.254, 369.708, 180.007
0.255, 371.157, 180.711
0.256, 372.606, 181.415
0.257, 374.054, 182.119
0.258, 375.503, 182.823
0.259, 376.951, 183.527
0.26, 378.399, 184.231
0.261, 379.847, 184.934
0.262, 381.296, 185.638
0.263, 382.744, 186.342
0.264, 384.191, 187.046
0.265, 385.639, 187.749
0.266, 387.087, 188.453
0.267, 388.534, 189.156
0.268, 389.982, 189.859
0.269, 391.429, 190.563
0.27, 392.877, 191.266
0.271, 394.324, 191.969
0.272, 395.771, 192.672
0.273, 397.218, 193.376
0.274, 398.665, 194.079
0.275, 400.112, 194.782
0.276, 401.558, 195.485
0.277, 403.005, 196.187
0.278, 404.451, 196.89
0.279, 405.898, 197.593
0.28, 407.344, 198.296
0.281, 408.79, 198.998
0.282, 410.237, 199.701
0.283, 411.683, 200.404
0.284, 413.129, 201.106
0.285, 414.574, 201.808
0.286, 416.02, 202.511
0.287, 417.466, 203.213
0.288, 418.911, 203.915
0.289, 420.357, 204.618
0.29, 421.802, 205.32
0.291, 423.247, 206.022
0.292, 424.693, 206.724
0.293, 426.138, 207.426
0.294, 427.583, 208.128
0.295, 429.027, 208.83
0.296, 430.472, 209.531
0.297, 431.917, 210.233
0.298, 433.361, 210.935
0.299, 434.806, 211.637
0.3, 436.25, 212.338
0.301, 437.695, 213.04
0.302, 439.139, 213.741
0.303, 440.583, 214.443
0.304, 442.027, 215.144
0.305, 443.471, 215.845
0.306, 444.915, 216.546
0.307, 446.358, 217.248
0.308, 447.802, 217.949
0.309, 449.246, 218.65
0.31, 450.689, 219.351
0.311, 452.132, 220.052
0.312, 453.576, 220.753
0.313, 455.019, 221.454
0.314, 456.462, 222.154
0.315, 457.905, 222.855
0.316, 459.348, 223.556
0.317, 460.79, 224.256
0.318, 462.233, 224.957
0.319, 463.676, 225.657
0.32, 465.118, 226.358
0.321, 466.56, 227.058
0.322, 468.003, 227.759
0.323, 469.445, 228.459
0.324, 470.887, 229.159
0.325, 472.329, 229.859
0.326, 473.771, 230.559
0.327, 475.213, 231.259
0.328, 476.654, 231.959
0.329, 478.096, 232.659
0.33, 479.538, 233.359
0.331, 480.979, 234.059
0.332, 482.42, 234.759
0.333, 483.862, 235.459
0.334, 485.303, 236.158
0.335, 486.744, 236.858
0.336, 488.185, 237.557
0.337, 489.626, 238.257
0.338, 491.066, 238.956
0.339, 492.507, 239.656
0.34, 493.947, 240.355
0.341, 495.388, 241.054
0.342, 496.828, 241.754
0.343, 498.269, 242.453
0.344, 499.709, 243.152
0.345, 501.149, 243.851
0.346, 502.589, 244.55
0.347, 504.029, 245.249
0.348, 505.469, 245.948
0.349, 506.908, 246.646
0.35, 508.348, 247.345
0.351, 509.787, 248.044
0.352, 511.227, 248.743
0.353, 512.666, 249.441
0.354, 514.105, 250.14
0.355, 515.544, 250.838
0.356, 516.983, 251.537
0.357, 518.422, 252.235
0.358, 519.861, 252.933
0.359, 521.3, 253.632
0.36, 522.739, 254.33
0.361, 524.177, 255.028
0.362, 525.616, 255.726
0.363, 527.054, 256.424
0.364, 528.492, 257.122
0.365, 529.931, 257.82
0.366, 531.369, 258.518
0.367, 532.807, 259.216
0.368, 534.244, 259.913
0.369, 535.682, 260.611
0.37, 537.12, 261.309
0.371, 538.558, 262.006
0.372, 539.995, 262.704
0.373, 541.433, 263.401
0.374, 542.87, 264.099
0.375, 544.307, 264.796
0.376, 545.744, 265.494
0.377, 547.181, 266.191
0.378, 548.618, 266.888
0.379, 550.055, 267.585
0.38, 551.492, 268.282
0.381, 552.929, 268.979
0.382, 554.365, 269.676
0.383, 555.802, 270.373
0.384, 557.238, 271.07
0.385, 558.674, 271.767
0.386, 560.11, 272.464
0.387, 561.547, 273.16
0.388, 562.983, 273.857
0.389, 564.418, 274.554
0.39, 565.854, 275.25
0.391, 567.29, 275.947
0.392, 568.726, 276.643
0.393, 570.161, 277.339
0.394, 571.597, 278.036
0.395, 573.032, 278.732
0.396, 574.467, 279.428
0.397, 575.902, 280.124
0.398, 577.337, 280.82
0.399, 578.772, 281.516
0.4, 580.207, 282.212
0.401, 581.642, 282.908
0.402, 583.077, 283.604
0.403, 584.511, 284.3
0.404, 585.946, 284.996
0.405, 587.38, 285.691
0.406, 588.814, 286.387
0.407, 590.249, 287.083
0.408, 591.683, 287.778
0.409, 593.117, 288.474
0.41, 594.551, 289.169
0.411, 595.984, 289.864
0.412, 597.418, 290.56
0.413, 598.852, 291.255
0.414, 600.285, 291.95
0.415, 601.719, 292.645
0.416, 603.152, 293.34
0.417, 604.585, 294.035
0.418, 606.019, 294.73
0.419, 607.452, 295.425
0.42, 608.885, 296.12
0.421, 610.318, 296.815
0.422, 611.75, 297.51
0.423, 613.183, 298.204
0.424, 614.616, 298.899
0.425, 616.048, 299.594
0.426, 617.481, 300.288
0.427, 618.913, 300.983
0.428, 620.345, 301.677
0.429, 621.777, 302.371
0.43, 623.209, 303.066
0.431, 624.641, 303.76
0.432, 626.073, 304.454
0.433, 627.505, 305.148
0.434, 628.937, 305.842
0.435, 630.368, 306.537
0.436, 631.8, 307.231
0.437, 633.231, 307.924
0.438, 634.662, 308.618
0.439, 636.094, 309.312
0.44, 637.525, 310.006
0.441, 638.956, 310.7
0.442, 640.387, 311.393
0.443, 641.818, 312.087
0.444, 643.248, 312.78
0.445, 644.679, 313.474
0.446, 646.109, 314.167
0.447, 647.54, 314.861
0.448, 648.97, 315.554
0.449, 650.401, 316.247
0.45, 651.831, 316.94
0.451, 653.261, 317.634
0.452, 654.691, 318.327
0.453, 656.121, 319.02
0.454, 657.55, 319.713
0.455, 658.98, 320.406
0.456, 660.41, 321.099
0.457, 661.839, 321.791
0.458, 663.269, 322.484
0.459, 664.698, 323.177
0.46, 666.127, 323.87
0.461, 667.557, 324.562
0.462, 668.986, 325.255
0.463, 670.415, 325.947
0.464, 671.843, 326.64
0.465, 673.272, 327.332
0.466, 674.701, 328.024
0.467, 676.129, 328.717
0.468, 677.558, 329.409
0.469, 678.986, 330.101
0.47, 680.415, 330.793
0.471, 681.843, 331.485
0.472, 683.271, 332.177
0.473, 684.699, 332.869
0.474, 686.127, 333.561
0.475, 687.555, 334.253
0.476, 688.983, 334.945
0.477, 690.41, 335.636
0.478, 691.838, 336.328
0.479, 693.265, 337.02
0.48, 694.693, 337.711
0.481, 696.12, 338.403
0.482, 697.547, 339.094
0.483, 698.974, 339.786
0.484, 700.401, 340.477
0.485, 701.828, 341.168
0.486, 703.255, 341.859
0.487, 704.682, 342.551
0.488, 706.108, 343.242
0.489, 707.535, 343.933
0.49, 708.961, 344.624
0.491, 710.388, 345.315
0.492, 711.814, 346.006
0.493, 713.24, 346.697
0.494, 714.666, 347.387
0.495, 716.092, 348.078
0.496, 717.518, 348.769
0.497, 718.944, 349.459
0.498, 720.37, 350.15
0.499, 721.795, 350.841
0.5, 723.221, 351.531
0.501, 724.646, 352.221
0.502, 726.072, 352.912
0.503, 727.497, 353.602
0.504, 728.922, 354.292
0.505, 730.347, 354.983
0.506, 731.772, 355.673
0.507, 733.197, 356.363
0.508, 734.622, 357.053
0.509, 736.047, 357.743
0.51, 737.471, 358.433
0.511, 738.896, 359.123
0.512, 740.32, 359.812
0.513, 741.744, 360.502
0.514, 743.169, 361.192
0.515, 744.593, 361.881
0.516, 746.017, 362.571
0.517, 747.441, 363.261
0.518, 748.865, 363.95
0.519, 750.288, 364.64
0.52, 751.712, 365.329
0.521, 753.136, 366.018
0.522, 754.559, 366.708
0.523, 755.983, 367.397
0.524, 757.406, 368.086
0.525, 758.829, 368.775
0.526, 760.252, 369.464
0.527, 761.675, 370.153
0.528, 763.098, 370.842
0.529, 764.521, 371.531
0.53, 765.944, 372.22
0.531, 767.367, 372.909
0.532, 768.789, 373.597
0.533, 770.212, 374.286
0.534, 771.634, 374.975
0.535, 773.056, 375.663
0.536, 774.479, 376.352
0.537, 775.901, 377.04
0.538, 777.323, 377.728
0.539, 778.745, 378.417
0.54, 780.167, 379.105
0.541, 781.588, 379.793
0.542, 783.01, 380.482
0.543, 784.432, 381.17
0.544, 785.853, 381.858
0.545, 787.274, 382.546
0.546, 788.696, 383.234
0.547, 790.117, 383.922
0.548, 791.538, 384.61
0.549, 792.959, 385.297
0.55, 794.38, 385.985
0.551, 795.801, 386.673
0.552, 797.222, 387.36
0.553, 798.642, 388.048
0.554, 800.063, 388.736
0.555, 801.483, 389.423
0.556, 802.904, 390.11
0.557, 804.324, 390.798
0.558, 805.744, 391.485
0.559, 807.164, 392.172
0.56, 808.584, 392.86
0.561, 810.004, 393.547
0.562, 811.424, 394.234
0.563, 812.844, 394.921
0.564, 814.263, 395.608
0.565, 815.683, 396.295
0.566, 817.102, 396.982
0.567, 818.522, 397.669
0.568, 819.941, 398.355
0.569, 821.36, 399.042
0.57, 822.779, 399.729
0.571, 824.198, 400.415
0.572, 825.617, 401.102
0.573, 827.036, 401.788
0.574, 828.455, 402.475
0.575, 829.874, 403.161
0.576, 831.292, 403.848
0.577, 832.711, 404.534
0.578, 834.129, 405.22
0.579, 835.547, 405.906
0.58, 836.966, 406.593
0.581, 838.384, 407.279
0.582, 839.802, 407.965
0.583, 841.22, 408.651
0.584, 842.637, 409.337
0.585, 844.055, 410.022
0.586, 845.473, 410.708
0.587, 846.89, 411.394
0.588, 848.308, 412.08
0.589, 849.725, 412.765
0.59, 851.142, 413.451
0.591, 852.56, 414.136
0.592, 853.977, 414.822
0.593, 855.394, 415.507
0.594, 856.811, 416.193
0.595, 858.228, 416.878
0.596, 859.644, 417.563
0.597, 861.061, 418.249
0.598, 862.477, 418.934
0.599, 863.894, 419.619
0.6, 865.31, 420.304
0.601, 866.727, 420.989
0.602, 868.143, 421.674
0.603, 869.559, 422.359
0.604, 870.975, 423.044
0.605, 872.391, 423.728
0.606, 873.807, 424.413
0.607, 875.222, 425.098
0.608, 876.638, 425.782
0.609, 878.054, 426.467
0.61, 879.469, 427.152
0.611, 880.885, 427.836
0.612, 882.3, 428.52
0.613, 883.715, 429.205
0.614, 885.13, 429.889
0.615, 886.545, 430.573
0.616, 887.96, 431.258
0.617, 889.375, 431.942
0.618, 890.79, 432.626
0.619, 892.204, 433.31
0.62, 893.619, 433.994
0.621, 895.033, 434.678
0.622, 896.448, 435.362
0.623, 897.862, 436.045
0.624, 899.276, 436.729
0.625, 900.69, 437.413
0.626, 902.104, 438.097
0.627, 903.518, 438.78
0.628, 904.932, 439.464
0.629, 906.346, 440.147
0.63, 907.76, 440.831
0.631, 909.173, 441.514
0.632, 910.587, 442.198
0.633, 912, 442.881
0.634, 913.413, 443.564
0.635, 914.827, 444.247
0.636, 916.24, 444.93
0.637, 917.653, 445.613
0.638, 919.066, 446.297
0.639, 920.479, 446.979
0.64, 921.891, 447.662
0.641, 923.304, 448.345
0.642, 924.717, 449.028
0.643, 926.129, 449.711
0.644, 927.542, 450.394
0.645, 928.954, 451.076
0.646, 930.366, 451.759
0.647, 931.778, 452.441
0.648, 933.19, 453.124
0.649, 934.602, 453.806
0.65, 936.014, 454.489
0.651, 937.426, 455.171
0.652, 938.838, 455.853
0.653, 940.249, 456.536
0.654, 941.661, 457.218
0.655, 943.072, 457.9
0.656, 944.483, 458.582
0.657, 945.895, 459.264
0.658, 947.306, 459.946
0.659, 948.717, 460.628
0.66, 950.128, 461.31
0.661, 951.539, 461.991
0.662, 952.95, 462.673
0.663, 954.36, 463.355
0.664, 955.771, 464.037
0.665, 957.181, 464.718
0.666, 958.592, 465.4
0.667, 960.002, 466.081
0.668, 961.412, 466.763
0.669, 962.823, 467.444
0.67, 964.233, 468.125
0.671, 965.643, 468.807
0.672, 967.053, 469.488
0.673, 968.462, 470.169
0.674, 969.872, 470.85
0.675, 971.282, 471.531
0.676, 972.691, 472.212
0.677, 974.101, 472.893
0.678, 975.51, 473.574
0.679, 976.919, 474.255
0.68, 978.329, 474.936
0.681, 979.738, 475.616
0.682, 981.147, 476.297
0.683, 982.556, 476.978
0.684, 983.964, 477.658
0.685, 985.373, 478.339
0.686, 986.782, 479.019
0.687, 988.19, 479.7
0.688, 989.599, 480.38
0.689, 991.007, 481.06
0.69, 992.416, 481.741
0.691, 993.824, 482.421
0.692, 995.232, 483.101
0.693, 996.64, 483.781
0.694, 998.048, 484.461
0.695, 999.456, 485.141
0.696, 1000.86, 485.821
0.697, 1002.27, 486.501
0.698, 1003.68, 487.181
0.699, 1005.09, 487.861
0.7, 1006.49, 488.54
0.701, 1007.9, 489.22
0.702, 1009.31, 489.9
0.703, 1010.72, 490.579
0.704, 1012.12, 491.259
0.705, 1013.53, 491.938
0.706, 1014.94, 492.618
0.707, 1016.34, 493.297
0.708, 1017.75, 493.977
0.709, 1019.16, 494.656
0.71, 1020.56, 495.335
0.711, 1021.97, 496.014
0.712, 1023.38, 496.693
0.713, 1024.78, 497.372
0.714, 1026.19, 498.051
0.715, 1027.59, 498.73
0.716, 1029, 499.409
0.717, 1030.41, 500.088
0.718, 1031.81, 500.767
0.719, 1033.22, 501.446
0.72, 1034.62, 502.124
0.721, 1036.03, 502.803
0.722, 1037.43, 503.481
0.723, 1038.84, 504.16
0.724, 1040.24, 504.838
0.725, 1041.65, 505.517
0.726, 1043.05, 506.195
0.727, 1044.46, 506.874
0.728, 1045.86, 507.552
0.729, 1047.27, 508.23
0.73, 1048.67, 508.908
0.731, 1050.08, 509.586
0.732, 1051.48, 510.264
0.733, 1052.89, 510.942
0.734, 1054.29, 511.62
0.735, 1055.7, 512.298
0.736, 1057.1, 512.976
0.737, 1058.51, 513.654
0.738, 1059.91, 514.332
0.739, 1061.31, 515.009
0.74, 1062.72, 515.687
0.741, 1064.12, 516.365
0.742, 1065.52, 517.042
0.743, 1066.93, 517.72
0.744, 1068.33, 518.397
0.745, 1069.74, 519.074
0.746, 1071.14, 519.752
0.747, 1072.54, 520.429
0.748, 1073.94, 521.106
0.749, 1075.35, 521.783
0.75, 1076.75, 522.461
0.751, 1078.15, 523.138
0.752, 1079.56, 523.815
0.753, 1080.96, 524.492
0.754, 1082.36, 525.168
0.755, 1083.76, 525.845
0.756, 1085.17, 526.522
0.757, 1086.57, 527.199
0.758, 1087.97, 527.876
0.759, 1089.37, 528.552
0.76, 1090.78, 529.229
0.761, 1092.18, 529.905
0.762, 1093.58, 530.582
0.763, 1094.98, 531.258
0.764, 1096.38, 531.935
0.765, 1097.79, 532.611
0.766, 1099.19, 533.287
0.767, 1100.59, 533.963
0.768, 1101.99, 534.64
0.769, 1103.39, 535.316
0.77, 1104.79, 535.992
0.771, 1106.19, 536.668
0.772, 1107.59, 537.344
0.773, 1109, 538.02
0.774, 1110.4, 538.696
0.775, 1111.8, 539.371
0.776, 1113.2, 540.047
0.777, 1114.6, 540.723
0.778, 1116, 541.399
0.779, 1117.4, 542.074
0.78, 1118.8, 542.75
0.781, 1120.2, 543.425
0.782, 1121.6, 544.101
0.783, 1123, 544.776
0.784, 1124.4, 545.451
0.785, 1125.8, 546.127
0.786, 1127.2, 546.802
0.787, 1128.6, 547.477
0.788, 1130, 548.152
0.789, 1131.4, 548.827
0.79, 1132.8, 549.502
0.791, 1134.2, 550.177
0.792, 1135.6, 550.852
0.793, 1137, 551.527
0.794, 1138.4, 552.202
0.795, 1139.79, 552.877
0.796, 1141.19, 553.551
0.797, 1142.59, 554.226
0.798, 1143.99, 554.901
0.799, 1145.39, 555.575
0.8, 1146.79, 556.25
0.801, 1148.19, 556.924
0.802, 1149.59, 557.599
0.803, 1150.98, 558.273
0.804, 1152.38, 558.947
0.805, 1153.78, 559.622
0.806, 1155.18, 560.296
0.807, 1156.58, 560.97
0.808, 1157.97, 561.644
0.809, 1159.37, 562.318
0.81, 1160.77, 562.992
0.811, 1162.17, 563.666
0.812, 1163.56, 564.34
0.813, 1164.96, 565.014
0.814, 1166.36, 565.688
0.815, 1167.76, 566.361
0.816, 1169.15, 567.035
0.817, 1170.55, 567.709
0.818, 1171.95, 568.382
0.819, 1173.35, 569.056
0.82, 1174.74, 569.729
0.821, 1176.14, 570.403
0.822, 1177.54, 571.076
0.823, 1178.93, 571.749
0.824, 1180.33, 572.423
0.825, 1181.73, 573.096
0.826, 1183.12, 573.769
0.827, 1184.52, 574.442
0.828, 1185.91, 575.115
0.829, 1187.31, 575.788
0.83, 1188.71, 576.461
0.831, 1190.1, 577.134
0.832, 1191.5, 577.807
0.833, 1192.89, 578.48
0.834, 1194.29, 579.152
0.835, 1195.68, 579.825
0.836, 1197.08, 580.498
0.837, 1198.48, 581.17
0.838, 1199.87, 581.843
0.839, 1201.27, 582.515
0.84, 1202.66, 583.188
0.841, 1204.06, 583.86
0.842, 1205.45, 584.533
0.843, 1206.85, 585.205
0.844, 1208.24, 585.877
0.845, 1209.64, 586.549
0.846, 1211.03, 587.222
0.847, 1212.42, 587.894
0.848, 1213.82, 588.566
0.849, 1215.21, 589.238
0.85, 1216.61, 589.91
0.851, 1218, 590.581
0.852, 1219.4, 591.253
0.853, 1220.79, 591.925
0.854, 1222.18, 592.597
0.855, 1223.58, 593.268
0.856, 1224.97, 593.94
0.857, 1226.37, 594.612
0.858, 1227.76, 595.283
0.859, 1229.15, 595.955
0.86, 1230.55, 596.626
0.861, 1231.94, 597.297
0.862, 1233.33, 597.969
0.863, 1234.73, 598.64
0.864, 1236.12, 599.311
0.865, 1237.51, 599.982
0.866, 1238.9, 600.653
0.867, 1240.3, 601.325
0.868, 1241.69, 601.996
0.869, 1243.08, 602.667
0.87, 1244.47, 603.337
0.871, 1245.87, 604.008
0.872, 1247.26, 604.679
0.873, 1248.65, 605.35
0.874, 1250.04, 606.021
0.875, 1251.44, 606.691
0.876, 1252.83, 607.362
0.877, 1254.22, 608.032
0.878, 1255.61, 608.703
0.879, 1257, 609.373
0.88, 1258.4, 610.044
0.881, 1259.79, 610.714
0.882, 1261.18, 611.384
0.883, 1262.57, 612.055
0.884, 1263.96, 612.725
0.885, 1265.35, 613.395
0.886, 1266.74, 614.065
0.887, 1268.14, 614.735
0.888, 1269.53, 615.405
0.889, 1270.92, 616.075
0.89, 1272.31, 616.745
0.891, 1273.7, 617.415
0.892, 1275.09, 618.084
0.893, 1276.48, 618.754
0.894, 1277.87, 619.424
0.895, 1279.26, 620.093
0.896, 1280.65, 620.763
0.897, 1282.04, 621.433
0.898, 1283.43, 622.102
0.899, 1284.82, 622.771
0.9, 1286.21, 623.441
0.901, 1287.6, 624.11
0.902, 1288.99, 624.779
0.903, 1290.38, 625.449
0.904, 1291.77, 626.118
0.905, 1293.16, 626.787
0.906, 1294.55, 627.456
0.907, 1295.94, 628.125
0.908, 1297.33, 628.794
0.909, 1298.72, 629.463
0.91, 1300.11, 630.132
0.911, 1301.5, 630.801
0.912, 1302.88, 631.469
0.913, 1304.27, 632.138
0.914, 1305.66, 632.807
0.915, 1307.05, 633.475
0.916, 1308.44, 634.144
0.917, 1309.83, 634.812
0.918, 1311.22, 635.481
0.919, 1312.6, 636.149
0.92, 1313.99, 636.818
0.921, 1315.38, 637.486
0.922, 1316.77, 638.154
0.923, 1318.16, 638.822
0.924, 1319.55, 639.49
0.925, 1320.93, 640.159
0.926, 1322.32, 640.827
0.927, 1323.71, 641.495
0.928, 1325.1, 642.163
0.929, 1326.48, 642.83
0.93, 1327.87, 643.498
0.931, 1329.26, 644.166
0.932, 1330.65, 644.834
0.933, 1332.03, 645.502
0.934, 1333.42, 646.169
0.935, 1334.81, 646.837
0.936, 1336.19, 647.504
0.937, 1337.58, 648.172
0.938, 1338.97, 648.839
0.939, 1340.35, 649.507
0.94, 1341.74, 650.174
0.941, 1343.13, 650.841
0.942, 1344.51, 651.508
0.943, 1345.9, 652.176
0.944, 1347.29, 652.843
0.945, 1348.67, 653.51
0.946, 1350.06, 654.177
0.947, 1351.44, 654.844
0.948, 1352.83, 655.511
0.949, 1354.22, 656.178
0.95, 1355.6, 656.845
0.951, 1356.99, 657.511
0.952, 1358.37, 658.178
0.953, 1359.76, 658.845
0.954, 1361.14, 659.511
0.955, 1362.53, 660.178
0.956, 1363.91, 660.845
0.957, 1365.3, 661.511
0.958, 1366.68, 662.177
0.959, 1368.07, 662.844
0.96, 1369.45, 663.51
0.961, 1370.84, 664.176
0.962, 1372.22, 664.843
0.963, 1373.61, 665.509
0.964, 1374.99, 666.175
0.965, 1376.38, 666.841
0.966, 1377.76, 667.507
0.967, 1379.15, 668.173
0.968, 1380.53, 668.839
0.969, 1381.91, 669.505
0.97, 1383.3, 670.171
0.971, 1384.68, 670.836
0.972, 1386.07, 671.502
0.973, 1387.45, 672.168
0.974, 1388.83, 672.833
0.975, 1390.22, 673.499
0.976, 1391.6, 674.165
0.977, 1392.98, 674.83
0.978, 1394.37, 675.495
0.979, 1395.75, 676.161
0.98, 1397.13, 676.826
0.981, 1398.52, 677.491
0.982, 1399.9, 678.157
0.983, 1401.28, 678.822
0.984, 1402.67, 679.487
0.985, 1404.05, 680.152
0.986, 1405.43, 680.817
0.987, 1406.81, 681.482
0.988, 1408.2, 682.147
0.989, 1409.58, 682.812
0.99, 1410.96, 683.477
0.991, 1412.34, 684.141
0.992, 1413.73, 684.806
0.993, 1415.11, 685.471
0.994, 1416.49, 686.135
0.995, 1417.87, 686.8
0.996, 1419.25, 687.464
0.997, 1420.63, 688.129
0.998, 1422.02, 688.793
0.999, 1423.4, 689.458
1, 1424.78, 690.122
1.001, 1426.16, 690.786
1.002, 1427.54, 691.45
1.003, 1428.92, 692.115
1.004, 1430.3, 692.779
1.005, 1431.69, 693.443
1.006, 1433.07, 694.107
1.007, 1434.45, 694.771
1.008, 1435.83, 695.435
1.009, 1437.21, 696.099
1.01, 1438.59, 696.762
1.011, 1439.97, 697.426
1.012, 1441.35, 698.09
1.013, 1442.73, 698.753
1.014, 1444.11, 699.417
1.015, 1445.49, 700.081
1.016, 1446.87, 700.744
1.017, 1448.25, 701.408
1.018, 1449.63, 702.071
1.019, 1451.01, 702.734
1.02, 1452.39, 703.398
1.021, 1453.77, 704.061
1.022, 1455.15, 704.724
1.023, 1456.53, 705.387
1.024, 1457.91, 706.051
1.025, 1459.29, 706.714
1.026, 1460.67, 707.377
1.027, 1462.05, 708.04
1.028, 1463.43, 708.702
1.029, 1464.81, 709.365
1.03, 1466.19, 710.028
1.031, 1467.56, 710.691
1.032, 1468.94, 711.354
1.033, 1470.32, 712.016
1.034, 1471.7, 712.679
1.035, 1473.08, 713.341
1.036, 1474.46, 714.004
1.037, 1475.84, 714.666
1.038, 1477.21, 715.329
1.039, 1478.59, 715.991
1.04, 1479.97, 716.654
1.041, 1481.35, 717.316
1.042, 1482.73, 717.978
1.043, 1484.1, 718.64
1.044, 1485.48, 719.302
1.045, 1486.86, 719.964
1.046, 1488.24, 720.626
1.047, 1489.62, 721.288
1.048, 1490.99, 721.95
1.049, 1492.37, 722.612
1.05, 1493.75, 723.274
1.051, 1495.13, 723.936
1.052, 1496.5, 724.597
1.053, 1497.88, 725.259
1.054, 1499.26, 725.921
1.055, 1500.63, 726.582
1.056, 1502.01, 727.244
1.057, 1503.39, 727.905
1.058, 1504.76, 728.567
1.059, 1506.14, 729.228
1.06, 1507.52, 729.889
1.061, 1508.89, 730.551
1.062, 1510.27, 731.212
1.063, 1511.65, 731.873
1.064, 1513.02, 732.534
1.065, 1514.4, 733.195
1.066, 1515.77, 733.856
1.067, 1517.15, 734.517
1.068, 1518.53, 735.178
1.069, 1519.9, 735.839
1.07, 1521.28, 736.5
1.071, 1522.65, 737.161
1.072, 1524.03, 737.821
1.073, 1525.4, 738.482
1.074, 1526.78, 739.143
1.075, 1528.15, 739.803
1.076, 1529.53, 740.464
1.077, 1530.9, 741.124
1.078, 1532.28, 741.785
1.079, 1533.65, 742.445
1.08, 1535.03, 743.105
1.081, 1536.4, 743.766
1.082, 1537.78, 744.426
1.083, 1539.15, 745.086
1.084, 1540.53, 745.746
1.085, 1541.9, 746.406
1.086, 1543.28, 747.066
1.087, 1544.65, 747.726
1.088, 1546.03, 748.386
1.089, 1547.4, 749.046
1.09, 1548.77, 749.706
1.091, 1550.15, 750.366
1.092, 1551.52, 751.026
1.093, 1552.89, 751.685
1.094, 1554.27, 752.345
1.095, 1555.64, 753.004
1.096, 1557.02, 753.664
1.097, 1558.39, 754.323
1.098, 1559.76, 754.983
1.099, 1561.14, 755.642
1.1, 1562.51, 756.302
1.101, 1563.88, 756.961
1.102, 1565.25, 757.62
1.103, 1566.63, 758.279
1.104, 1568, 758.939
1.105, 1569.37, 759.598
1.106, 1570.75, 760.257
1.107, 1572.12, 760.916
1.108, 1573.49, 761.575
1.109, 1574.86, 762.234
1.11, 1576.24, 762.892
1.111, 1577.61, 763.551
1.112, 1578.98, 764.21
1.113, 1580.35, 764.869
1.114, 1581.72, 765.527
1.115, 1583.1, 766.186
1.116, 1584.47, 766.844
1.117, 1585.84, 767.503
1.118, 1587.21, 768.161
1.119, 1588.58, 768.82
1.12, 1589.96, 769.478
1.121, 1591.33, 770.136
1.122, 1592.7, 770.795
1.123, 1594.07, 771.453
1.124, 1595.44, 772.111
1.125, 1596.81, 772.769
1.126, 1598.18, 773.427
1.127, 1599.55, 774.085
1.128, 1600.92, 774.743
1.129, 1602.3, 775.401
1.13, 1603.67, 776.059
1.131, 1605.04, 776.717
1.132, 1606.41, 777.375
1.133, 1607.78, 778.032
1.134, 1609.15, 778.69
1.135, 1610.52, 779.348
1.136, 1611.89, 780.005
1.137, 1613.26, 780.663
1.138, 1614.63, 781.32
1.139, 1616, 781.978
1.14, 1617.37, 782.635
1.141, 1618.74, 783.292
1.142, 1620.11, 783.95
1.143, 1621.48, 784.607
1.144, 1622.85, 785.264
1.145, 1624.22, 785.921
1.146, 1625.59, 786.578
1.147, 1626.96, 787.235
1.148, 1628.33, 787.892
1.149, 1629.69, 788.549
1.15, 1631.06, 789.206
1.151, 1632.43, 789.863
1.152, 1633.8, 790.52
1.153, 1635.17, 791.176
1.154, 1636.54, 791.833
1.155, 1637.91, 792.49
1.156, 1639.28, 793.146
1.157, 1640.65, 793.803
1.158, 1642.01, 794.459
1.159, 1643.38, 795.116
1.16, 1644.75, 795.772
1.161, 1646.12, 796.429
1.162, 1647.49, 797.085
1.163, 1648.85, 797.741
1.164, 1650.22, 798.397
1.165, 1651.59, 799.053
1.166, 1652.96, 799.71
1.167, 1654.33, 800.366
1.168, 1655.69, 801.022
1.169, 1657.06, 801.678
1.17, 1658.43, 802.333
1.171, 1659.8, 802.989
1.172, 1661.16, 803.645
1.173, 1662.53, 804.301
1.174, 1663.9, 804.957
1.175, 1665.26, 805.612
1.176, 1666.63, 806.268
1.177, 1668, 806.923
1.178, 1669.37, 807.579
1.179, 1670.73, 808.234
1.18, 1672.1, 808.89
1.181, 1673.47, 809.545
1.182, 1674.83, 810.201
1.183, 1676.2, 810.856
1.184, 1677.56, 811.511
1.185, 1678.93, 812.166
1.186, 1680.3, 812.821
1.187, 1681.66, 813.476
1.188, 1683.03, 814.131
1.189, 1684.39, 814.786
1.19, 1685.76, 815.441
1.191, 1687.13, 816.096
1.192, 1688.49, 816.751
1.193, 1689.86, 817.406
1.194, 1691.22, 818.061
1.195, 1692.59, 818.715
1.196, 1693.95, 819.37
1.197, 1695.32, 820.025
1.198, 1696.68, 820.679
1.199, 1698.05, 821.334
1.2, 1699.41, 821.988
1.201, 1700.78, 822.642
1.202, 1702.14, 823.297
1.203, 1703.51, 823.951
1.204, 1704.87, 824.605
1.205, 1706.24, 825.26
1.206, 1707.6, 825.914
1.207, 1708.97, 826.568
1.208, 1710.33, 827.222
1.209, 1711.7, 827.876
1.21, 1713.06, 828.53
1.211, 1714.42, 829.184
1.212, 1715.79, 829.838
1.213, 1717.15, 830.491
1.214, 1718.52, 831.145
1.215, 1719.88, 831.799
1.216, 1721.24, 832.453
1.217, 1722.61, 833.106
1.218, 1723.97, 833.76
1.219, 1725.34, 834.413
1.22, 1726.7, 835.067
1.221, 1728.06, 835.72
1.222, 1729.43, 836.374
1.223, 1730.79, 837.027
1.224, 1732.15, 837.68
1.225, 1733.51, 838.333
1.226, 1734.88, 838.987
1.227, 1736.24, 839.64
1.228, 1737.6, 840.293
1.229, 1738.97, 840.946
1.23, 1740.33, 841.599
1.231, 1741.69, 842.252
1.232, 1743.05, 842.905
1.233, 1744.42, 843.558
1.234, 1745.78, 844.21
1.235, 1747.14, 844.863
1.236, 1748.5, 845.516
1.237, 1749.86, 846.169
1.238, 1751.23, 846.821
1.239, 1752.59, 847.474
1.24, 1753.95, 848.126
1.241, 1755.31, 848.779
1.242, 1756.67, 849.431
1.243, 1758.04, 850.083
1.244, 1759.4, 850.736
1.245, 1760.76, 851.388
1.246, 1762.12, 852.04
1.247, 1763.48, 852.692
1.248, 1764.84, 853.345
1.249, 1766.2, 853.997
1.25, 1767.56, 854.649
1.251, 1768.92, 855.301
1.252, 1770.29, 855.953
1.253, 1771.65, 856.604
1.254, 1773.01, 857.256
1.255, 1774.37, 857.908
1.256, 1775.73, 858.56
1.257, 1777.09, 859.212
1.258, 1778.45, 859.863
1.259, 1779.81, 860.515
1.26, 1781.17, 861.166
1.261, 1782.53, 861.818
1.262, 1783.89, 862.469
1.263, 1785.25, 863.121
1.264, 1786.61, 863.772
1.265, 1787.97, 864.423
1.266, 1789.33, 865.075
1.267, 1790.69, 865.726
1.268, 1792.05, 866.377
1.269, 1793.41, 867.028
1.27, 1794.77, 867.679
1.271, 1796.13, 868.33
1.272, 1797.49, 868.981
1.273, 1798.85, 869.632
1.274, 1800.2, 870.283
1.275, 1801.56, 870.934
1.276, 1802.92, 871.585
1.277, 1804.28, 872.235
1.278, 1805.64, 872.886
1.279, 1807, 873.537
1.28, 1808.36, 874.187
1.281, 1809.72, 874.838
1.282, 1811.07, 875.488
1.283, 1812.43, 876.139
1.284, 1813.79, 876.789
1.285, 1815.15, 877.439
1.286, 1816.51, 878.09
1.287, 1817.87, 878.74
1.288, 1819.22, 879.39
1.289, 1820.58, 880.04
1.29, 1821.94, 880.69
1.291, 1823.3, 881.341
1.292, 1824.65, 881.991
1.293, 1826.01, 882.641
1.294, 1827.37, 883.29
1.295, 1828.73, 883.94
1.296, 1830.08, 884.59
1.297, 1831.44, 885.24
1.298, 1832.8, 885.89
1.299, 1834.16, 886.539
1.3, 1835.51, 887.189
1.301, 1836.87, 887.839
1.302, 1838.23, 888.488
1.303, 1839.58, 889.138
1.304, 1840.94, 889.787
1.305, 1842.3, 890.436
1.306, 1843.65, 891.086
1.307, 1845.01, 891.735
1.308, 1846.37, 892.384
1.309, 1847.72, 893.033
1.31, 1849.08, 893.683
1.311, 1850.43, 894.332
1.312, 1851.79, 894.981
1.313, 1853.15, 895.63
1.314, 1854.5, 896.279
1.315, 1855.86, 896.928
1.316, 1857.21, 897.577
1.317, 1858.57, 898.225
1.318, 1859.93, 898.874
1.319, 1861.28, 899.523
1.32, 1862.64, 900.172
1.321, 1863.99, 900.82
1.322, 1865.35, 901.469
1.323, 1866.7, 902.117
1.324, 1868.06, 902.766
1.325, 1869.41, 903.414
1.326, 1870.77, 904.063
1.327, 1872.12, 904.711
1.328, 1873.48, 905.359
1.329, 1874.83, 906.007
1.33, 1876.19, 906.656
1.331, 1877.54, 907.304
1.332, 1878.9, 907.952
1.333, 1880.25, 908.6
1.334, 1881.6, 909.248
1.335, 1882.96, 909.896
1.336, 1884.31, 910.544
1.337, 1885.67, 911.192
1.338, 1887.02, 911.84
1.339, 1888.38, 912.487
1.34, 1889.73, 913.135
1.341, 1891.08, 913.783
1.342, 1892.44, 914.43
1.343, 1893.79, 915.078
1.344, 1895.14, 915.726
1.345, 1896.5, 916.373
1.346, 1897.85, 917.02
1.347, 1899.2, 917.668
1.348, 1900.56, 918.315
1.349, 1901.91, 918.962
1.35, 1903.26, 919.61
1.351, 1904.62, 920.257
1.352, 1905.97, 920.904
1.353, 1907.32, 921.551
1.354, 1908.67, 922.198
1.355, 1910.03, 922.845
1.356, 1911.38, 923.492
1.357, 1912.73, 924.139
1.358, 1914.09, 924.786
1.359, 1915.44, 925.433
1.36, 1916.79, 926.08
1.361, 1918.14, 926.726
1.362, 1919.49, 927.373
1.363, 1920.85, 928.02
1.364, 1922.2, 928.666
1.365, 1923.55, 929.313
1.366, 1924.9, 929.959
1.367, 1926.25, 930.606
1.368, 1927.61, 931.252
1.369, 1928.96, 931.899
1.37, 1930.31, 932.545
1.371, 1931.66, 933.191
1.372, 1933.01, 933.837
1.373, 1934.36, 934.483
1.374, 1935.71, 935.13
1.375, 1937.06, 935.776
1.376, 1938.42, 936.422
1.377, 1939.77, 937.068
1.378, 1941.12, 937.714
1.379, 1942.47, 938.359
1.38, 1943.82, 939.005
1.381, 1945.17, 939.651
1.382, 1946.52, 940.297
1.383, 1947.87, 940.942
1.384, 1949.22, 941.588
1.385, 1950.57, 942.234
1.386, 1951.92, 942.879
1.387, 1953.27, 943.525
1.388, 1954.62, 944.17
1.389, 1955.97, 944.816
1.39, 1957.32, 945.461
1.391, 1958.67, 946.106
1.392, 1960.02, 946.752
1.393, 1961.37, 947.397
1.394, 1962.72, 948.042
1.395, 1964.07, 948.687
1.396, 1965.42, 949.332
1.397, 1966.77, 949.977
1.398, 1968.12, 950.622
1.399, 1969.47, 951.267
1.4, 1970.82, 951.912
1.401, 1972.17, 952.557
1.402, 1973.52, 953.202
1.403, 1974.86, 953.846
1.404, 1976.21, 954.491
1.405, 1977.56, 955.136
1.406, 1978.91, 955.78
1.407, 1980.26, 956.425
1.408, 1981.61, 957.069
1.409, 1982.96, 957.714
1.41, 1984.3, 958.358
1.411, 1985.65, 959.003
1.412, 1987, 959.647
1.413, 1988.35, 960.291
1.414, 1989.7, 960.936
1.415, 1991.05, 961.58
1.416, 1992.39, 962.224
1.417, 1993.74, 962.868
1.418, 1995.09, 963.512
1.419, 1996.44, 964.156
1.42, 1997.78, 964.8
1.421, 1999.13, 965.444
1.422, 2000.48, 966.088
1.423, 2001.83, 966.731
1.424, 2003.17, 967.375
1.425, 2004.52, 968.019
1.426, 2005.87, 968.663
1.427, 2007.22, 969.306
1.428, 2008.56, 969.95
1.429, 2009.91, 970.593
1.43, 2011.26, 971.237
1.431, 2012.6, 971.88
1.432, 2013.95, 972.524
1.433, 2015.3, 973.167
1.434, 2016.64, 973.81
1.435, 2017.99, 974.454
1.436, 2019.34, 975.097
1.437, 2020.68, 975.74
1.438, 2022.03, 976.383
1.439, 2023.37, 977.026
1.44, 2024.72, 977.669
1.441, 2026.07, 978.312
1.442, 2027.41, 978.955
1.443, 2028.76, 979.598
1.444, 2030.1, 980.241
1.445, 2031.45, 980.883
1.446, 2032.8, 981.526
1.447, 2034.14, 982.169
1.448, 2035.49, 982.812
1.449, 2036.83, 983.454
1.45, 2038.18, 984.097
1.451, 2039.52, 984.739
1.452, 2040.87, 985.382
1.453, 2042.21, 986.024
1.454, 2043.56, 986.666
1.455, 2044.9, 987.309
1.456, 2046.25, 987.951
1.457, 2047.59, 988.593
1.458, 2048.94, 989.235
1.459, 2050.28, 989.877
1.46, 2051.63, 990.52
1.461, 2052.97, 991.162
1.462, 2054.31, 991.804
1.463, 2055.66, 992.446
1.464, 2057, 993.087
1.465, 2058.35, 993.729
1.466, 2059.69, 994.371
1.467, 2061.03, 995.013
1.468, 2062.38, 995.655
1.469, 2063.72, 996.296
1.47, 2065.07, 996.938
1.471, 2066.41, 997.579
1.472, 2067.75, 998.221
1.473, 2069.1, 998.862
1.474, 2070.44, 999.504
1.475, 2071.78, 1000.15
1.476, 2073.13, 1000.79
1.477, 2074.47, 1001.43
1.478, 2075.81, 1002.07
1.479, 2077.16, 1002.71
1.48, 2078.5, 1003.35
1.481, 2079.84, 1003.99
1.482, 2081.19, 1004.63
1.483, 2082.53, 1005.27
1.484, 2083.87, 1005.92
1.485, 2085.21, 1006.56
1.486, 2086.56, 1007.2
1.487, 2087.9, 1007.84
1.488, 2089.24, 1008.48
1.489, 2090.58, 1009.12
1.49, 2091.93, 1009.76
1.491, 2093.27, 1010.4
1.492, 2094.61, 1011.04
1.493, 2095.95, 1011.68
1.494, 2097.29, 1012.32
1.495, 2098.64, 1012.96
1.496, 2099.98, 1013.6
1.497, 2101.32, 1014.24
1.498, 2102.66, 1014.88
1.499, 2104, 1015.52
1.5, 2105.34, 1016.16
1.501, 2106.68, 1016.8
1.502, 2108.03, 1017.44
1.503, 2109.37, 1018.09
1.504, 2110.71, 1018.73
1.505, 2112.05, 1019.37
1.506, 2113.39, 1020.01
1.507, 2114.73, 1020.64
1.508, 2116.07, 1021.28
1.509, 2117.41, 1021.92
1.51, 2118.75, 1022.56
1.511, 2120.09, 1023.2
1.512, 2121.43, 1023.84
1.513, 2122.78, 1024.48
1.514, 2124.12, 1025.12
1.515, 2125.46, 1025.76
1.516, 2126.8, 1026.4
1.517, 2128.14, 1027.04
1.518, 2129.48, 1027.68
1.519, 2130.82, 1028.32
1.52, 2132.16, 1028.96
1.521, 2133.5, 1029.6
1.522, 2134.84, 1030.24
1.523, 2136.18, 1030.88
1.524, 2137.52, 1031.52
1.525, 2138.85, 1032.16
1.526, 2140.19, 1032.79
1.527, 2141.53, 1033.43
1.528, 2142.87, 1034.07
1.529, 2144.21, 1034.71
1.53, 2145.55, 1035.35
1.531, 2146.89, 1035.99
1.532, 2148.23, 1036.63
1.533, 2149.57, 1037.27
1.534, 2150.91, 1037.9
1.535, 2152.25, 1038.54
1.536, 2153.58, 1039.18
1.537, 2154.92, 1039.82
1.538, 2156.26, 1040.46
1.539, 2157.6, 1041.1
1.54, 2158.94, 1041.74
1.541, 2160.28, 1042.37
1.542, 2161.62, 1043.01
1.543, 2162.95, 1043.65
1.544, 2164.29, 1044.29
1.545, 2165.63, 1044.93
1.546, 2166.97, 1045.56
1.547, 2168.31, 1046.2
1.548, 2169.64, 1046.84
1.549, 2170.98, 1047.48
1.55, 2172.32, 1048.12
1.551, 2173.66, 1048.75
1.552, 2174.99, 1049.39
1.553, 2176.33, 1050.03
1.554, 2177.67, 1050.67
1.555, 2179.01, 1051.31
1.556, 2180.34, 1051.94
1.557, 2181.68, 1052.58
1.558, 2183.02, 1053.22
1.559, 2184.35, 1053.86
1.56, 2185.69, 1054.49
1.561, 2187.03, 1055.13
1.562, 2188.36, 1055.77
1.563, 2189.7, 1056.41
1.564, 2191.04, 1057.04
1.565, 2192.37, 1057.68
1.566, 2193.71, 1058.32
1.567, 2195.05, 1058.95
1.568, 2196.38, 1059.59
1.569, 2197.72, 1060.23
1.57, 2199.06, 1060.87
1.571, 2200.39, 1061.5
1.572, 2201.73, 1062.14
1.573, 2203.06, 1062.78
1.574, 2204.4, 1063.41
1.575, 2205.73, 1064.05
1.576, 2207.07, 1064.69
1.577, 2208.41, 1065.32
1.578, 2209.74, 1065.96
1.579, 2211.08, 1066.6
1.58, 2212.41, 1067.23
1.581, 2213.75, 1067.87
1.582, 2215.08, 1068.51
1.583, 2216.42, 1069.14
1.584, 2217.75, 1069.78
1.585, 2219.09, 1070.41
1.586, 2220.42, 1071.05
1.587, 2221.76, 1071.69
1.588, 2223.09, 1072.32
1.589, 2224.43, 1072.96
1.59, 2225.76, 1073.6
1.591, 2227.1, 1074.23
1.592, 2228.43, 1074.87
1.593, 2229.77, 1075.5
1.594, 2231.1, 1076.14
1.595, 2232.43, 1076.78
1.596, 2233.77, 1077.41
1.597, 2235.1, 1078.05
1.598, 2236.44, 1078.68
1.599, 2237.77, 1079.32
1.6, 2239.1, 1079.95
1.601, 2240.44, 1080.59
1.602, 2241.77, 1081.23
1.603, 2243.11, 1081.86
1.604, 2244.44, 1082.5
1.605, 2245.77, 1083.13
1.606, 2247.11, 1083.77
1.607, 2248.44, 1084.4
1.608, 2249.77, 1085.04
1.609, 2251.11, 1085.67
1.61, 2252.44, 1086.31
1.611, 2253.77, 1086.94
1.612, 2255.1, 1087.58
1.613, 2256.44, 1088.21
1.614, 2257.77, 1088.85
1.615, 2259.1, 1089.48
1.616, 2260.44, 1090.12
1.617, 2261.77, 1090.75
1.618, 2263.1, 1091.39
1.619, 2264.43, 1092.02
1.62, 2265.77, 1092.66
1.621, 2267.1, 1093.29
1.622, 2268.43, 1093.93
1.623, 2269.76, 1094.56
1.624, 2271.09, 1095.2
1.625, 2272.43, 1095.83
1.626, 2273.76, 1096.46
1.627, 2275.09, 1097.1
1.628, 2276.42, 1097.73
1.629, 2277.75, 1098.37
1.63, 2279.08, 1099
1.631, 2280.42, 1099.64
1.632, 2281.75, 1100.27
1.633, 2283.08, 1100.9
1.634, 2284.41, 1101.54
1.635, 2285.74, 1102.17
1.636, 2287.07, 1102.81
1.637, 2288.4, 1103.44
1.638, 2289.74, 1104.07
1.639, 2291.07, 1104.71
1.64, 2292.4, 1105.34
1.641, 2293.73, 1105.98
1.642, 2295.06, 1106.61
1.643, 2296.39, 1107.24
1.644, 2297.72, 1107.88
1.645, 2299.05, 1108.51
1.646, 2300.38, 1109.14
1.647, 2301.71, 1109.78
1.648, 2303.04, 1110.41
1.649, 2304.37, 1111.04
1.65, 2305.7, 1111.68
1.651, 2307.03, 1112.31
1.652, 2308.36, 1112.94
1.653, 2309.69, 1113.58
1.654, 2311.02, 1114.21
1.655, 2312.35, 1114.84
1.656, 2313.68, 1115.48
1.657, 2315.01, 1116.11
1.658, 2316.34, 1116.74
1.659, 2317.67, 1117.38
1.66, 2319, 1118.01
1.661, 2320.33, 1118.64
1.662, 2321.66, 1119.27
1.663, 2322.99, 1119.91
1.664, 2324.32, 1120.54
1.665, 2325.64, 1121.17
1.666, 2326.97, 1121.8
1.667, 2328.3, 1122.44
1.668, 2329.63, 1123.07
1.669, 2330.96, 1123.7
1.67, 2332.29, 1124.33
1.671, 2333.62, 1124.97
1.672, 2334.95, 1125.6
1.673, 2336.27, 1126.23
1.674, 2337.6, 1126.86
1.675, 2338.93, 1127.5
1.676, 2340.26, 1128.13
1.677, 2341.59, 1128.76
1.678, 2342.91, 1129.39
1.679, 2344.24, 1130.02
1.68, 2345.57, 1130.66
1.681, 2346.9, 1131.29
1.682, 2348.23, 1131.92
1.683, 2349.55, 1132.55
1.684, 2350.88, 1133.18
1.685, 2352.21, 1133.82
1.686, 2353.54, 1134.45
1.687, 2354.86, 1135.08
1.688, 2356.19, 1135.71
1.689, 2357.52, 1136.34
1.69, 2358.85, 1136.97
1.691, 2360.17, 1137.61
1.692, 2361.5, 1138.24
1.693, 2362.83, 1138.87
1.694, 2364.15, 1139.5
1.695, 2365.48, 1140.13
1.696, 2366.81, 1140.76
1.697, 2368.13, 1141.39
1.698, 2369.46, 1142.03
1.699, 2370.79, 1142.66
1.7, 2372.11, 1143.29
1.701, 2373.44, 1143.92
1.702, 2374.77, 1144.55
1.703, 2376.09, 1145.18
1.704, 2377.42, 1145.81
1.705, 2378.74, 1146.44
1.706, 2380.07, 1147.07
1.707, 2381.4, 1147.7
1.708, 2382.72, 1148.33
1.709, 2384.05, 1148.97
1.71, 2385.37, 1149.6
1.711, 2386.7, 1150.23
1.712, 2388.02, 1150.86
1.713, 2389.35, 1151.49
1.714, 2390.68, 1152.12
1.715, 2392, 1152.75
1.716, 2393.33, 1153.38
1.717, 2394.65, 1154.01
1.718, 2395.98, 1154.64
1.719, 2397.3, 1155.27
1.72, 2398.63, 1155.9
1.721, 2399.95, 1156.53
1.722, 2401.28, 1157.16
1.723, 2402.6, 1157.79
1.724, 2403.93, 1158.42
1.725, 2405.25, 1159.05
1.726, 2406.57, 1159.68
1.727, 2407.9, 1160.31
1.728, 2409.22, 1160.94
1.729, 2410.55, 1161.57
1.73, 2411.87, 1162.2
1.731, 2413.2, 1162.83
1.732, 2414.52, 1163.46
1.733, 2415.84, 1164.09
1.734, 2417.17, 1164.72
1.735, 2418.49, 1165.35
1.736, 2419.82, 1165.98
1.737, 2421.14, 1166.61
1.738, 2422.46, 1167.24
1.739, 2423.79, 1167.87
1.74, 2425.11, 1168.49
1.741, 2426.43, 1169.12
1.742, 2427.76, 1169.75
1.743, 2429.08, 1170.38
1.744, 2430.4, 1171.01
1.745, 2431.73, 1171.64
1.746, 2433.05, 1172.27
1.747, 2434.37, 1172.9
1.748, 2435.69, 1173.53
1.749, 2437.02, 1174.16
1.75, 2438.34, 1174.79
1.751, 2439.66, 1175.41
1.752, 2440.99, 1176.04
1.753, 2442.31, 1176.67
1.754, 2443.63, 1177.3
1.755, 2444.95, 1177.93
1.756, 2446.28, 1178.56
1.757, 2447.6, 1179.19
1.758, 2448.92, 1179.81
1.759, 2450.24, 1180.44
1.76, 2451.56, 1181.07
1.761, 2452.89, 1181.7
1.762, 2454.21, 1182.33
1.763, 2455.53, 1182.96
1.764, 2456.85, 1183.58
1.765, 2458.17, 1184.21
1.766, 2459.49, 1184.84
1.767, 2460.82, 1185.47
1.768, 2462.14, 1186.1
1.769, 2463.46, 1186.73
1.77, 2464.78, 1187.35
1.771, 2466.1, 1187.98
1.772, 2467.42, 1188.61
1.773, 2468.74, 1189.24
1.774, 2470.06, 1189.86
1.775, 2471.38, 1190.49
1.776, 2472.71, 1191.12
1.777, 2474.03, 1191.75
1.778, 2475.35, 1192.38
1.779, 2476.67, 1193
1.78, 2477.99, 1193.63
1.781, 2479.31, 1194.26
1.782, 2480.63, 1194.89
1.783, 2481.95, 1195.51
1.784, 2483.27, 1196.14
1.785, 2484.59, 1196.77
1.786, 2485.91, 1197.39
1.787, 2487.23, 1198.02
1.788, 2488.55, 1198.65
1.789, 2489.87, 1199.28
1.79, 2491.19, 1199.9
1.791, 2492.51, 1200.53
1.792, 2493.83, 1201.16
1.793, 2495.15, 1201.78
1.794, 2496.47, 1202.41
1.795, 2497.79, 1203.04
1.796, 2499.11, 1203.66
1.797, 2500.43, 1204.29
1.798, 2501.75, 1204.92
1.799, 2503.07, 1205.54
1.8, 2504.38, 1206.17
1.801, 2505.7, 1206.8
1.802, 2507.02, 1207.42
1.803, 2508.34, 1208.05
1.804, 2509.66, 1208.68
1.805, 2510.98, 1209.3
1.806, 2512.3, 1209.93
1.807, 2513.62, 1210.56
1.808, 2514.93, 1211.18
1.809, 2516.25, 1211.81
1.81, 2517.57, 1212.44
1.811, 2518.89, 1213.06
1.812, 2520.21, 1213.69
1.813, 2521.53, 1214.31
1.814, 2522.84, 1214.94
1.815, 2524.16, 1215.57
1.816, 2525.48, 1216.19
1.817, 2526.8, 1216.82
1.818, 2528.12, 1217.44
1.819, 2529.43, 1218.07
1.82, 2530.75, 1218.69
1.821, 2532.07, 1219.32
1.822, 2533.39, 1219.95
1.823, 2534.7, 1220.57
1.824, 2536.02, 1221.2
1.825, 2537.34, 1221.82
1.826, 2538.66, 1222.45
1.827, 2539.97, 1223.07
1.828, 2541.29, 1223.7
1.829, 2542.61, 1224.32
1.83, 2543.92, 1224.95
1.831, 2545.24, 1225.58
1.832, 2546.56, 1226.2
1.833, 2547.87, 1226.83
1.834, 2549.19, 1227.45
1.835, 2550.51, 1228.08
1.836, 2551.82, 1228.7
1.837, 2553.14, 1229.33
1.838, 2554.46, 1229.95
1.839, 2555.77, 1230.58
1.84, 2557.09, 1231.2
1.841, 2558.4, 1231.83
1.842, 2559.72, 1232.45
1.843, 2561.04, 1233.08
1.844, 2562.35, 1233.7
1.845, 2563.67, 1234.32
1.846, 2564.98, 1234.95
1.847, 2566.3, 1235.57
1.848, 2567.62, 1236.2
1.849, 2568.93, 1236.82
1.85, 2570.25, 1237.45
1.851, 2571.56, 1238.07
1.852, 2572.88, 1238.7
1.853, 2574.19, 1239.32
1.854, 2575.51, 1239.94
1.855, 2576.82, 1240.57
1.856, 2578.14, 1241.19
1.857, 2579.45, 1241.82
1.858, 2580.77, 1242.44
1.859, 2582.08, 1243.07
1.86, 2583.4, 1243.69
1.861, 2584.71, 1244.31
1.862, 2586.03, 1244.94
1.863, 2587.34, 1245.56
1.864, 2588.66, 1246.18
1.865, 2589.97, 1246.81
1.866, 2591.28, 1247.43
1.867, 2592.6, 1248.06
1.868, 2593.91, 1248.68
1.869, 2595.23, 1249.3
1.87, 2596.54, 1249.93
1.871, 2597.86, 1250.55
1.872, 2599.17, 1251.17
1.873, 2600.48, 1251.8
1.874, 2601.8, 1252.42
1.875, 2603.11, 1253.04
1.876, 2604.42, 1253.67
1.877, 2605.74, 1254.29
1.878, 2607.05, 1254.91
1.879, 2608.36, 1255.54
1.88, 2609.68, 1256.16
1.881, 2610.99, 1256.78
1.882, 2612.3, 1257.41
1.883, 2613.62, 1258.03
1.884, 2614.93, 1258.65
1.885, 2616.24, 1259.27
1.886, 2617.56, 1259.9
1.887, 2618.87, 1260.52
1.888, 2620.18, 1261.14
1.889, 2621.49, 1261.77
1.89, 2622.81, 1262.39
1.891, 2624.12, 1263.01
1.892, 2625.43, 1263.63
1.893, 2626.74, 1264.26
1.894, 2628.06, 1264.88
1.895, 2629.37, 1265.5
1.896, 2630.68, 1266.12
1.897, 2631.99, 1266.75
1.898, 2633.31, 1267.37
1.899, 2634.62, 1267.99
1.9, 2635.93, 1268.61
1.901, 2637.24, 1269.24
1.902, 2638.55, 1269.86
1.903, 2639.87, 1270.48
1.904, 2641.18, 1271.1
1.905, 2642.49, 1271.72
1.906, 2643.8, 1272.35
1.907, 2645.11, 1272.97
1.908, 2646.42, 1273.59
1.909, 2647.73, 1274.21
1.91, 2649.04, 1274.83
1.911, 2650.36, 1275.45
1.912, 2651.67, 1276.08
1.913, 2652.98, 1276.7
1.914, 2654.29, 1277.32
1.915, 2655.6, 1277.94
1.916, 2656.91, 1278.56
1.917, 2658.22, 1279.18
1.918, 2659.53, 1279.81
1.919, 2660.84, 1280.43
1.92, 2662.15, 1281.05
1.921, 2663.46, 1281.67
1.922, 2664.77, 1282.29
1.923, 2666.08, 1282.91
1.924, 2667.39, 1283.53
1.925, 2668.7, 1284.15
1.926, 2670.01, 1284.78
1.927, 2671.32, 1285.4
1.928, 2672.63, 1286.02
1.929, 2673.94, 1286.64
1.93, 2675.25, 1287.26
1.931, 2676.56, 1287.88
1.932, 2677.87, 1288.5
1.933, 2679.18, 1289.12
1.934, 2680.49, 1289.74
1.935, 2681.8, 1290.36
1.936, 2683.11, 1290.98
1.937, 2684.42, 1291.61
1.938, 2685.73, 1292.23
1.939, 2687.04, 1292.85
1.94, 2688.35, 1293.47
1.941, 2689.66, 1294.09
1.942, 2690.97, 1294.71
1.943, 2692.27, 1295.33
1.944, 2693.58, 1295.95
1.945, 2694.89, 1296.57
1.946, 2696.2, 1297.19
1.947, 2697.51, 1297.81
1.948, 2698.82, 1298.43
1.949, 2700.13, 1299.05
1.95, 2701.43, 1299.67
1.951, 2702.74, 1300.29
1.952, 2704.05, 1300.91
1.953, 2705.36, 1301.53
1.954, 2706.67, 1302.15
1.955, 2707.98, 1302.77
1.956, 2709.28, 1303.39
1.957, 2710.59, 1304.01
1.958, 2711.9, 1304.63
1.959, 2713.21, 1305.25
1.96, 2714.51, 1305.87
1.961, 2715.82, 1306.49
1.962, 2717.13, 1307.11
1.963, 2718.44, 1307.73
1.964, 2719.74, 1308.35
1.965, 2721.05, 1308.97
1.966, 2722.36, 1309.58
1.967, 2723.67, 1310.2
1.968, 2724.97, 1310.82
1.969, 2726.28, 1311.44
1.97, 2727.59, 1312.06
1.971, 2728.89, 1312.68
1.972, 2730.2, 1313.3
1.973, 2731.51, 1313.92
1.974, 2732.81, 1314.54
1.975, 2734.12, 1315.16
1.976, 2735.43, 1315.78
1.977, 2736.73, 1316.4
1.978, 2738.04, 1317.01
1.979, 2739.35, 1317.63
1.98, 2740.65, 1318.25
1.981, 2741.96, 1318.87
1.982, 2743.26, 1319.49
1.983, 2744.57, 1320.11
1.984, 2745.88, 1320.73
1.985, 2747.18, 1321.34
1.986, 2748.49, 1321.96
1.987, 2749.79, 1322.58
1.988, 2751.1, 1323.2
1.989, 2752.41, 1323.82
1.99, 2753.71, 1324.44
1.991, 2755.02, 1325.06
1.992, 2756.32, 1325.67
1.993, 2757.63, 1326.29
1.994, 2758.93, 1326.91
1.995, 2760.24, 1327.53
1.996, 2761.54, 1328.15
1.997, 2762.85, 1328.76
1.998, 2764.15, 1329.38
1.999, 2765.46, 1330
2, 2766.76, 1330.62
2.001, 2768.07, 1331.24
2.002, 2769.37, 1331.85
2.003, 2770.68, 1332.47
2.004, 2771.98, 1333.09
2.005, 2773.29, 1333.71
2.006, 2774.59, 1334.32
2.007, 2775.89, 1334.94
2.008, 2777.2, 1335.56
2.009, 2778.5, 1336.18
2.01, 2779.81, 1336.79
2.011, 2781.11, 1337.41
2.012, 2782.42, 1338.03
2.013, 2783.72, 1338.65
2.014, 2785.02, 1339.26
2.015, 2786.33, 1339.88
2.016, 2787.63, 1340.5
2.017, 2788.93, 1341.12
2.018, 2790.24, 1341.73
2.019, 2791.54, 1342.35
2.02, 2792.84, 1342.97
2.021, 2794.15, 1343.58
2.022, 2795.45, 1344.2
2.023, 2796.75, 1344.82
2.024, 2798.06, 1345.44
2.025, 2799.36, 1346.05
2.026, 2800.66, 1346.67
2.027, 2801.97, 1347.29
2.028, 2803.27, 1347.9
2.029, 2804.57, 1348.52
2.03, 2805.88, 1349.14
2.031, 2807.18, 1349.75
2.032, 2808.48, 1350.37
2.033, 2809.78, 1350.99
2.034, 2811.09, 1351.6
2.035, 2812.39, 1352.22
2.036, 2813.69, 1352.83
2.037, 2814.99, 1353.45
2.038, 2816.29, 1354.07
2.039, 2817.6, 1354.68
2.04, 2818.9, 1355.3
2.041, 2820.2, 1355.92
2.042, 2821.5, 1356.53
2.043, 2822.8, 1357.15
2.044, 2824.11, 1357.76
2.045, 2825.41, 1358.38
2.046, 2826.71, 1359
2.047, 2828.01, 1359.61
2.048, 2829.31, 1360.23
2.049, 2830.61, 1360.84
2.05, 2831.92, 1361.46
2.051, 2833.22, 1362.07
2.052, 2834.52, 1362.69
2.053, 2835.82, 1363.31
2.054, 2837.12, 1363.92
2.055, 2838.42, 1364.54
2.056, 2839.72, 1365.15
2.057, 2841.02, 1365.77
2.058, 2842.32, 1366.38
2.059, 2843.62, 1367
2.06, 2844.93, 1367.61
2.061, 2846.23, 1368.23
2.062, 2847.53, 1368.84
2.063, 2848.83, 1369.46
2.064, 2850.13, 1370.08
2.065, 2851.43, 1370.69
2.066, 2852.73, 1371.31
2.067, 2854.03, 1371.92
2.068, 2855.33, 1372.54
2.069, 2856.63, 1373.15
2.07, 2857.93, 1373.77
2.071, 2859.23, 1374.38
2.072, 2860.53, 1375
2.073, 2861.83, 1375.61
2.074, 2863.13, 1376.22
2.075, 2864.43, 1376.84
2.076, 2865.73, 1377.45
2.077, 2867.03, 1378.07
2.078, 2868.33, 1378.68
2.079, 2869.62, 1379.3
2.08, 2870.92, 1379.91
2.081, 2872.22, 1380.53
2.082, 2873.52, 1381.14
2.083, 2874.82, 1381.76
2.084, 2876.12, 1382.37
2.085, 2877.42, 1382.98
2.086, 2878.72, 1383.6
2.087, 2880.02, 1384.21
2.088, 2881.32, 1384.83
2.089, 2882.61, 1385.44
2.09, 2883.91, 1386.05
2.091, 2885.21, 1386.67
2.092, 2886.51, 1387.28
2.093, 2887.81, 1387.9
2.094, 2889.11, 1388.51
2.095, 2890.4, 1389.12
2.096, 2891.7, 1389.74
2.097, 2893, 1390.35
2.098, 2894.3, 1390.97
2.099, 2895.6, 1391.58
2.1, 2896.89, 1392.19
2.101, 2898.19, 1392.81
2.102, 2899.49, 1393.42
2.103, 2900.79, 1394.03
2.104, 2902.09, 1394.65
2.105, 2903.38, 1395.26
2.106, 2904.68, 1395.87
2.107, 2905.98, 1396.49
2.108, 2907.28, 1397.1
2.109, 2908.57, 1397.71
2.11, 2909.87, 1398.33
2.111, 2911.17, 1398.94
2.112, 2912.46, 1399.55
2.113, 2913.76, 1400.17
2.114, 2915.06, 1400.78
2.115, 2916.35, 1401.39
2.116, 2917.65, 1402.01
2.117, 2918.95, 1402.62
2.118, 2920.24, 1403.23
2.119, 2921.54, 1403.84
2.12, 2922.84, 1404.46
2.121, 2924.13, 1405.07
2.122, 2925.43, 1405.68
2.123, 2926.73, 1406.3
2.124, 2928.02, 1406.91
2.125, 2929.32, 1407.52
2.126, 2930.62, 1408.13
2.127, 2931.91, 1408.75
2.128, 2933.21, 1409.36
2.129, 2934.5, 1409.97
2.13, 2935.8, 1410.58
2.131, 2937.1, 1411.2
2.132, 2938.39, 1411.81
2.133, 2939.69, 1412.42
2.134, 2940.98, 1413.03
2.135, 2942.28, 1413.64
2.136, 2943.57, 1414.26
2.137, 2944.87, 1414.87
2.138, 2946.16, 1415.48
2.139, 2947.46, 1416.09
2.14, 2948.75, 1416.7
2.141, 2950.05, 1417.32
2.142, 2951.34, 1417.93
2.143, 2952.64, 1418.54
2.144, 2953.93, 1419.15
2.145, 2955.23, 1419.76
2.146, 2956.52, 1420.38
2.147, 2957.82, 1420.99
2.148, 2959.11, 1421.6
2.149, 2960.41, 1422.21
2.15, 2961.7, 1422.82
2.151, 2963, 1423.43
2.152, 2964.29, 1424.04
2.153, 2965.58, 1424.66
2.154, 2966.88, 1425.27
2.155, 2968.17, 1425.88
2.156, 2969.47, 1426.49
2.157, 2970.76, 1427.1
2.158, 2972.05, 1427.71
2.159, 2973.35, 1428.32
2.16, 2974.64, 1428.93
2.161, 2975.94, 1429.55
2.162, 2977.23, 1430.16
2.163, 2978.52, 1430.77
2.164, 2979.82, 1431.38
2.165, 2981.11, 1431.99
2.166, 2982.4, 1432.6
2.167, 2983.7, 1433.21
2.168, 2984.99, 1433.82
2.169, 2986.28, 1434.43
2.17, 2987.58, 1435.04
2.171, 2988.87, 1435.65
2.172, 2990.16, 1436.26
2.173, 2991.46, 1436.88
2.174, 2992.75, 1437.49
2.175, 2994.04, 1438.1
2.176, 2995.33, 1438.71
2.177, 2996.63, 1439.32
2.178, 2997.92, 1439.93
2.179, 2999.21, 1440.54
2.18, 3000.5, 1441.15
2.181, 3001.8, 1441.76
2.182, 3003.09, 1442.37
2.183, 3004.38, 1442.98
2.184, 3005.67, 1443.59
2.185, 3006.96, 1444.2
2.186, 3008.26, 1444.81
2.187, 3009.55, 1445.42
2.188, 3010.84, 1446.03
2.189, 3012.13, 1446.64
2.19, 3013.42, 1447.25
2.191, 3014.72, 1447.86
2.192, 3016.01, 1448.47
2.193, 3017.3, 1449.08
2.194, 3018.59, 1449.69
2.195, 3019.88, 1450.3
2.196, 3021.17, 1450.91
2.197, 3022.46, 1451.52
2.198, 3023.76, 1452.13
2.199, 3025.05, 1452.74
2.2, 3026.34, 1453.34
2.201, 3027.63, 1453.95
2.202, 3028.92, 1454.56
2.203, 3030.21, 1455.17
2.204, 3031.5, 1455.78
2.205, 3032.79, 1456.39
2.206, 3034.08, 1457
2.207, 3035.37, 1457.61
2.208, 3036.66, 1458.22
2.209, 3037.95, 1458.83
2.21, 3039.24, 1459.44
2.211, 3040.53, 1460.05
2.212, 3041.83, 1460.65
2.213, 3043.12, 1461.26
2.214, 3044.41, 1461.87
2.215, 3045.7, 1462.48
2.216, 3046.99, 1463.09
2.217, 3048.28, 1463.7
2.218, 3049.57, 1464.31
2.219, 3050.85, 1464.92
2.22, 3052.14, 1465.52
2.221, 3053.43, 1466.13
2.222, 3054.72, 1466.74
2.223, 3056.01, 1467.35
2.224, 3057.3, 1467.96
2.225, 3058.59, 1468.57
2.226, 3059.88, 1469.18
2.227, 3061.17, 1469.78
2.228, 3062.46, 1470.39
2.229, 3063.75, 1471
2.23, 3065.04, 1471.61
2.231, 3066.33, 1472.22
2.232, 3067.62, 1472.82
2.233, 3068.9, 1473.43
2.234, 3070.19, 1474.04
2.235, 3071.48, 1474.65
2.236, 3072.77, 1475.26
2.237, 3074.06, 1475.86
2.238, 3075.35, 1476.47
2.239, 3076.64, 1477.08
2.24, 3077.92, 1477.69
2.241, 3079.21, 1478.3
2.242, 3080.5, 1478.9
2.243, 3081.79, 1479.51
2.244, 3083.08, 1480.12
2.245, 3084.37, 1480.73
2.246, 3085.65, 1481.33
2.247, 3086.94, 1481.94
2.248, 3088.23, 1482.55
2.249, 3089.52, 1483.16
2.25, 3090.8, 1483.76
2.251, 3092.09, 1484.37
2.252, 3093.38, 1484.98
2.253, 3094.67, 1485.59
2.254, 3095.95, 1486.19
2.255, 3097.24, 1486.8
2.256, 3098.53, 1487.41
2.257, 3099.82, 1488.01
2.258, 3101.1, 1488.62
2.259, 3102.39, 1489.23
2.26, 3103.68, 1489.83
2.261, 3104.96, 1490.44
2.262, 3106.25, 1491.05
2.263, 3107.54, 1491.66
2.264, 3108.83, 1492.26
2.265, 3110.11, 1492.87
2.266, 3111.4, 1493.48
2.267, 3112.69, 1494.08
2.268, 3113.97, 1494.69
2.269, 3115.26, 1495.3
2.27, 3116.54, 1495.9
2.271, 3117.83, 1496.51
2.272, 3119.12, 1497.11
2.273, 3120.4, 1497.72
2.274, 3121.69, 1498.33
2.275, 3122.97, 1498.93
2.276, 3124.26, 1499.54
2.277, 3125.55, 1500.15
2.278, 3126.83, 1500.75
2.279, 3128.12, 1501.36
2.28, 3129.4, 1501.96
2.281, 3130.69, 1502.57
2.282, 3131.98, 1503.18
2.283, 3133.26, 1503.78
2.284, 3134.55, 1504.39
2.285, 3135.83, 1504.99
2.286, 3137.12, 1505.6
2.287, 3138.4, 1506.21
2.288, 3139.69, 1506.81
2.289, 3140.97, 1507.42
2.29, 3142.26, 1508.02
2.291, 3143.54, 1508.63
2.292, 3144.83, 1509.24
2.293, 3146.11, 1509.84
2.294, 3147.4, 1510.45
2.295, 3148.68, 1511.05
2.296, 3149.97, 1511.66
2.297, 3151.25, 1512.26
2.298, 3152.53, 1512.87
2.299, 3153.82, 1513.47
2.3, 3155.1, 1514.08
2.301, 3156.39, 1514.68
2.302, 3157.67, 1515.29
2.303, 3158.96, 1515.89
2.304, 3160.24, 1516.5
2.305, 3161.52, 1517.1
2.306, 3162.81, 1517.71
2.307, 3164.09, 1518.31
2.308, 3165.38, 1518.92
2.309, 3166.66, 1519.52
2.31, 3167.94, 1520.13
2.311, 3169.23, 1520.73
2.312, 3170.51, 1521.34
2.313, 3171.79, 1521.94
2.314, 3173.08, 1522.55
2.315, 3174.36, 1523.15
2.316, 3175.64, 1523.76
2.317, 3176.93, 1524.36
2.318, 3178.21, 1524.97
2.319, 3179.49, 1525.57
2.32, 3180.78, 1526.18
2.321, 3182.06, 1526.78
2.322, 3183.34, 1527.38
2.323, 3184.63, 1527.99
2.324, 3185.91, 1528.59
2.325, 3187.19, 1529.2
2.326, 3188.47, 1529.8
2.327, 3189.76, 1530.41
2.328, 3191.04, 1531.01
2.329, 3192.32, 1531.61
2.33, 3193.6, 1532.22
2.331, 3194.89, 1532.82
2.332, 3196.17, 1533.43
2.333, 3197.45, 1534.03
2.334, 3198.73, 1534.63
2.335, 3200.01, 1535.24
2.336, 3201.3, 1535.84
2.337, 3202.58, 1536.45
2.338, 3203.86, 1537.05
2.339, 3205.14, 1537.65
2.34, 3206.42, 1538.26
2.341, 3207.7, 1538.86
2.342, 3208.99, 1539.46
2.343, 3210.27, 1540.07
2.344, 3211.55, 1540.67
2.345, 3212.83, 1541.27
2.346, 3214.11, 1541.88
2.347, 3215.39, 1542.48
2.348, 3216.67, 1543.08
2.349, 3217.95, 1543.69
2.35, 3219.24, 1544.29
2.351, 3220.52, 1544.89
2.352, 3221.8, 1545.5
2.353, 3223.08, 1546.1
2.354, 3224.36, 1546.7
2.355, 3225.64, 1547.31
2.356, 3226.92, 1547.91
2.357, 3228.2, 1548.51
2.358, 3229.48, 1549.12
2.359, 3230.76, 1549.72
2.36, 3232.04, 1550.32
2.361, 3233.32, 1550.92
2.362, 3234.6, 1551.53
2.363, 3235.88, 1552.13
2.364, 3237.16, 1552.73
2.365, 3238.44, 1553.33
2.366, 3239.72, 1553.94
2.367, 3241, 1554.54
2.368, 3242.28, 1555.14
2.369, 3243.56, 1555.74
2.37, 3244.84, 1556.35
2.371, 3246.12, 1556.95
2.372, 3247.4, 1557.55
2.373, 3248.68, 1558.15
2.374, 3249.96, 1558.76
2.375, 3251.24, 1559.36
2.376, 3252.52, 1559.96
2.377, 3253.8, 1560.56
2.378, 3255.08, 1561.16
2.379, 3256.36, 1561.77
2.38, 3257.64, 1562.37
2.381, 3258.92, 1562.97
2.382, 3260.19, 1563.57
2.383, 3261.47, 1564.17
2.384, 3262.75, 1564.78
2.385, 3264.03, 1565.38
2.386, 3265.31, 1565.98
2.387, 3266.59, 1566.58
2.388, 3267.87, 1567.18
2.389, 3269.14, 1567.78
2.39, 3270.42, 1568.39
2.391, 3271.7, 1568.99
2.392, 3272.98, 1569.59
2.393, 3274.26, 1570.19
2.394, 3275.54, 1570.79
2.395, 3276.81, 1571.39
2.396, 3278.09, 1572
2.397, 3279.37, 1572.6
2.398, 3280.65, 1573.2
2.399, 3281.93, 1573.8
2.4, 3283.2, 1574.4
2.401, 3284.48, 1575
2.402, 3285.76, 1575.6
2.403, 3287.04, 1576.2
2.404, 3288.31, 1576.8
2.405, 3289.59, 1577.41
2.406, 3290.87, 1578.01
2.407, 3292.15, 1578.61
2.408, 3293.42, 1579.21
2.409, 3294.7, 1579.81
2.41, 3295.98, 1580.41
2.411, 3297.25, 1581.01
2.412, 3298.53, 1581.61
2.413, 3299.81, 1582.21
2.414, 3301.08, 1582.81
2.415, 3302.36, 1583.41
2.416, 3303.64, 1584.01
2.417, 3304.91, 1584.61
2.418, 3306.19, 1585.21
2.419, 3307.47, 1585.82
2.42, 3308.74, 1586.42
2.421, 3310.02, 1587.02
2.422, 3311.3, 1587.62
2.423, 3312.57, 1588.22
2.424, 3313.85, 1588.82
2.425, 3315.13, 1589.42
2.426, 3316.4, 1590.02
2.427, 3317.68, 1590.62
2.428, 3318.95, 1591.22
2.429, 3320.23, 1591.82
2.43, 3321.51, 1592.42
2.431, 3322.78, 1593.02
2.432, 3324.06, 1593.62
2.433, 3325.33, 1594.22
2.434, 3326.61, 1594.82
2.435, 3327.88, 1595.42
2.436, 3329.16, 1596.02
2.437, 3330.43, 1596.62
2.438, 3331.71, 1597.22
2.439, 3332.98, 1597.82
2.44, 3334.26, 1598.41
2.441, 3335.53, 1599.01
2.442, 3336.81, 1599.61
2.443, 3338.08, 1600.21
2.444, 3339.36, 1600.81
2.445, 3340.63, 1601.41
2.446, 3341.91, 1602.01
2.447, 3343.18, 1602.61
2.448, 3344.46, 1603.21
2.449, 3345.73, 1603.81
2.45, 3347.01, 1604.41
2.451, 3348.28, 1605.01
2.452, 3349.56, 1605.61
2.453, 3350.83, 1606.21
2.454, 3352.1, 1606.8
2.455, 3353.38, 1607.4
2.456, 3354.65, 1608
2.457, 3355.93, 1608.6
2.458, 3357.2, 1609.2
2.459, 3358.47, 1609.8
2.46, 3359.75, 1610.4
2.461, 3361.02, 1611
2.462, 3362.3, 1611.6
2.463, 3363.57, 1612.19
2.464, 3364.84, 1612.79
2.465, 3366.12, 1613.39
2.466, 3367.39, 1613.99
2.467, 3368.66, 1614.59
2.468, 3369.94, 1615.19
2.469, 3371.21, 1615.79
2.47, 3372.48, 1616.38
2.471, 3373.76, 1616.98
2.472, 3375.03, 1617.58
2.473, 3376.3, 1618.18
2.474, 3377.57, 1618.78
2.475, 3378.85, 1619.37
2.476, 3380.12, 1619.97
2.477, 3381.39, 1620.57
2.478, 3382.67, 1621.17
2.479, 3383.94, 1621.77
2.48, 3385.21, 1622.36
2.481, 3386.48, 1622.96
2.482, 3387.76, 1623.56
2.483, 3389.03, 1624.16
2.484, 3390.3, 1624.76
2.485, 3391.57, 1625.35
2.486, 3392.84, 1625.95
2.487, 3394.12, 1626.55
2.488, 3395.39, 1627.15
2.489, 3396.66, 1627.74
2.49, 3397.93, 1628.34
2.491, 3399.2, 1628.94
2.492, 3400.48, 1629.54
2.493, 3401.75, 1630.13
2.494, 3403.02, 1630.73
2.495, 3404.29, 1631.33
2.496, 3405.56, 1631.93
2.497, 3406.83, 1632.52
2.498, 3408.11, 1633.12
2.499, 3409.38, 1633.72
2.5, 3410.65, 1634.32
2.501, 3411.92, 1634.91
2.502, 3413.19, 1635.51
2.503, 3414.46, 1636.11
2.504, 3415.73, 1636.7
2.505, 3417, 1637.3
2.506, 3418.27, 1637.9
2.507, 3419.54, 1638.49
2.508, 3420.82, 1639.09
2.509, 3422.09, 1639.69
2.51, 3423.36, 1640.29
2.511, 3424.63, 1640.88
2.512, 3425.9, 1641.48
2.513, 3427.17, 1642.08
2.514, 3428.44, 1642.67
2.515, 3429.71, 1643.27
2.516, 3430.98, 1643.86
2.517, 3432.25, 1644.46
2.518, 3433.52, 1645.06
2.519, 3434.79, 1645.65
2.52, 3436.06, 1646.25
2.521, 3437.33, 1646.85
2.522, 3438.6, 1647.44
2.523, 3439.87, 1648.04
2.524, 3441.14, 1648.64
2.525, 3442.41, 1649.23
2.526, 3443.68, 1649.83
2.527, 3444.95, 1650.42
2.528, 3446.22, 1651.02
2.529, 3447.49, 1651.62
2.53, 3448.76, 1652.21
2.531, 3450.02, 1652.81
2.532, 3451.29, 1653.4
2.533, 3452.56, 1654
2.534, 3453.83, 1654.6
2.535, 3455.1, 1655.19
2.536, 3456.37, 1655.79
2.537, 3457.64, 1656.38
2.538, 3458.91, 1656.98
2.539, 3460.18, 1657.57
2.54, 3461.44, 1658.17
2.541, 3462.71, 1658.77
2.542, 3463.98, 1659.36
2.543, 3465.25, 1659.96
2.544, 3466.52, 1660.55
2.545, 3467.79, 1661.15
2.546, 3469.06, 1661.74
2.547, 3470.32, 1662.34
2.548, 3471.59, 1662.93
2.549, 3472.86, 1663.53
2.55, 3474.13, 1664.12
2.551, 3475.4, 1664.72
2.552, 3476.66, 1665.31
2.553, 3477.93, 1665.91
2.554, 3479.2, 1666.5
2.555, 3480.47, 1667.1
2.556, 3481.73, 1667.69
2.557, 3483, 1668.29
2.558, 3484.27, 1668.88
2.559, 3485.54, 1669.48
2.56, 3486.8, 1670.07
2.561, 3488.07, 1670.67
2.562, 3489.34, 1671.26
2.563, 3490.61, 1671.86
2.564, 3491.87, 1672.45
2.565, 3493.14, 1673.05
2.566, 3494.41, 1673.64
2.567, 3495.67, 1674.23
2.568, 3496.94, 1674.83
2.569, 3498.21, 1675.42
2.57, 3499.48, 1676.02
2.571, 3500.74, 1676.61
2.572, 3502.01, 1677.21
2.573, 3503.28, 1677.8
2.574, 3504.54, 1678.39
2.575, 3505.81, 1678.99
2.576, 3507.07, 1679.58
2.577, 3508.34, 1680.18
2.578, 3509.61, 1680.77
2.579, 3510.87, 1681.37
2.58, 3512.14, 1681.96
2.581, 3513.41, 1682.55
2.582, 3514.67, 1683.15
2.583, 3515.94, 1683.74
2.584, 3517.2, 1684.33
2.585, 3518.47, 1684.93
2.586, 3519.73, 1685.52
2.587, 3521, 1686.12
2.588, 3522.27, 1686.71
2.589, 3523.53, 1687.3
2.59, 3524.8, 1687.9
2.591, 3526.06, 1688.49
2.592, 3527.33, 1689.08
2.593, 3528.59, 1689.68
2.594, 3529.86, 1690.27
2.595, 3531.12, 1690.86
2.596, 3532.39, 1691.46
2.597, 3533.65, 1692.05
2.598, 3534.92, 1692.64
2.599, 3536.18, 1693.24
2.6, 3537.45, 1693.83
2.601, 3538.71, 1694.42
2.602, 3539.98, 1695.02
2.603, 3541.24, 1695.61
2.604, 3542.51, 1696.2
2.605, 3543.77, 1696.8
2.606, 3545.04, 1697.39
2.607, 3546.3, 1697.98
2.608, 3547.56, 1698.57
2.609, 3548.83, 1699.17
2.61, 3550.09, 1699.76
2.611, 3551.36, 1700.35
2.612, 3552.62, 1700.95
2.613, 3553.89, 1701.54
2.614, 3555.15, 1702.13
2.615, 3556.41, 1702.72
2.616, 3557.68, 1703.32
2.617, 3558.94, 1703.91
2.618, 3560.2, 1704.5
2.619, 3561.47, 1705.09
2.62, 3562.73, 1705.69
2.621, 3564, 1706.28
2.622, 3565.26, 1706.87
2.623, 3566.52, 1707.46
2.624, 3567.79, 1708.06
2.625, 3569.05, 1708.65
2.626, 3570.31, 1709.24
2.627, 3571.58, 1709.83
2.628, 3572.84, 1710.42
2.629, 3574.1, 1711.02
2.63, 3575.36, 1711.61
2.631, 3576.63, 1712.2
2.632, 3577.89, 1712.79
2.633, 3579.15, 1713.38
2.634, 3580.42, 1713.98
2.635, 3581.68, 1714.57
2.636, 3582.94, 1715.16
2.637, 3584.2, 1715.75
2.638, 3585.47, 1716.34
2.639, 3586.73, 1716.93
2.64, 3587.99, 1717.53
2.641, 3589.25, 1718.12
2.642, 3590.51, 1718.71
2.643, 3591.78, 1719.3
2.644, 3593.04, 1719.89
2.645, 3594.3, 1720.48
2.646, 3595.56, 1721.07
2.647, 3596.82, 1721.67
2.648, 3598.09, 1722.26
2.649, 3599.35, 1722.85
2.65, 3600.61, 1723.44
2.651, 3601.87, 1724.03
2.652, 3603.13, 1724.62
2.653, 3604.39, 1725.21
2.654, 3605.66, 1725.8
2.655, 3606.92, 1726.39
2.656, 3608.18, 1726.99
2.657, 3609.44, 1727.58
2.658, 3610.7, 1728.17
2.659, 3611.96, 1728.76
2.66, 3613.22, 1729.35
2.661, 3614.48, 1729.94
2.662, 3615.75, 1730.53
2.663, 3617.01, 1731.12
2.664, 3618.27, 1731.71
2.665, 3619.53, 1732.3
2.666, 3620.79, 1732.89
2.667, 3622.05, 1733.48
2.668, 3623.31, 1734.07
2.669, 3624.57, 1734.66
2.67, 3625.83, 1735.26
2.671, 3627.09, 1735.85
2.672, 3628.35, 1736.44
2.673, 3629.61, 1737.03
2.674, 3630.87, 1737.62
2.675, 3632.13, 1738.21
2.676, 3633.39, 1738.8
2.677, 3634.65, 1739.39
2.678, 3635.91, 1739.98
2.679, 3637.17, 1740.57
2.68, 3638.43, 1741.16
2.681, 3639.69, 1741.75
2.682, 3640.95, 1742.34
2.683, 3642.21, 1742.93
2.684, 3643.47, 1743.52
2.685, 3644.73, 1744.11
2.686, 3645.99, 1744.7
2.687, 3647.25, 1745.29
2.688, 3648.51, 1745.88
2.689, 3649.77, 1746.47
2.69, 3651.03, 1747.06
2.691, 3652.29, 1747.65
2.692, 3653.54, 1748.23
2.693, 3654.8, 1748.82
2.694, 3656.06, 1749.41
2.695, 3657.32, 1750
2.696, 3658.58, 1750.59
2.697, 3659.84, 1751.18
2.698, 3661.1, 1751.77
2.699, 3662.36, 1752.36
2.7, 3663.61, 1752.95
2.701, 3664.87, 1753.54
2.702, 3666.13, 1754.13
2.703, 3667.39, 1754.72
2.704, 3668.65, 1755.31
2.705, 3669.91, 1755.9
2.706, 3671.16, 1756.48
2.707, 3672.42, 1757.07
2.708, 3673.68, 1757.66
2.709, 3674.94, 1758.25
2.71, 3676.2, 1758.84
2.711, 3677.45, 1759.43
2.712, 3678.71, 1760.02
2.713, 3679.97, 1760.61
2.714, 3681.23, 1761.2
2.715, 3682.49, 1761.78
2.716, 3683.74, 1762.37
2.717, 3685, 1762.96
2.718, 3686.26, 1763.55
2.719, 3687.52, 1764.14
2.72, 3688.77, 1764.73
2.721, 3690.03, 1765.32
2.722, 3691.29, 1765.9
2.723, 3692.54, 1766.49
2.724, 3693.8, 1767.08
2.725, 3695.06, 1767.67
2.726, 3696.32, 1768.26
2.727, 3697.57, 1768.85
2.728, 3698.83, 1769.43
2.729, 3700.09, 1770.02
2.73, 3701.34, 1770.61
2.731, 3702.6, 1771.2
2.732, 3703.86, 1771.79
2.733, 3705.11, 1772.37
2.734, 3706.37, 1772.96
2.735, 3707.63, 1773.55
2.736, 3708.88, 1774.14
2.737, 3710.14, 1774.72
2.738, 3711.39, 1775.31
2.739, 3712.65, 1775.9
2.74, 3713.91, 1776.49
2.741, 3715.16, 1777.08
2.742, 3716.42, 1777.66
2.743, 3717.67, 1778.25
2.744, 3718.93, 1778.84
2.745, 3720.19, 1779.43
2.746, 3721.44, 1780.01
2.747, 3722.7, 1780.6
2.748, 3723.95, 1781.19
2.749, 3725.21, 1781.78
2.75, 3726.46, 1782.36
2.751, 3727.72, 1782.95
2.752, 3728.97, 1783.54
2.753, 3730.23, 1784.12
2.754, 3731.48, 1784.71
2.755, 3732.74, 1785.3
2.756, 3733.99, 1785.89
2.757, 3735.25, 1786.47
2.758, 3736.5, 1787.06
2.759, 3737.76, 1787.65
2.76, 3739.01, 1788.23
2.761, 3740.27, 1788.82
2.762, 3741.52, 1789.41
2.763, 3742.78, 1789.99
2.764, 3744.03, 1790.58
2.765, 3745.29, 1791.17
2.766, 3746.54, 1791.75
2.767, 3747.8, 1792.34
2.768, 3749.05, 1792.93
2.769, 3750.31, 1793.51
2.77, 3751.56, 1794.1
2.771, 3752.81, 1794.69
2.772, 3754.07, 1795.27
2.773, 3755.32, 1795.86
2.774, 3756.58, 1796.45
2.775, 3757.83, 1797.03
2.776, 3759.08, 1797.62
2.777, 3760.34, 1798.21
2.778, 3761.59, 1798.79
2.779, 3762.84, 1799.38
2.78, 3764.1, 1799.96
2.781, 3765.35, 1800.55
2.782, 3766.61, 1801.14
2.783, 3767.86, 1801.72
2.784, 3769.11, 1802.31
2.785, 3770.37, 1802.89
2.786, 3771.62, 1803.48
2.787, 3772.87, 1804.07
2.788, 3774.12, 1804.65
2.789, 3775.38, 1805.24
2.79, 3776.63, 1805.82
2.791, 3777.88, 1806.41
2.792, 3779.14, 1807
2.793, 3780.39, 1807.58
2.794, 3781.64, 1808.17
2.795, 3782.89, 1808.75
2.796, 3784.15, 1809.34
2.797, 3785.4, 1809.92
2.798, 3786.65, 1810.51
2.799, 3787.9, 1811.09
2.8, 3789.16, 1811.68
2.801, 3790.41, 1812.26
2.802, 3791.66, 1812.85
2.803, 3792.91, 1813.44
2.804, 3794.17, 1814.02
2.805, 3795.42, 1814.61
2.806, 3796.67, 1815.19
2.807, 3797.92, 1815.78
2.808, 3799.17, 1816.36
2.809, 3800.43, 1816.95
2.81, 3801.68, 1817.53
2.811, 3802.93, 1818.12
2.812, 3804.18, 1818.7
2.813, 3805.43, 1819.29
2.814, 3806.68, 1819.87
2.815, 3807.94, 1820.46
2.816, 3809.19, 1821.04
2.817, 3810.44, 1821.62
2.818, 3811.69, 1822.21
2.819, 3812.94, 1822.79
2.82, 3814.19, 1823.38
2.821, 3815.44, 1823.96
2.822, 3816.69, 1824.55
2.823, 3817.94, 1825.13
2.824, 3819.2, 1825.72
2.825, 3820.45, 1826.3
2.826, 3821.7, 1826.89
2.827, 3822.95, 1827.47
2.828, 3824.2, 1828.05
2.829, 3825.45, 1828.64
2.83, 3826.7, 1829.22
2.831, 3827.95, 1829.81
2.832, 3829.2, 1830.39
2.833, 3830.45, 1830.98
2.834, 3831.7, 1831.56
2.835, 3832.95, 1832.14
2.836, 3834.2, 1832.73
2.837, 3835.45, 1833.31
2.838, 3836.7, 1833.9
2.839, 3837.95, 1834.48
2.84, 3839.2, 1835.06
2.841, 3840.45, 1835.65
2.842, 3841.7, 1836.23
2.843, 3842.95, 1836.81
2.844, 3844.2, 1837.4
2.845, 3845.45, 1837.98
2.846, 3846.7, 1838.56
2.847, 3847.95, 1839.15
2.848, 3849.2, 1839.73
2.849, 3850.45, 1840.32
2.85, 3851.7, 1840.9
2.851, 3852.95, 1841.48
2.852, 3854.2, 1842.07
2.853, 3855.45, 1842.65
2.854, 3856.69, 1843.23
2.855, 3857.94, 1843.82
2.856, 3859.19, 1844.4
2.857, 3860.44, 1844.98
2.858, 3861.69, 1845.57
2.859, 3862.94, 1846.15
2.86, 3864.19, 1846.73
2.861, 3865.44, 1847.31
2.862, 3866.68, 1847.9
2.863, 3867.93, 1848.48
2.864, 3869.18, 1849.06
2.865, 3870.43, 1849.65
2.866, 3871.68, 1850.23
2.867, 3872.93, 1850.81
2.868, 3874.18, 1851.39
2.869, 3875.42, 1851.98
2.87, 3876.67, 1852.56
2.871, 3877.92, 1853.14
2.872, 3879.17, 1853.73
2.873, 3880.42, 1854.31
2.874, 3881.66, 1854.89
2.875, 3882.91, 1855.47
2.876, 3884.16, 1856.06
2.877, 3885.41, 1856.64
2.878, 3886.65, 1857.22
2.879, 3887.9, 1857.8
2.88, 3889.15, 1858.39
2.881, 3890.4, 1858.97
2.882, 3891.64, 1859.55
2.883, 3892.89, 1860.13
2.884, 3894.14, 1860.71
2.885, 3895.39, 1861.3
2.886, 3896.63, 1861.88
2.887, 3897.88, 1862.46
2.888, 3899.13, 1863.04
2.889, 3900.37, 1863.62
2.89, 3901.62, 1864.21
2.891, 3902.87, 1864.79
2.892, 3904.11, 1865.37
2.893, 3905.36, 1865.95
2.894, 3906.61, 1866.53
2.895, 3907.85, 1867.12
2.896, 3909.1, 1867.7
2.897, 3910.35, 1868.28
2.898, 3911.59, 1868.86
2.899, 3912.84, 1869.44
2.9, 3914.09, 1870.02
2.901, 3915.33, 1870.6
2.902, 3916.58, 1871.19
2.903, 3917.82, 1871.77
2.904, 3919.07, 1872.35
2.905, 3920.32, 1872.93
2.906, 3921.56, 1873.51
2.907, 3922.81, 1874.09
2.908, 3924.05, 1874.67
2.909, 3925.3, 1875.26
2.91, 3926.55, 1875.84
2.911, 3927.79, 1876.42
2.912, 3929.04, 1877
2.913, 3930.28, 1877.58
2.914, 3931.53, 1878.16
2.915, 3932.77, 1878.74
2.916, 3934.02, 1879.32
2.917, 3935.26, 1879.9
2.918, 3936.51, 1880.48
2.919, 3937.75, 1881.07
2.92, 3939, 1881.65
2.921, 3940.24, 1882.23
2.922, 3941.49, 1882.81
2.923, 3942.73, 1883.39
2.924, 3943.98, 1883.97
2.925, 3945.22, 1884.55
2.926, 3946.47, 1885.13
2.927, 3947.71, 1885.71
2.928, 3948.96, 1886.29
2.929, 3950.2, 1886.87
2.93, 3951.45, 1887.45
2.931, 3952.69, 1888.03
2.932, 3953.94, 1888.61
2.933, 3955.18, 1889.19
2.934, 3956.42, 1889.77
2.935, 3957.67, 1890.35
2.936, 3958.91, 1890.93
2.937, 3960.16, 1891.51
2.938, 3961.4, 1892.09
2.939, 3962.64, 1892.67
2.94, 3963.89, 1893.25
2.941, 3965.13, 1893.83
2.942, 3966.38, 1894.41
2.943, 3967.62, 1894.99
2.944, 3968.86, 1895.57
2.945, 3970.11, 1896.15
2.946, 3971.35, 1896.73
2.947, 3972.59, 1897.31
2.948, 3973.84, 1897.89
2.949, 3975.08, 1898.47
2.95, 3976.32, 1899.05
2.951, 3977.57, 1899.63
2.952, 3978.81, 1900.21
2.953, 3980.05, 1900.79
2.954, 3981.3, 1901.37
2.955, 3982.54, 1901.95
2.956, 3983.78, 1902.53
2.957, 3985.02, 1903.11
2.958, 3986.27, 1903.69
2.959, 3987.51, 1904.27
2.96, 3988.75, 1904.85
2.961, 3990, 1905.43
2.962, 3991.24, 1906.01
2.963, 3992.48, 1906.58
2.964, 3993.72, 1907.16
2.965, 3994.97, 1907.74
2.966, 3996.21, 1908.32
2.967, 3997.45, 1908.9
2.968, 3998.69, 1909.48
2.969, 3999.93, 1910.06
2.97, 4001.18, 1910.64
2.971, 4002.42, 1911.22
2.972, 4003.66, 1911.8
2.973, 4004.9, 1912.37
2.974, 4006.14, 1912.95
2.975, 4007.39, 1913.53
2.976, 4008.63, 1914.11
2.977, 4009.87, 1914.69
2.978, 4011.11, 1915.27
2.979, 4012.35, 1915.85
2.98, 4013.59, 1916.42
2.981, 4014.84, 1917
2.982, 4016.08, 1917.58
2.983, 4017.32, 1918.16
2.984, 4018.56, 1918.74
2.985, 4019.8, 1919.32
2.986, 4021.04, 1919.9
2.987, 4022.28, 1920.47
2.988, 4023.52, 1921.05
2.989, 4024.76, 1921.63
2.99, 4026.01, 1922.21
2.991, 4027.25, 1922.79
2.992, 4028.49, 1923.36
2.993, 4029.73, 1923.94
2.994, 4030.97, 1924.52
2.995, 4032.21, 1925.1
2.996, 4033.45, 1925.68
2.997, 4034.69, 1926.25
2.998, 4035.93, 1926.83
2.999, 4037.17, 1927.41
3, 4038.41, 1927.99
3.001, 4039.65, 1928.57
3.002, 4040.89, 1929.14
3.003, 4042.13, 1929.72
3.004, 4043.37, 1930.3
3.005, 4044.61, 1930.88
3.006, 4045.85, 1931.45
3.007, 4047.09, 1932.03
3.008, 4048.33, 1932.61
3.009, 4049.57, 1933.19
3.01, 4050.81, 1933.76
3.011, 4052.05, 1934.34
3.012, 4053.29, 1934.92
3.013, 4054.53, 1935.5
3.014, 4055.77, 1936.07
3.015, 4057.01, 1936.65
3.016, 4058.25, 1937.23
3.017, 4059.49, 1937.8
3.018, 4060.73, 1938.38
3.019, 4061.96, 1938.96
3.02, 4063.2, 1939.54
3.021, 4064.44, 1940.11
3.022, 4065.68, 1940.69
3.023, 4066.92, 1941.27
3.024, 4068.16, 1941.84
3.025, 4069.4, 1942.42
3.026, 4070.64, 1943
3.027, 4071.88, 1943.57
3.028, 4073.11, 1944.15
3.029, 4074.35, 1944.73
3.03, 4075.59, 1945.3
3.031, 4076.83, 1945.88
3.032, 4078.07, 1946.46
3.033, 4079.31, 1947.03
3.034, 4080.55, 1947.61
3.035, 4081.78, 1948.19
3.036, 4083.02, 1948.76
3.037, 4084.26, 1949.34
3.038, 4085.5, 1949.92
3.039, 4086.74, 1950.49
3.04, 4087.97, 1951.07
3.041, 4089.21, 1951.64
3.042, 4090.45, 1952.22
3.043, 4091.69, 1952.8
3.044, 4092.92, 1953.37
3.045, 4094.16, 1953.95
3.046, 4095.4, 1954.52
3.047, 4096.64, 1955.1
3.048, 4097.87, 1955.68
3.049, 4099.11, 1956.25
3.05, 4100.35, 1956.83
3.051, 4101.59, 1957.4
3.052, 4102.82, 1957.98
3.053, 4104.06, 1958.56
3.054, 4105.3, 1959.13
3.055, 4106.54, 1959.71
3.056, 4107.77, 1960.28
3.057, 4109.01, 1960.86
3.058, 4110.25, 1961.43
3.059, 4111.48, 1962.01
3.06, 4112.72, 1962.59
3.061, 4113.96, 1963.16
3.062, 4115.19, 1963.74
3.063, 4116.43, 1964.31
3.064, 4117.67, 1964.89
3.065, 4118.9, 1965.46
3.066, 4120.14, 1966.04
3.067, 4121.37, 1966.61
3.068, 4122.61, 1967.19
3.069, 4123.85, 1967.76
3.07, 4125.08, 1968.34
3.071, 4126.32, 1968.91
3.072, 4127.56, 1969.49
3.073, 4128.79, 1970.06
3.074, 4130.03, 1970.64
3.075, 4131.26, 1971.21
3.076, 4132.5, 1971.79
3.077, 4133.73, 1972.36
3.078, 4134.97, 1972.94
3.079, 4136.21, 1973.51
3.08, 4137.44, 1974.09
3.081, 4138.68, 1974.66
3.082, 4139.91, 1975.24
3.083, 4141.15, 1975.81
3.084, 4142.38, 1976.39
3.085, 4143.62, 1976.96
3.086, 4144.85, 1977.54
3.087, 4146.09, 1978.11
3.088, 4147.32, 1978.69
3.089, 4148.56, 1979.26
3.09, 4149.79, 1979.83
3.091, 4151.03, 1980.41
3.092, 4152.26, 1980.98
3.093, 4153.5, 1981.56
3.094, 4154.73, 1982.13
3.095, 4155.97, 1982.71
3.096, 4157.2, 1983.28
3.097, 4158.44, 1983.85
3.098, 4159.67, 1984.43
3.099, 4160.91, 1985
3.1, 4162.14, 1985.58
3.101, 4163.37, 1986.15
3.102, 4164.61, 1986.72
3.103, 4165.84, 1987.3
3.104, 4167.08, 1987.87
3.105, 4168.31, 1988.45
3.106, 4169.55, 1989.02
3.107, 4170.78, 1989.59
3.108, 4172.01, 1990.17
3.109, 4173.25, 1990.74
3.11, 4174.48, 1991.32
3.111, 4175.71, 1991.89
3.112, 4176.95, 1992.46
3.113, 4178.18, 1993.04
3.114, 4179.42, 1993.61
3.115, 4180.65, 1994.18
3.116, 4181.88, 1994.76
3.117, 4183.12, 1995.33
3.118, 4184.35, 1995.9
3.119, 4185.58, 1996.48
3.12, 4186.82, 1997.05
3.121, 4188.05, 1997.62
3.122, 4189.28, 1998.2
3.123, 4190.52, 1998.77
3.124, 4191.75, 1999.34
3.125, 4192.98, 1999.92
3.126, 4194.21, 2000.49
3.127, 4195.45, 2001.06
3.128, 4196.68, 2001.64
3.129, 4197.91, 2002.21
3.13, 4199.14, 2002.78
3.131, 4200.38, 2003.35
3.132, 4201.61, 2003.93
3.133, 4202.84, 2004.5
3.134, 4204.07, 2005.07
3.135, 4205.31, 2005.65
3.136, 4206.54, 2006.22
3.137, 4207.77, 2006.79
3.138, 4209, 2007.36
3.139, 4210.24, 2007.94
3.14, 4211.47, 2008.51
3.141, 4212.7, 2009.08
3.142, 4213.93, 2009.65
3.143, 4215.16, 2010.23
3.144, 4216.4, 2010.8
3.145, 4217.63, 2011.37
3.146, 4218.86, 2011.94
3.147, 4220.09, 2012.52
3.148, 4221.32, 2013.09
3.149, 4222.55, 2013.66
3.15, 4223.79, 2014.23
3.151, 4225.02, 2014.8
3.152, 4226.25, 2015.38
3.153, 4227.48, 2015.95
3.154, 4228.71, 2016.52
3.155, 4229.94, 2017.09
3.156, 4231.17, 2017.66
3.157, 4232.4, 2018.24
3.158, 4233.63, 2018.81
3.159, 4234.87, 2019.38
3.16, 4236.1, 2019.95
3.161, 4237.33, 2020.52
3.162, 4238.56, 2021.1
3.163, 4239.79, 2021.67
3.164, 4241.02, 2022.24
3.165, 4242.25, 2022.81
3.166, 4243.48, 2023.38
3.167, 4244.71, 2023.95
3.168, 4245.94, 2024.53
3.169, 4247.17, 2025.1
3.17, 4248.4, 2025.67
3.171, 4249.63, 2026.24
3.172, 4250.86, 2026.81
3.173, 4252.09, 2027.38
3.174, 4253.32, 2027.95
3.175, 4254.55, 2028.53
3.176, 4255.78, 2029.1
3.177, 4257.01, 2029.67
3.178, 4258.24, 2030.24
3.179, 4259.47, 2030.81
3.18, 4260.7, 2031.38
3.181, 4261.93, 2031.95
3.182, 4263.16, 2032.52
3.183, 4264.39, 2033.09
3.184, 4265.62, 2033.67
3.185, 4266.85, 2034.24
3.186, 4268.08, 2034.81
3.187, 4269.31, 2035.38
3.188, 4270.54, 2035.95
3.189, 4271.77, 2036.52
3.19, 4273, 2037.09
3.191, 4274.23, 2037.66
3.192, 4275.45, 2038.23
3.193, 4276.68, 2038.8
3.194, 4277.91, 2039.37
3.195, 4279.14, 2039.94
3.196, 4280.37, 2040.51
3.197, 4281.6, 2041.08
3.198, 4282.83, 2041.65
3.199, 4284.06, 2042.23
3.2, 4285.28, 2042.8
3.201, 4286.51, 2043.37
3.202, 4287.74, 2043.94
3.203, 4288.97, 2044.51
3.204, 4290.2, 2045.08
3.205, 4291.43, 2045.65
3.206, 4292.65, 2046.22
3.207, 4293.88, 2046.79
3.208, 4295.11, 2047.36
3.209, 4296.34, 2047.93
3.21, 4297.57, 2048.5
3.211, 4298.8, 2049.07
3.212, 4300.02, 2049.64
3.213, 4301.25, 2050.21
3.214, 4302.48, 2050.78
3.215, 4303.71, 2051.35
3.216, 4304.93, 2051.92
3.217, 4306.16, 2052.49
3.218, 4307.39, 2053.06
3.219, 4308.62, 2053.63
3.22, 4309.84, 2054.2
3.221, 4311.07, 2054.76
3.222, 4312.3, 2055.33
3.223, 4313.53, 2055.9
3.224, 4314.75, 2056.47
3.225, 4315.98, 2057.04
3.226, 4317.21, 2057.61
3.227, 4318.43, 2058.18
3.228, 4319.66, 2058.75
3.229, 4320.89, 2059.32
3.23, 4322.12, 2059.89
3.231, 4323.34, 2060.46
3.232, 4324.57, 2061.03
3.233, 4325.8, 2061.6
3.234, 4327.02, 2062.17
3.235, 4328.25, 2062.74
3.236, 4329.48, 2063.3
3.237, 4330.7, 2063.87
3.238, 4331.93, 2064.44
3.239, 4333.15, 2065.01
3.24, 4334.38, 2065.58
3.241, 4335.61, 2066.15
3.242, 4336.83, 2066.72
3.243, 4338.06, 2067.29
3.244, 4339.29, 2067.86
3.245, 4340.51, 2068.42
3.246, 4341.74, 2068.99
3.247, 4342.96, 2069.56
3.248, 4344.19, 2070.13
3.249, 4345.41, 2070.7
3.25, 4346.64, 2071.27
3.251, 4347.87, 2071.84
3.252, 4349.09, 2072.4
3.253, 4350.32, 2072.97
3.254, 4351.54, 2073.54
3.255, 4352.77, 2074.11
3.256, 4353.99, 2074.68
3.257, 4355.22, 2075.25
3.258, 4356.44, 2075.81
3.259, 4357.67, 2076.38
3.26, 4358.89, 2076.95
3.261, 4360.12, 2077.52
3.262, 4361.34, 2078.09
3.263, 4362.57, 2078.66
3.264, 4363.79, 2079.22
3.265, 4365.02, 2079.79
3.266, 4366.24, 2080.36
3.267, 4367.47, 2080.93
3.268, 4368.69, 2081.5
3.269, 4369.92, 2082.06
3.27, 4371.14, 2082.63
3.271, 4372.37, 2083.2
3.272, 4373.59, 2083.77
3.273, 4374.82, 2084.33
3.274, 4376.04, 2084.9
3.275, 4377.26, 2085.47
3.276, 4378.49, 2086.04
3.277, 4379.71, 2086.6
3.278, 4380.94, 2087.17
3.279, 4382.16, 2087.74
3.28, 4383.38, 2088.31
3.281, 4384.61, 2088.87
3.282, 4385.83, 2089.44
3.283, 4387.06, 2090.01
3.284, 4388.28, 2090.58
3.285, 4389.5, 2091.14
3.286, 4390.73, 2091.71
3.287, 4391.95, 2092.28
3.288, 4393.17, 2092.85
3.289, 4394.4, 2093.41
3.29, 4395.62, 2093.98
3.291, 4396.84, 2094.55
3.292, 4398.07, 2095.11
3.293, 4399.29, 2095.68
3.294, 4400.51, 2096.25
3.295, 4401.74, 2096.81
3.296, 4402.96, 2097.38
3.297, 4404.18, 2097.95
3.298, 4405.41, 2098.52
3.299, 4406.63, 2099.08
3.3, 4407.85, 2099.65
3.301, 4409.08, 2100.22
3.302, 4410.3, 2100.78
3.303, 4411.52, 2101.35
3.304, 4412.74, 2101.92
3.305, 4413.97, 2102.48
3.306, 4415.19, 2103.05
3.307, 4416.41, 2103.61
3.308, 4417.63, 2104.18
3.309, 4418.86, 2104.75
3.31, 4420.08, 2105.31
3.311, 4421.3, 2105.88
3.312, 4422.52, 2106.45
3.313, 4423.74, 2107.01
3.314, 4424.97, 2107.58
3.315, 4426.19, 2108.15
3.316, 4427.41, 2108.71
3.317, 4428.63, 2109.28
3.318, 4429.85, 2109.84
3.319, 4431.08, 2110.41
3.32, 4432.3, 2110.98
3.321, 4433.52, 2111.54
3.322, 4434.74, 2112.11
3.323, 4435.96, 2112.67
3.324, 4437.18, 2113.24
3.325, 4438.41, 2113.81
3.326, 4439.63, 2114.37
3.327, 4440.85, 2114.94
3.328, 4442.07, 2115.5
3.329, 4443.29, 2116.07
3.33, 4444.51, 2116.63
3.331, 4445.73, 2117.2
3.332, 4446.95, 2117.76
3.333, 4448.17, 2118.33
3.334, 4449.4, 2118.9
3.335, 4450.62, 2119.46
3.336, 4451.84, 2120.03
3.337, 4453.06, 2120.59
3.338, 4454.28, 2121.16
3.339, 4455.5, 2121.72
3.34, 4456.72, 2122.29
3.341, 4457.94, 2122.85
3.342, 4459.16, 2123.42
3.343, 4460.38, 2123.98
3.344, 4461.6, 2124.55
3.345, 4462.82, 2125.11
3.346, 4464.04, 2125.68
3.347, 4465.26, 2126.24
3.348, 4466.48, 2126.81
3.349, 4467.7, 2127.37
3.35, 4468.92, 2127.94
3.351, 4470.14, 2128.5
3.352, 4471.36, 2129.07
3.353, 4472.58, 2129.63
3.354, 4473.8, 2130.2
3.355, 4475.02, 2130.76
3.356, 4476.24, 2131.33
3.357, 4477.46, 2131.89
3.358, 4478.68, 2132.46
3.359, 4479.9, 2133.02
3.36, 4481.12, 2133.59
3.361, 4482.34, 2134.15
3.362, 4483.56, 2134.72
3.363, 4484.78, 2135.28
3.364, 4486, 2135.84
3.365, 4487.22, 2136.41
3.366, 4488.44, 2136.97
3.367, 4489.65, 2137.54
3.368, 4490.87, 2138.1
3.369, 4492.09, 2138.67
3.37, 4493.31, 2139.23
3.371, 4494.53, 2139.79
3.372, 4495.75, 2140.36
3.373, 4496.97, 2140.92
3.374, 4498.19, 2141.49
3.375, 4499.41, 2142.05
3.376, 4500.62, 2142.62
3.377, 4501.84, 2143.18
3.378, 4503.06, 2143.74
3.379, 4504.28, 2144.31
3.38, 4505.5, 2144.87
3.381, 4506.72, 2145.43
3.382, 4507.93, 2146
3.383, 4509.15, 2146.56
3.384, 4510.37, 2147.13
3.385, 4511.59, 2147.69
3.386, 4512.81, 2148.25
3.387, 4514.02, 2148.82
3.388, 4515.24, 2149.38
3.389, 4516.46, 2149.94
3.39, 4517.68, 2150.51
3.391, 4518.9, 2151.07
3.392, 4520.11, 2151.63
3.393, 4521.33, 2152.2
3.394, 4522.55, 2152.76
3.395, 4523.77, 2153.32
3.396, 4524.98, 2153.89
3.397, 4526.2, 2154.45
3.398, 4527.42, 2155.01
3.399, 4528.64, 2155.58
3.4, 4529.85, 2156.14
3.401, 4531.07, 2156.7
3.402, 4532.29, 2157.27
3.403, 4533.5, 2157.83
3.404, 4534.72, 2158.39
3.405, 4535.94, 2158.96
3.406, 4537.15, 2159.52
3.407, 4538.37, 2160.08
3.408, 4539.59, 2160.64
3.409, 4540.8, 2161.21
3.41, 4542.02, 2161.77
3.411, 4543.24, 2162.33
3.412, 4544.45, 2162.9
3.413, 4545.67, 2163.46
3.414, 4546.89, 2164.02
3.415, 4548.1, 2164.58
3.416, 4549.32, 2165.15
3.417, 4550.54, 2165.71
3.418, 4551.75, 2166.27
3.419, 4552.97, 2166.83
3.42, 4554.19, 2167.4
3.421, 4555.4, 2167.96
3.422, 4556.62, 2168.52
3.423, 4557.83, 2169.08
3.424, 4559.05, 2169.65
3.425, 4560.26, 2170.21
3.426, 4561.48, 2170.77
3.427, 4562.7, 2171.33
3.428, 4563.91, 2171.89
3.429, 4565.13, 2172.46
3.43, 4566.34, 2173.02
3.431, 4567.56, 2173.58
3.432, 4568.77, 2174.14
3.433, 4569.99, 2174.7
3.434, 4571.2, 2175.27
3.435, 4572.42, 2175.83
3.436, 4573.64, 2176.39
3.437, 4574.85, 2176.95
3.438, 4576.07, 2177.51
3.439, 4577.28, 2178.08
3.44, 4578.5, 2178.64
3.441, 4579.71, 2179.2
3.442, 4580.93, 2179.76
3.443, 4582.14, 2180.32
3.444, 4583.35, 2180.88
3.445, 4584.57, 2181.45
3.446, 4585.78, 2182.01
3.447, 4587, 2182.57
3.448, 4588.21, 2183.13
3.449, 4589.43, 2183.69
3.45, 4590.64, 2184.25
3.451, 4591.86, 2184.81
3.452, 4593.07, 2185.37
3.453, 4594.29, 2185.94
3.454, 4595.5, 2186.5
3.455, 4596.71, 2187.06
3.456, 4597.93, 2187.62
3.457, 4599.14, 2188.18
3.458, 4600.36, 2188.74
3.459, 4601.57, 2189.3
3.46, 4602.78, 2189.86
3.461, 4604, 2190.42
3.462, 4605.21, 2190.99
3.463, 4606.42, 2191.55
3.464, 4607.64, 2192.11
3.465, 4608.85, 2192.67
3.466, 4610.07, 2193.23
3.467, 4611.28, 2193.79
3.468, 4612.49, 2194.35
3.469, 4613.71, 2194.91
3.47, 4614.92, 2195.47
3.471, 4616.13, 2196.03
3.472, 4617.35, 2196.59
3.473, 4618.56, 2197.15
3.474, 4619.77, 2197.71
3.475, 4620.99, 2198.27
3.476, 4622.2, 2198.84
3.477, 4623.41, 2199.4
3.478, 4624.62, 2199.96
3.479, 4625.84, 2200.52
3.48, 4627.05, 2201.08
3.481, 4628.26, 2201.64
3.482, 4629.47, 2202.2
3.483, 4630.69, 2202.76
3.484, 4631.9, 2203.32
3.485, 4633.11, 2203.88
3.486, 4634.33, 2204.44
3.487, 4635.54, 2205
3.488, 4636.75, 2205.56
3.489, 4637.96, 2206.12
3.49, 4639.17, 2206.68
3.491, 4640.39, 2207.24
3.492, 4641.6, 2207.8
3.493, 4642.81, 2208.36
3.494, 4644.02, 2208.92
3.495, 4645.23, 2209.48
3.496, 4646.45, 2210.04
3.497, 4647.66, 2210.6
3.498, 4648.87, 2211.16
3.499, 4650.08, 2211.72
3.5, 4651.29, 2212.28
3.501, 4652.51, 2212.84
3.502, 4653.72, 2213.39
3.503, 4654.93, 2213.95
3.504, 4656.14, 2214.51
3.505, 4657.35, 2215.07
3.506, 4658.56, 2215.63
3.507, 4659.77, 2216.19
3.508, 4660.98, 2216.75
3.509, 4662.2, 2217.31
3.51, 4663.41, 2217.87
3.511, 4664.62, 2218.43
3.512, 4665.83, 2218.99
3.513, 4667.04, 2219.55
3.514, 4668.25, 2220.11
3.515, 4669.46, 2220.67
3.516, 4670.67, 2221.22
3.517, 4671.88, 2221.78
3.518, 4673.09, 2222.34
3.519, 4674.3, 2222.9
3.52, 4675.52, 2223.46
3.521, 4676.73, 2224.02
3.522, 4677.94, 2224.58
3.523, 4679.15, 2225.14
3.524, 4680.36, 2225.7
3.525, 4681.57, 2226.25
3.526, 4682.78, 2226.81
3.527, 4683.99, 2227.37
3.528, 4685.2, 2227.93
3.529, 4686.41, 2228.49
3.53, 4687.62, 2229.05
3.531, 4688.83, 2229.61
3.532, 4690.04, 2230.16
3.533, 4691.25, 2230.72
3.534, 4692.46, 2231.28
3.535, 4693.67, 2231.84
3.536, 4694.88, 2232.4
3.537, 4696.09, 2232.96
3.538, 4697.3, 2233.51
3.539, 4698.51, 2234.07
3.54, 4699.72, 2234.63
3.541, 4700.92, 2235.19
3.542, 4702.13, 2235.75
3.543, 4703.34, 2236.31
3.544, 4704.55, 2236.86
3.545, 4705.76, 2237.42
3.546, 4706.97, 2237.98
3.547, 4708.18, 2238.54
3.548, 4709.39, 2239.09
3.549, 4710.6, 2239.65
3.55, 4711.81, 2240.21
3.551, 4713.02, 2240.77
3.552, 4714.22, 2241.33
3.553, 4715.43, 2241.88
3.554, 4716.64, 2242.44
3.555, 4717.85, 2243
3.556, 4719.06, 2243.56
3.557, 4720.27, 2244.11
3.558, 4721.48, 2244.67
3.559, 4722.68, 2245.23
3.56, 4723.89, 2245.79
3.561, 4725.1, 2246.34
3.562, 4726.31, 2246.9
3.563, 4727.52, 2247.46
3.564, 4728.73, 2248.02
3.565, 4729.93, 2248.57
3.566, 4731.14, 2249.13
3.567, 4732.35, 2249.69
3.568, 4733.56, 2250.25
3.569, 4734.77, 2250.8
3.57, 4735.97, 2251.36
3.571, 4737.18, 2251.92
3.572, 4738.39, 2252.47
3.573, 4739.6, 2253.03
3.574, 4740.8, 2253.59
3.575, 4742.01, 2254.15
3.576, 4743.22, 2254.7
3.577, 4744.43, 2255.26
3.578, 4745.63, 2255.82
3.579, 4746.84, 2256.37
3.58, 4748.05, 2256.93
3.581, 4749.26, 2257.49
3.582, 4750.46, 2258.04
3.583, 4751.67, 2258.6
3.584, 4752.88, 2259.16
3.585, 4754.08, 2259.71
3.586, 4755.29, 2260.27
3.587, 4756.5, 2260.83
3.588, 4757.71, 2261.38
3.589, 4758.91, 2261.94
3.59, 4760.12, 2262.5
3.591, 4761.33, 2263.05
3.592, 4762.53, 2263.61
3.593, 4763.74, 2264.16
3.594, 4764.95, 2264.72
3.595, 4766.15, 2265.28
3.596, 4767.36, 2265.83
3.597, 4768.56, 2266.39
3.598, 4769.77, 2266.95
3.599, 4770.98, 2267.5
3.6, 4772.18, 2268.06
3.601, 4773.39, 2268.61
3.602, 4774.6, 2269.17
3.603, 4775.8, 2269.73
3.604, 4777.01, 2270.28
3.605, 4778.21, 2270.84
3.606, 4779.42, 2271.39
3.607, 4780.63, 2271.95
3.608, 4781.83, 2272.51
3.609, 4783.04, 2273.06
3.61, 4784.24, 2273.62
3.611, 4785.45, 2274.17
3.612, 4786.65, 2274.73
3.613, 4787.86, 2275.28
3.614, 4789.06, 2275.84
3.615, 4790.27, 2276.4
3.616, 4791.48, 2276.95
3.617, 4792.68, 2277.51
3.618, 4793.89, 2278.06
3.619, 4795.09, 2278.62
3.62, 4796.3, 2279.17
3.621, 4797.5, 2279.73
3.622, 4798.71, 2280.28
3.623, 4799.91, 2280.84
3.624, 4801.12, 2281.39
3.625, 4802.32, 2281.95
3.626, 4803.53, 2282.5
3.627, 4804.73, 2283.06
3.628, 4805.94, 2283.61
3.629, 4807.14, 2284.17
3.63, 4808.34, 2284.72
3.631, 4809.55, 2285.28
3.632, 4810.75, 2285.83
3.633, 4811.96, 2286.39
3.634, 4813.16, 2286.94
3.635, 4814.37, 2287.5
3.636, 4815.57, 2288.05
3.637, 4816.77, 2288.61
3.638, 4817.98, 2289.16
3.639, 4819.18, 2289.72
3.64, 4820.39, 2290.27
3.641, 4821.59, 2290.83
3.642, 4822.8, 2291.38
3.643, 4824, 2291.94
3.644, 4825.2, 2292.49
3.645, 4826.41, 2293.05
3.646, 4827.61, 2293.6
3.647, 4828.81, 2294.16
3.648, 4830.02, 2294.71
3.649, 4831.22, 2295.26
3.65, 4832.42, 2295.82
3.651, 4833.63, 2296.37
3.652, 4834.83, 2296.93
3.653, 4836.03, 2297.48
3.654, 4837.24, 2298.04
3.655, 4838.44, 2298.59
3.656, 4839.64, 2299.14
3.657, 4840.85, 2299.7
3.658, 4842.05, 2300.25
3.659, 4843.25, 2300.81
3.66, 4844.46, 2301.36
3.661, 4845.66, 2301.91
3.662, 4846.86, 2302.47
3.663, 4848.07, 2303.02
3.664, 4849.27, 2303.58
3.665, 4850.47, 2304.13
3.666, 4851.67, 2304.68
3.667, 4852.88, 2305.24
3.668, 4854.08, 2305.79
3.669, 4855.28, 2306.34
3.67, 4856.48, 2306.9
3.671, 4857.69, 2307.45
3.672, 4858.89, 2308.01
3.673, 4860.09, 2308.56
3.674, 4861.29, 2309.11
3.675, 4862.49, 2309.67
3.676, 4863.7, 2310.22
3.677, 4864.9, 2310.77
3.678, 4866.1, 2311.33
3.679, 4867.3, 2311.88
3.68, 4868.5, 2312.43
3.681, 4869.71, 2312.99
3.682, 4870.91, 2313.54
3.683, 4872.11, 2314.09
3.684, 4873.31, 2314.65
3.685, 4874.51, 2315.2
3.686, 4875.71, 2315.75
3.687, 4876.92, 2316.31
3.688, 4878.12, 2316.86
3.689, 4879.32, 2317.41
3.69, 4880.52, 2317.96
3.691, 4881.72, 2318.52
3.692, 4882.92, 2319.07
3.693, 4884.12, 2319.62
3.694, 4885.33, 2320.18
3.695, 4886.53, 2320.73
3.696, 4887.73, 2321.28
3.697, 4888.93, 2321.83
3.698, 4890.13, 2322.39
3.699, 4891.33, 2322.94
3.7, 4892.53, 2323.49
3.701, 4893.73, 2324.05
3.702, 4894.93, 2324.6
3.703, 4896.13, 2325.15
3.704, 4897.33, 2325.7
3.705, 4898.53, 2326.26
3.706, 4899.73, 2326.81
3.707, 4900.94, 2327.36
3.708, 4902.14, 2327.91
3.709, 4903.34, 2328.46
3.71, 4904.54, 2329.02
3.711, 4905.74, 2329.57
3.712, 4906.94, 2330.12
3.713, 4908.14, 2330.67
3.714, 4909.34, 2331.23
3.715, 4910.54, 2331.78
3.716, 4911.74, 2332.33
3.717, 4912.94, 2332.88
3.718, 4914.14, 2333.43
3.719, 4915.34, 2333.99
3.72, 4916.54, 2334.54
3.721, 4917.74, 2335.09
3.722, 4918.94, 2335.64
3.723, 4920.14, 2336.19
3.724, 4921.33, 2336.75
3.725, 4922.53, 2337.3
3.726, 4923.73, 2337.85
3.727, 4924.93, 2338.4
3.728, 4926.13, 2338.95
3.729, 4927.33, 2339.5
3.73, 4928.53, 2340.06
3.731, 4929.73, 2340.61
3.732, 4930.93, 2341.16
3.733, 4932.13, 2341.71
3.734, 4933.33, 2342.26
3.735, 4934.53, 2342.81
3.736, 4935.73, 2343.36
3.737, 4936.92, 2343.92
3.738, 4938.12, 2344.47
3.739, 4939.32, 2345.02
3.74, 4940.52, 2345.57
3.741, 4941.72, 2346.12
3.742, 4942.92, 2346.67
3.743, 4944.12, 2347.22
3.744, 4945.31, 2347.77
3.745, 4946.51, 2348.33
3.746, 4947.71, 2348.88
3.747, 4948.91, 2349.43
3.748, 4950.11, 2349.98
3.749, 4951.31, 2350.53
3.75, 4952.5, 2351.08
3.751, 4953.7, 2351.63
3.752, 4954.9, 2352.18
3.753, 4956.1, 2352.73
3.754, 4957.3, 2353.28
3.755, 4958.49, 2353.83
3.756, 4959.69, 2354.39
3.757, 4960.89, 2354.94
3.758, 4962.09, 2355.49
3.759, 4963.29, 2356.04
3.76, 4964.48, 2356.59
3.761, 4965.68, 2357.14
3.762, 4966.88, 2357.69
3.763, 4968.08, 2358.24
3.764, 4969.27, 2358.79
3.765, 4970.47, 2359.34
3.766, 4971.67, 2359.89
3.767, 4972.86, 2360.44
3.768, 4974.06, 2360.99
3.769, 4975.26, 2361.54
3.77, 4976.46, 2362.09
3.771, 4977.65, 2362.64
3.772, 4978.85, 2363.19
3.773, 4980.05, 2363.74
3.774, 4981.24, 2364.29
3.775, 4982.44, 2364.84
3.776, 4983.64, 2365.39
3.777, 4984.83, 2365.94
3.778, 4986.03, 2366.49
3.779, 4987.23, 2367.04
3.78, 4988.42, 2367.59
3.781, 4989.62, 2368.14
3.782, 4990.82, 2368.69
3.783, 4992.01, 2369.24
3.784, 4993.21, 2369.79
3.785, 4994.41, 2370.34
3.786, 4995.6, 2370.89
3.787, 4996.8, 2371.44
3.788, 4997.99, 2371.99
3.789, 4999.19, 2372.54
3.79, 5000.39, 2373.09
3.791, 5001.58, 2373.64
3.792, 5002.78, 2374.19
3.793, 5003.97, 2374.74
3.794, 5005.17, 2375.29
3.795, 5006.37, 2375.84
3.796, 5007.56, 2376.39
3.797, 5008.76, 2376.94
3.798, 5009.95, 2377.48
3.799, 5011.15, 2378.03
3.8, 5012.34, 2378.58
3.801, 5013.54, 2379.13
3.802, 5014.74, 2379.68
3.803, 5015.93, 2380.23
3.804, 5017.13, 2380.78
3.805, 5018.32, 2381.33
3.806, 5019.52, 2381.88
3.807, 5020.71, 2382.43
3.808, 5021.91, 2382.98
3.809, 5023.1, 2383.52
3.81, 5024.3, 2384.07
3.811, 5025.49, 2384.62
3.812, 5026.69, 2385.17
3.813, 5027.88, 2385.72
3.814, 5029.08, 2386.27
3.815, 5030.27, 2386.82
3.816, 5031.47, 2387.37
3.817, 5032.66, 2387.91
3.818, 5033.85, 2388.46
3.819, 5035.05, 2389.01
3.82, 5036.24, 2389.56
3.821, 5037.44, 2390.11
3.822, 5038.63, 2390.66
3.823, 5039.83, 2391.21
3.824, 5041.02, 2391.75
3.825, 5042.21, 2392.3
3.826, 5043.41, 2392.85
3.827, 5044.6, 2393.4
3.828, 5045.8, 2393.95
3.829, 5046.99, 2394.5
3.83, 5048.19, 2395.04
3.831, 5049.38, 2395.59
3.832, 5050.57, 2396.14
3.833, 5051.77, 2396.69
3.834, 5052.96, 2397.24
3.835, 5054.15, 2397.78
3.836, 5055.35, 2398.33
3.837, 5056.54, 2398.88
3.838, 5057.73, 2399.43
3.839, 5058.93, 2399.98
3.84, 5060.12, 2400.52
3.841, 5061.31, 2401.07
3.842, 5062.51, 2401.62
3.843, 5063.7, 2402.17
3.844, 5064.89, 2402.71
3.845, 5066.09, 2403.26
3.846, 5067.28, 2403.81
3.847, 5068.47, 2404.36
3.848, 5069.67, 2404.91
3.849, 5070.86, 2405.45
3.85, 5072.05, 2406
3.851, 5073.25, 2406.55
3.852, 5074.44, 2407.1
3.853, 5075.63, 2407.64
3.854, 5076.82, 2408.19
3.855, 5078.02, 2408.74
3.856, 5079.21, 2409.28
3.857, 5080.4, 2409.83
3.858, 5081.59, 2410.38
3.859, 5082.79, 2410.93
3.86, 5083.98, 2411.47
3.861, 5085.17, 2412.02
3.862, 5086.36, 2412.57
3.863, 5087.56, 2413.12
3.864, 5088.75, 2413.66
3.865, 5089.94, 2414.21
3.866, 5091.13, 2414.76
3.867, 5092.32, 2415.3
3.868, 5093.52, 2415.85
3.869, 5094.71, 2416.4
3.87, 5095.9, 2416.94
3.871, 5097.09, 2417.49
3.872, 5098.28, 2418.04
3.873, 5099.47, 2418.58
3.874, 5100.67, 2419.13
3.875, 5101.86, 2419.68
3.876, 5103.05, 2420.22
3.877, 5104.24, 2420.77
3.878, 5105.43, 2421.32
3.879, 5106.62, 2421.86
3.88, 5107.82, 2422.41
3.881, 5109.01, 2422.96
3.882, 5110.2, 2423.5
3.883, 5111.39, 2424.05
3.884, 5112.58, 2424.6
3.885, 5113.77, 2425.14
3.886, 5114.96, 2425.69
3.887, 5116.15, 2426.24
3.888, 5117.34, 2426.78
3.889, 5118.53, 2427.33
3.89, 5119.73, 2427.87
3.891, 5120.92, 2428.42
3.892, 5122.11, 2428.97
3.893, 5123.3, 2429.51
3.894, 5124.49, 2430.06
3.895, 5125.68, 2430.6
3.896, 5126.87, 2431.15
3.897, 5128.06, 2431.7
3.898, 5129.25, 2432.24
3.899, 5130.44, 2432.79
3.9, 5131.63, 2433.33
3.901, 5132.82, 2433.88
3.902, 5134.01, 2434.43
3.903, 5135.2, 2434.97
3.904, 5136.39, 2435.52
3.905, 5137.58, 2436.06
3.906, 5138.77, 2436.61
3.907, 5139.96, 2437.15
3.908, 5141.15, 2437.7
3.909, 5142.34, 2438.24
3.91, 5143.53, 2438.79
3.911, 5144.72, 2439.34
3.912, 5145.91, 2439.88
3.913, 5147.1, 2440.43
3.914, 5148.29, 2440.97
3.915, 5149.48, 2441.52
3.916, 5150.67, 2442.06
3.917, 5151.86, 2442.61
3.918, 5153.05, 2443.15
3.919, 5154.24, 2443.7
3.92, 5155.43, 2444.24
3.921, 5156.61, 2444.79
3.922, 5157.8, 2445.33
3.923, 5158.99, 2445.88
3.924, 5160.18, 2446.42
3.925, 5161.37, 2446.97
3.926, 5162.56, 2447.51
3.927, 5163.75, 2448.06
3.928, 5164.94, 2448.6
3.929, 5166.13, 2449.15
3.93, 5167.31, 2449.69
3.931, 5168.5, 2450.24
3.932, 5169.69, 2450.78
3.933, 5170.88, 2451.33
3.934, 5172.07, 2451.87
3.935, 5173.26, 2452.42
3.936, 5174.45, 2452.96
3.937, 5175.63, 2453.51
3.938, 5176.82, 2454.05
3.939, 5178.01, 2454.59
3.94, 5179.2, 2455.14
3.941, 5180.39, 2455.68
3.942, 5181.58, 2456.23
3.943, 5182.76, 2456.77
3.944, 5183.95, 2457.32
3.945, 5185.14, 2457.86
3.946, 5186.33, 2458.41
3.947, 5187.52, 2458.95
3.948, 5188.7, 2459.49
3.949, 5189.89, 2460.04
3.95, 5191.08, 2460.58
3.951, 5192.27, 2461.13
3.952, 5193.45, 2461.67
3.953, 5194.64, 2462.21
3.954, 5195.83, 2462.76
3.955, 5197.02, 2463.3
3.956, 5198.2, 2463.85
3.957, 5199.39, 2464.39
3.958, 5200.58, 2464.93
3.959, 5201.77, 2465.48
3.96, 5202.95, 2466.02
3.961, 5204.14, 2466.57
3.962, 5205.33, 2467.11
3.963, 5206.51, 2467.65
3.964, 5207.7, 2468.2
3.965, 5208.89, 2468.74
3.966, 5210.07, 2469.28
3.967, 5211.26, 2469.83
3.968, 5212.45, 2470.37
3.969, 5213.64, 2470.92
3.97, 5214.82, 2471.46
3.971, 5216.01, 2472
3.972, 5217.19, 2472.55
3.973, 5218.38, 2473.09
3.974, 5219.57, 2473.63
3.975, 5220.75, 2474.18
3.976, 5221.94, 2474.72
3.977, 5223.13, 2475.26
3.978, 5224.31, 2475.81
3.979, 5225.5, 2476.35
3.98, 5226.69, 2476.89
3.981, 5227.87, 2477.43
3.982, 5229.06, 2477.98
3.983, 5230.24, 2478.52
3.984, 5231.43, 2479.06
3.985, 5232.62, 2479.61
3.986, 5233.8, 2480.15
3.987, 5234.99, 2480.69
3.988, 5236.17, 2481.24
3.989, 5237.36, 2481.78
3.99, 5238.54, 2482.32
3.991, 5239.73, 2482.86
3.992, 5240.92, 2483.41
3.993, 5242.1, 2483.95
3.994, 5243.29, 2484.49
3.995, 5244.47, 2485.04
3.996, 5245.66, 2485.58
3.997, 5246.84, 2486.12
3.998, 5248.03, 2486.66
3.999, 5249.21, 2487.21
4, 5250.4, 2487.75
4.001, 5251.58, 2488.29
4.002, 5252.77, 2488.83
4.003, 5253.95, 2489.38
4.004, 5255.14, 2489.92
4.005, 5256.32, 2490.46
4.006, 5257.51, 2491
4.007, 5258.69, 2491.54
4.008, 5259.88, 2492.09
4.009, 5261.06, 2492.63
4.01, 5262.25, 2493.17
4.011, 5263.43, 2493.71
4.012, 5264.62, 2494.26
4.013, 5265.8, 2494.8
4.014, 5266.98, 2495.34
4.015, 5268.17, 2495.88
4.016, 5269.35, 2496.42
4.017, 5270.54, 2496.97
4.018, 5271.72, 2497.51
4.019, 5272.91, 2498.05
4.02, 5274.09, 2498.59
4.021, 5275.27, 2499.13
4.022, 5276.46, 2499.67
4.023, 5277.64, 2500.22
4.024, 5278.83, 2500.76
4.025, 5280.01, 2501.3
4.026, 5281.19, 2501.84
4.027, 5282.38, 2502.38
4.028, 5283.56, 2502.92
4.029, 5284.74, 2503.47
4.03, 5285.93, 2504.01
4.031, 5287.11, 2504.55
4.032, 5288.29, 2505.09
4.033, 5289.48, 2505.63
4.034, 5290.66, 2506.17
4.035, 5291.85, 2506.71
4.036, 5293.03, 2507.26
4.037, 5294.21, 2507.8
4.038, 5295.39, 2508.34
4.039, 5296.58, 2508.88
4.04, 5297.76, 2509.42
4.041, 5298.94, 2509.96
4.042, 5300.13, 2510.5
4.043, 5301.31, 2511.04
4.044, 5302.49, 2511.58
4.045, 5303.68, 2512.13
4.046, 5304.86, 2512.67
4.047, 5306.04, 2513.21
4.048, 5307.22, 2513.75
4.049, 5308.41, 2514.29
4.05, 5309.59, 2514.83
4.051, 5310.77, 2515.37
4.052, 5311.95, 2515.91
4.053, 5313.14, 2516.45
4.054, 5314.32, 2516.99
4.055, 5315.5, 2517.53
4.056, 5316.68, 2518.07
4.057, 5317.87, 2518.62
4.058, 5319.05, 2519.16
4.059, 5320.23, 2519.7
4.06, 5321.41, 2520.24
4.061, 5322.59, 2520.78
4.062, 5323.78, 2521.32
4.063, 5324.96, 2521.86
4.064, 5326.14, 2522.4
4.065, 5327.32, 2522.94
4.066, 5328.5, 2523.48
4.067, 5329.69, 2524.02
4.068, 5330.87, 2524.56
4.069, 5332.05, 2525.1
4.07, 5333.23, 2525.64
4.071, 5334.41, 2526.18
4.072, 5335.59, 2526.72
4.073, 5336.77, 2527.26
4.074, 5337.96, 2527.8
4.075, 5339.14, 2528.34
4.076, 5340.32, 2528.88
4.077, 5341.5, 2529.42
4.078, 5342.68, 2529.96
4.079, 5343.86, 2530.5
4.08, 5345.04, 2531.04
4.081, 5346.22, 2531.58
4.082, 5347.4, 2532.12
4.083, 5348.59, 2532.66
4.084, 5349.77, 2533.2
4.085, 5350.95, 2533.74
4.086, 5352.13, 2534.28
4.087, 5353.31, 2534.82
4.088, 5354.49, 2535.36
4.089, 5355.67, 2535.9
4.09, 5356.85, 2536.44
4.091, 5358.03, 2536.98
4.092, 5359.21, 2537.52
4.093, 5360.39, 2538.05
4.094, 5361.57, 2538.59
4.095, 5362.75, 2539.13
4.096, 5363.93, 2539.67
4.097, 5365.11, 2540.21
4.098, 5366.29, 2540.75
4.099, 5367.47, 2541.29
4.1, 5368.65, 2541.83
4.101, 5369.83, 2542.37
4.102, 5371.01, 2542.91
4.103, 5372.19, 2543.45
4.104, 5373.37, 2543.99
4.105, 5374.55, 2544.53
4.106, 5375.73, 2545.06
4.107, 5376.91, 2545.6
4.108, 5378.09, 2546.14
4.109, 5379.27, 2546.68
4.11, 5380.45, 2547.22
4.111, 5381.63, 2547.76
4.112, 5382.81, 2548.3
4.113, 5383.99, 2548.84
4.114, 5385.17, 2549.38
4.115, 5386.35, 2549.91
4.116, 5387.53, 2550.45
4.117, 5388.71, 2550.99
4.118, 5389.89, 2551.53
4.119, 5391.06, 2552.07
4.12, 5392.24, 2552.61
4.121, 5393.42, 2553.15
4.122, 5394.6, 2553.68
4.123, 5395.78, 2554.22
4.124, 5396.96, 2554.76
4.125, 5398.14, 2555.3
4.126, 5399.32, 2555.84
4.127, 5400.5, 2556.38
4.128, 5401.67, 2556.91
4.129, 5402.85, 2557.45
4.13, 5404.03, 2557.99
4.131, 5405.21, 2558.53
4.132, 5406.39, 2559.07
4.133, 5407.57, 2559.6
4.134, 5408.75, 2560.14
4.135, 5409.92, 2560.68
4.136, 5411.1, 2561.22
4.137, 5412.28, 2561.76
4.138, 5413.46, 2562.29
4.139, 5414.64, 2562.83
4.14, 5415.81, 2563.37
4.141, 5416.99, 2563.91
4.142, 5418.17, 2564.45
4.143, 5419.35, 2564.98
4.144, 5420.53, 2565.52
4.145, 5421.7, 2566.06
4.146, 5422.88, 2566.6
4.147, 5424.06, 2567.13
4.148, 5425.24, 2567.67
4.149, 5426.41, 2568.21
4.15, 5427.59, 2568.75
4.151, 5428.77, 2569.28
4.152, 5429.95, 2569.82
4.153, 5431.12, 2570.36
4.154, 5432.3, 2570.9
4.155, 5433.48, 2571.43
4.156, 5434.66, 2571.97
4.157, 5435.83, 2572.51
4.158, 5437.01, 2573.05
4.159, 5438.19, 2573.58
4.16, 5439.36, 2574.12
4.161, 5440.54, 2574.66
4.162, 5441.72, 2575.2
4.163, 5442.9, 2575.73
4.164, 5444.07, 2576.27
4.165, 5445.25, 2576.81
4.166, 5446.43, 2577.34
4.167, 5447.6, 2577.88
4.168, 5448.78, 2578.42
4.169, 5449.96, 2578.95
4.17, 5451.13, 2579.49
4.171, 5452.31, 2580.03
4.172, 5453.48, 2580.57
4.173, 5454.66, 2581.1
4.174, 5455.84, 2581.64
4.175, 5457.01, 2582.18
4.176, 5458.19, 2582.71
4.177, 5459.37, 2583.25
4.178, 5460.54, 2583.79
4.179, 5461.72, 2584.32
4.18, 5462.89, 2584.86
4.181, 5464.07, 2585.4
4.182, 5465.25, 2585.93
4.183, 5466.42, 2586.47
4.184, 5467.6, 2587
4.185, 5468.77, 2587.54
4.186, 5469.95, 2588.08
4.187, 5471.13, 2588.61
4.188, 5472.3, 2589.15
4.189, 5473.48, 2589.69
4.19, 5474.65, 2590.22
4.191, 5475.83, 2590.76
4.192, 5477, 2591.3
4.193, 5478.18, 2591.83
4.194, 5479.35, 2592.37
4.195, 5480.53, 2592.9
4.196, 5481.7, 2593.44
4.197, 5482.88, 2593.98
4.198, 5484.05, 2594.51
4.199, 5485.23, 2595.05
4.2, 5486.4, 2595.58
4.201, 5487.58, 2596.12
4.202, 5488.75, 2596.66
4.203, 5489.93, 2597.19
4.204, 5491.1, 2597.73
4.205, 5492.28, 2598.26
4.206, 5493.45, 2598.8
4.207, 5494.63, 2599.33
4.208, 5495.8, 2599.87
4.209, 5496.98, 2600.41
4.21, 5498.15, 2600.94
4.211, 5499.33, 2601.48
4.212, 5500.5, 2602.01
4.213, 5501.68, 2602.55
4.214, 5502.85, 2603.08
4.215, 5504.02, 2603.62
4.216, 5505.2, 2604.15
4.217, 5506.37, 2604.69
4.218, 5507.55, 2605.22
4.219, 5508.72, 2605.76
4.22, 5509.9, 2606.3
4.221, 5511.07, 2606.83
4.222, 5512.24, 2607.37
4.223, 5513.42, 2607.9
4.224, 5514.59, 2608.44
4.225, 5515.76, 2608.97
4.226, 5516.94, 2609.51
4.227, 5518.11, 2610.04
4.228, 5519.29, 2610.58
4.229, 5520.46, 2611.11
4.23, 5521.63, 2611.65
4.231, 5522.81, 2612.18
4.232, 5523.98, 2612.72
4.233, 5525.15, 2613.25
4.234, 5526.33, 2613.79
4.235, 5527.5, 2614.32
4.236, 5528.67, 2614.86
4.237, 5529.85, 2615.39
4.238, 5531.02, 2615.92
4.239, 5532.19, 2616.46
4.24, 5533.37, 2616.99
4.241, 5534.54, 2617.53
4.242, 5535.71, 2618.06
4.243, 5536.88, 2618.6
4.244, 5538.06, 2619.13
4.245, 5539.23, 2619.67
4.246, 5540.4, 2620.2
4.247, 5541.58, 2620.74
4.248, 5542.75, 2621.27
4.249, 5543.92, 2621.8
4.25, 5545.09, 2622.34
4.251, 5546.27, 2622.87
4.252, 5547.44, 2623.41
4.253, 5548.61, 2623.94
4.254, 5549.78, 2624.48
4.255, 5550.96, 2625.01
4.256, 5552.13, 2625.54
4.257, 5553.3, 2626.08
4.258, 5554.47, 2626.61
4.259, 5555.64, 2627.15
4.26, 5556.82, 2627.68
4.261, 5557.99, 2628.21
4.262, 5559.16, 2628.75
4.263, 5560.33, 2629.28
4.264, 5561.5, 2629.82
4.265, 5562.68, 2630.35
4.266, 5563.85, 2630.88
4.267, 5565.02, 2631.42
4.268, 5566.19, 2631.95
4.269, 5567.36, 2632.48
4.27, 5568.53, 2633.02
4.271, 5569.71, 2633.55
4.272, 5570.88, 2634.08
4.273, 5572.05, 2634.62
4.274, 5573.22, 2635.15
4.275, 5574.39, 2635.69
4.276, 5575.56, 2636.22
4.277, 5576.73, 2636.75
4.278, 5577.91, 2637.29
4.279, 5579.08, 2637.82
4.28, 5580.25, 2638.35
4.281, 5581.42, 2638.89
4.282, 5582.59, 2639.42
4.283, 5583.76, 2639.95
4.284, 5584.93, 2640.49
4.285, 5586.1, 2641.02
4.286, 5587.27, 2641.55
4.287, 5588.44, 2642.08
4.288, 5589.61, 2642.62
4.289, 5590.79, 2643.15
4.29, 5591.96, 2643.68
4.291, 5593.13, 2644.22
4.292, 5594.3, 2644.75
4.293, 5595.47, 2645.28
4.294, 5596.64, 2645.82
4.295, 5597.81, 2646.35
4.296, 5598.98, 2646.88
4.297, 5600.15, 2647.41
4.298, 5601.32, 2647.95
4.299, 5602.49, 2648.48
4.3, 5603.66, 2649.01
4.301, 5604.83, 2649.54
4.302, 5606, 2650.08
4.303, 5607.17, 2650.61
4.304, 5608.34, 2651.14
4.305, 5609.51, 2651.68
4.306, 5610.68, 2652.21
4.307, 5611.85, 2652.74
4.308, 5613.02, 2653.27
4.309, 5614.19, 2653.81
4.31, 5615.36, 2654.34
4.311, 5616.53, 2654.87
4.312, 5617.7, 2655.4
4.313, 5618.87, 2655.93
4.314, 5620.04, 2656.47
4.315, 5621.21, 2657
4.316, 5622.37, 2657.53
4.317, 5623.54, 2658.06
4.318, 5624.71, 2658.6
4.319, 5625.88, 2659.13
4.32, 5627.05, 2659.66
4.321, 5628.22, 2660.19
4.322, 5629.39, 2660.72
4.323, 5630.56, 2661.26
4.324, 5631.73, 2661.79
4.325, 5632.9, 2662.32
4.326, 5634.06, 2662.85
4.327, 5635.23, 2663.38
4.328, 5636.4, 2663.91
4.329, 5637.57, 2664.45
4.33, 5638.74, 2664.98
4.331, 5639.91, 2665.51
4.332, 5641.08, 2666.04
4.333, 5642.25, 2666.57
4.334, 5643.41, 2667.1
4.335, 5644.58, 2667.64
4.336, 5645.75, 2668.17
4.337, 5646.92, 2668.7
4.338, 5648.09, 2669.23
4.339, 5649.26, 2669.76
4.34, 5650.42, 2670.29
4.341, 5651.59, 2670.83
4.342, 5652.76, 2671.36
4.343, 5653.93, 2671.89
4.344, 5655.1, 2672.42
4.345, 5656.26, 2672.95
4.346, 5657.43, 2673.48
4.347, 5658.6, 2674.01
4.348, 5659.77, 2674.54
4.349, 5660.93, 2675.07
4.35, 5662.1, 2675.61
4.351, 5663.27, 2676.14
4.352, 5664.44, 2676.67
4.353, 5665.6, 2677.2
4.354, 5666.77, 2677.73
4.355, 5667.94, 2678.26
4.356, 5669.11, 2678.79
4.357, 5670.27, 2679.32
4.358, 5671.44, 2679.85
4.359, 5672.61, 2680.38
4.36, 5673.78, 2680.92
4.361, 5674.94, 2681.45
4.362, 5676.11, 2681.98
4.363, 5677.28, 2682.51
4.364, 5678.44, 2683.04
4.365, 5679.61, 2683.57
4.366, 5680.78, 2684.1
4.367, 5681.95, 2684.63
4.368, 5683.11, 2685.16
4.369, 5684.28, 2685.69
4.37, 5685.45, 2686.22
4.371, 5686.61, 2686.75
4.372, 5687.78, 2687.28
4.373, 5688.95, 2687.81
4.374, 5690.11, 2688.34
4.375, 5691.28, 2688.87
4.376, 5692.44, 2689.4
4.377, 5693.61, 2689.93
4.378, 5694.78, 2690.46
4.379, 5695.94, 2690.99
4.38, 5697.11, 2691.52
4.381, 5698.28, 2692.05
4.382, 5699.44, 2692.58
4.383, 5700.61, 2693.11
4.384, 5701.77, 2693.64
4.385, 5702.94, 2694.17
4.386, 5704.11, 2694.7
4.387, 5705.27, 2695.23
4.388, 5706.44, 2695.76
4.389, 5707.6, 2696.29
4.39, 5708.77, 2696.82
4.391, 5709.93, 2697.35
4.392, 5711.1, 2697.88
4.393, 5712.27, 2698.41
4.394, 5713.43, 2698.94
4.395, 5714.6, 2699.47
4.396, 5715.76, 2700
4.397, 5716.93, 2700.53
4.398, 5718.09, 2701.06
4.399, 5719.26, 2701.59
4.4, 5720.42, 2702.12
4.401, 5721.59, 2702.65
4.402, 5722.75, 2703.18
4.403, 5723.92, 2703.71
4.404, 5725.08, 2704.24
4.405, 5726.25, 2704.77
4.406, 5727.41, 2705.3
4.407, 5728.58, 2705.83
4.408, 5729.74, 2706.35
4.409, 5730.91, 2706.88
4.41, 5732.07, 2707.41
4.411, 5733.24, 2707.94
4.412, 5734.4, 2708.47
4.413, 5735.57, 2709
4.414, 5736.73, 2709.53
4.415, 5737.9, 2710.06
4.416, 5739.06, 2710.59
4.417, 5740.23, 2711.12
4.418, 5741.39, 2711.65
4.419, 5742.55, 2712.17
4.42, 5743.72, 2712.7
4.421, 5744.88, 2713.23
4.422, 5746.05, 2713.76
4.423, 5747.21, 2714.29
4.424, 5748.37, 2714.82
4.425, 5749.54, 2715.35
4.426, 5750.7, 2715.88
4.427, 5751.87, 2716.4
4.428, 5753.03, 2716.93
4.429, 5754.19, 2717.46
4.43, 5755.36, 2717.99
4.431, 5756.52, 2718.52
4.432, 5757.69, 2719.05
4.433, 5758.85, 2719.58
4.434, 5760.01, 2720.1
4.435, 5761.18, 2720.63
4.436, 5762.34, 2721.16
4.437, 5763.5, 2721.69
4.438, 5764.67, 2722.22
4.439, 5765.83, 2722.75
4.44, 5766.99, 2723.27
4.441, 5768.16, 2723.8
4.442, 5769.32, 2724.33
4.443, 5770.48, 2724.86
4.444, 5771.65, 2725.39
4.445, 5772.81, 2725.91
4.446, 5773.97, 2726.44
4.447, 5775.14, 2726.97
4.448, 5776.3, 2727.5
4.449, 5777.46, 2728.03
4.45, 5778.62, 2728.55
4.451, 5779.79, 2729.08
4.452, 5780.95, 2729.61
4.453, 5782.11, 2730.14
4.454, 5783.27, 2730.67
4.455, 5784.44, 2731.19
4.456, 5785.6, 2731.72
4.457, 5786.76, 2732.25
4.458, 5787.92, 2732.78
4.459, 5789.09, 2733.3
4.46, 5790.25, 2733.83
4.461, 5791.41, 2734.36
4.462, 5792.57, 2734.89
4.463, 5793.74, 2735.41
4.464, 5794.9, 2735.94
4.465, 5796.06, 2736.47
4.466, 5797.22, 2737
4.467, 5798.38, 2737.52
4.468, 5799.55, 2738.05
4.469, 5800.71, 2738.58
4.47, 5801.87, 2739.11
4.471, 5803.03, 2739.63
4.472, 5804.19, 2740.16
4.473, 5805.36, 2740.69
4.474, 5806.52, 2741.21
4.475, 5807.68, 2741.74
4.476, 5808.84, 2742.27
4.477, 5810, 2742.8
4.478, 5811.16, 2743.32
4.479, 5812.33, 2743.85
4.48, 5813.49, 2744.38
4.481, 5814.65, 2744.9
4.482, 5815.81, 2745.43
4.483, 5816.97, 2745.96
4.484, 5818.13, 2746.48
4.485, 5819.29, 2747.01
4.486, 5820.45, 2747.54
4.487, 5821.62, 2748.06
4.488, 5822.78, 2748.59
4.489, 5823.94, 2749.12
4.49, 5825.1, 2749.65
4.491, 5826.26, 2750.17
4.492, 5827.42, 2750.7
4.493, 5828.58, 2751.22
4.494, 5829.74, 2751.75
4.495, 5830.9, 2752.28
4.496, 5832.06, 2752.8
4.497, 5833.22, 2753.33
4.498, 5834.38, 2753.86
4.499, 5835.54, 2754.38
4.5, 5836.7, 2754.91
4.501, 5837.86, 2755.44
4.502, 5839.03, 2755.96
4.503, 5840.19, 2756.49
4.504, 5841.35, 2757.01
4.505, 5842.51, 2757.54
4.506, 5843.67, 2758.07
4.507, 5844.83, 2758.59
4.508, 5845.99, 2759.12
4.509, 5847.15, 2759.65
4.51, 5848.31, 2760.17
4.511, 5849.47, 2760.7
4.512, 5850.63, 2761.22
4.513, 5851.79, 2761.75
4.514, 5852.95, 2762.28
4.515, 5854.11, 2762.8
4.516, 5855.27, 2763.33
4.517, 5856.42, 2763.85
4.518, 5857.58, 2764.38
4.519, 5858.74, 2764.9
4.52, 5859.9, 2765.43
4.521, 5861.06, 2765.96
4.522, 5862.22, 2766.48
4.523, 5863.38, 2767.01
4.524, 5864.54, 2767.53
4.525, 5865.7, 2768.06
4.526, 5866.86, 2768.58
4.527, 5868.02, 2769.11
4.528, 5869.18, 2769.63
4.529, 5870.34, 2770.16
4.53, 5871.5, 2770.69
4.531, 5872.65, 2771.21
4.532, 5873.81, 2771.74
4.533, 5874.97, 2772.26
4.534, 5876.13, 2772.79
4.535, 5877.29, 2773.31
4.536, 5878.45, 2773.84
4.537, 5879.61, 2774.36
4.538, 5880.77, 2774.89
4.539, 5881.92, 2775.41
4.54, 5883.08, 2775.94
4.541, 5884.24, 2776.46
4.542, 5885.4, 2776.99
4.543, 5886.56, 2777.51
4.544, 5887.72, 2778.04
4.545, 5888.88, 2778.56
4.546, 5890.03, 2779.09
4.547, 5891.19, 2779.61
4.548, 5892.35, 2780.14
4.549, 5893.51, 2780.66
4.55, 5894.67, 2781.19
4.551, 5895.82, 2781.71
4.552, 5896.98, 2782.24
4.553, 5898.14, 2782.76
4.554, 5899.3, 2783.29
4.555, 5900.46, 2783.81
4.556, 5901.61, 2784.33
4.557, 5902.77, 2784.86
4.558, 5903.93, 2785.38
4.559, 5905.09, 2785.91
4.56, 5906.24, 2786.43
4.561, 5907.4, 2786.96
4.562, 5908.56, 2787.48
4.563, 5909.72, 2788.01
4.564, 5910.87, 2788.53
4.565, 5912.03, 2789.05
4.566, 5913.19, 2789.58
4.567, 5914.35, 2790.1
4.568, 5915.5, 2790.63
4.569, 5916.66, 2791.15
4.57, 5917.82, 2791.68
4.571, 5918.97, 2792.2
4.572, 5920.13, 2792.72
4.573, 5921.29, 2793.25
4.574, 5922.45, 2793.77
4.575, 5923.6, 2794.3
4.576, 5924.76, 2794.82
4.577, 5925.92, 2795.34
4.578, 5927.07, 2795.87
4.579, 5928.23, 2796.39
4.58, 5929.39, 2796.92
4.581, 5930.54, 2797.44
4.582, 5931.7, 2797.96
4.583, 5932.86, 2798.49
4.584, 5934.01, 2799.01
4.585, 5935.17, 2799.53
4.586, 5936.32, 2800.06
4.587, 5937.48, 2800.58
4.588, 5938.64, 2801.1
4.589, 5939.79, 2801.63
4.59, 5940.95, 2802.15
4.591, 5942.11, 2802.68
4.592, 5943.26, 2803.2
4.593, 5944.42, 2803.72
4.594, 5945.57, 2804.25
4.595, 5946.73, 2804.77
4.596, 5947.89, 2805.29
4.597, 5949.04, 2805.82
4.598, 5950.2, 2806.34
4.599, 5951.35, 2806.86
4.6, 5952.51, 2807.39
4.601, 5953.66, 2807.91
4.602, 5954.82, 2808.43
4.603, 5955.98, 2808.95
4.604, 5957.13, 2809.48
4.605, 5958.29, 2810
4.606, 5959.44, 2810.52
4.607, 5960.6, 2811.05
4.608, 5961.75, 2811.57
4.609, 5962.91, 2812.09
4.61, 5964.06, 2812.62
4.611, 5965.22, 2813.14
4.612, 5966.37, 2813.66
4.613, 5967.53, 2814.18
4.614, 5968.68, 2814.71
4.615, 5969.84, 2815.23
4.616, 5970.99, 2815.75
4.617, 5972.15, 2816.28
4.618, 5973.3, 2816.8
4.619, 5974.46, 2817.32
4.62, 5975.61, 2817.84
4.621, 5976.77, 2818.37
4.622, 5977.92, 2818.89
4.623, 5979.08, 2819.41
4.624, 5980.23, 2819.93
4.625, 5981.39, 2820.46
4.626, 5982.54, 2820.98
4.627, 5983.7, 2821.5
4.628, 5984.85, 2822.02
4.629, 5986, 2822.55
4.63, 5987.16, 2823.07
4.631, 5988.31, 2823.59
4.632, 5989.47, 2824.11
4.633, 5990.62, 2824.63
4.634, 5991.78, 2825.16
4.635, 5992.93, 2825.68
4.636, 5994.08, 2826.2
4.637, 5995.24, 2826.72
4.638, 5996.39, 2827.24
4.639, 5997.54, 2827.77
4.64, 5998.7, 2828.29
4.641, 5999.85, 2828.81
4.642, 6001.01, 2829.33
4.643, 6002.16, 2829.85
4.644, 6003.31, 2830.38
4.645, 6004.47, 2830.9
4.646, 6005.62, 2831.42
4.647, 6006.77, 2831.94
4.648, 6007.93, 2832.46
4.649, 6009.08, 2832.98
4.65, 6010.23, 2833.51
4.651, 6011.39, 2834.03
4.652, 6012.54, 2834.55
4.653, 6013.69, 2835.07
4.654, 6014.85, 2835.59
4.655, 6016, 2836.11
4.656, 6017.15, 2836.64
4.657, 6018.31, 2837.16
4.658, 6019.46, 2837.68
4.659, 6020.61, 2838.2
4.66, 6021.77, 2838.72
4.661, 6022.92, 2839.24
4.662, 6024.07, 2839.76
4.663, 6025.22, 2840.29
4.664, 6026.38, 2840.81
4.665, 6027.53, 2841.33
4.666, 6028.68, 2841.85
4.667, 6029.83, 2842.37
4.668, 6030.99, 2842.89
4.669, 6032.14, 2843.41
4.67, 6033.29, 2843.93
4.671, 6034.44, 2844.45
4.672, 6035.6, 2844.98
4.673, 6036.75, 2845.5
4.674, 6037.9, 2846.02
4.675, 6039.05, 2846.54
4.676, 6040.21, 2847.06
4.677, 6041.36, 2847.58
4.678, 6042.51, 2848.1
4.679, 6043.66, 2848.62
4.68, 6044.81, 2849.14
4.681, 6045.97, 2849.66
4.682, 6047.12, 2850.18
4.683, 6048.27, 2850.7
4.684, 6049.42, 2851.22
4.685, 6050.57, 2851.75
4.686, 6051.72, 2852.27
4.687, 6052.88, 2852.79
4.688, 6054.03, 2853.31
4.689, 6055.18, 2853.83
4.69, 6056.33, 2854.35
4.691, 6057.48, 2854.87
4.692, 6058.63, 2855.39
4.693, 6059.79, 2855.91
4.694, 6060.94, 2856.43
4.695, 6062.09, 2856.95
4.696, 6063.24, 2857.47
4.697, 6064.39, 2857.99
4.698, 6065.54, 2858.51
4.699, 6066.69, 2859.03
4.7, 6067.84, 2859.55
4.701, 6068.99, 2860.07
4.702, 6070.15, 2860.59
4.703, 6071.3, 2861.11
4.704, 6072.45, 2861.63
4.705, 6073.6, 2862.15
4.706, 6074.75, 2862.67
4.707, 6075.9, 2863.19
4.708, 6077.05, 2863.71
4.709, 6078.2, 2864.23
4.71, 6079.35, 2864.75
4.711, 6080.5, 2865.27
4.712, 6081.65, 2865.79
4.713, 6082.8, 2866.31
4.714, 6083.95, 2866.83
4.715, 6085.1, 2867.35
4.716, 6086.25, 2867.87
4.717, 6087.4, 2868.39
4.718, 6088.55, 2868.91
4.719, 6089.7, 2869.43
4.72, 6090.85, 2869.95
4.721, 6092, 2870.47
4.722, 6093.15, 2870.99
4.723, 6094.3, 2871.5
4.724, 6095.45, 2872.02
4.725, 6096.6, 2872.54
4.726, 6097.75, 2873.06
4.727, 6098.9, 2873.58
4.728, 6100.05, 2874.1
4.729, 6101.2, 2874.62
4.73, 6102.35, 2875.14
4.731, 6103.5, 2875.66
4.732, 6104.65, 2876.18
4.733, 6105.8, 2876.7
4.734, 6106.95, 2877.22
4.735, 6108.1, 2877.74
4.736, 6109.25, 2878.25
4.737, 6110.4, 2878.77
4.738, 6111.55, 2879.29
4.739, 6112.7, 2879.81
4.74, 6113.85, 2880.33
4.741, 6115, 2880.85
4.742, 6116.15, 2881.37
4.743, 6117.29, 2881.89
4.744, 6118.44, 2882.41
4.745, 6119.59, 2882.92
4.746, 6120.74, 2883.44
4.747, 6121.89, 2883.96
4.748, 6123.04, 2884.48
4.749, 6124.19, 2885
4.75, 6125.34, 2885.52
4.751, 6126.49, 2886.04
4.752, 6127.63, 2886.55
4.753, 6128.78, 2887.07
4.754, 6129.93, 2887.59
4.755, 6131.08, 2888.11
4.756, 6132.23, 2888.63
4.757, 6133.38, 2889.15
4.758, 6134.52, 2889.66
4.759, 6135.67, 2890.18
4.76, 6136.82, 2890.7
4.761, 6137.97, 2891.22
4.762, 6139.12, 2891.74
4.763, 6140.27, 2892.26
4.764, 6141.41, 2892.77
4.765, 6142.56, 2893.29
4.766, 6143.71, 2893.81
4.767, 6144.86, 2894.33
4.768, 6146.01, 2894.85
4.769, 6147.15, 2895.36
4.77, 6148.3, 2895.88
4.771, 6149.45, 2896.4
4.772, 6150.6, 2896.92
4.773, 6151.74, 2897.44
4.774, 6152.89, 2897.95
4.775, 6154.04, 2898.47
4.776, 6155.19, 2898.99
4.777, 6156.33, 2899.51
4.778, 6157.48, 2900.03
4.779, 6158.63, 2900.54
4.78, 6159.78, 2901.06
4.781, 6160.92, 2901.58
4.782, 6162.07, 2902.1
4.783, 6163.22, 2902.61
4.784, 6164.37, 2903.13
4.785, 6165.51, 2903.65
4.786, 6166.66, 2904.17
4.787, 6167.81, 2904.68
4.788, 6168.95, 2905.2
4.789, 6170.1, 2905.72
4.79, 6171.25, 2906.24
4.791, 6172.39, 2906.75
4.792, 6173.54, 2907.27
4.793, 6174.69, 2907.79
4.794, 6175.83, 2908.3
4.795, 6176.98, 2908.82
4.796, 6178.13, 2909.34
4.797, 6179.27, 2909.86
4.798, 6180.42, 2910.37
4.799, 6181.57, 2910.89
4.8, 6182.71, 2911.41
4.801, 6183.86, 2911.92
4.802, 6185.01, 2912.44
4.803, 6186.15, 2912.96
4.804, 6187.3, 2913.48
4.805, 6188.45, 2913.99
4.806, 6189.59, 2914.51
4.807, 6190.74, 2915.03
4.808, 6191.88, 2915.54
4.809, 6193.03, 2916.06
4.81, 6194.18, 2916.58
4.811, 6195.32, 2917.09
4.812, 6196.47, 2917.61
4.813, 6197.61, 2918.13
4.814, 6198.76, 2918.64
4.815, 6199.91, 2919.16
4.816, 6201.05, 2919.68
4.817, 6202.2, 2920.19
4.818, 6203.34, 2920.71
4.819, 6204.49, 2921.23
4.82, 6205.63, 2921.74
4.821, 6206.78, 2922.26
4.822, 6207.92, 2922.78
4.823, 6209.07, 2923.29
4.824, 6210.21, 2923.81
4.825, 6211.36, 2924.32
4.826, 6212.51, 2924.84
4.827, 6213.65, 2925.36
4.828, 6214.8, 2925.87
4.829, 6215.94, 2926.39
4.83, 6217.09, 2926.91
4.831, 6218.23, 2927.42
4.832, 6219.38, 2927.94
4.833, 6220.52, 2928.45
4.834, 6221.67, 2928.97
4.835, 6222.81, 2929.49
4.836, 6223.96, 2930
4.837, 6225.1, 2930.52
4.838, 6226.24, 2931.03
4.839, 6227.39, 2931.55
4.84, 6228.53, 2932.07
4.841, 6229.68, 2932.58
4.842, 6230.82, 2933.1
4.843, 6231.97, 2933.61
4.844, 6233.11, 2934.13
4.845, 6234.26, 2934.64
4.846, 6235.4, 2935.16
4.847, 6236.55, 2935.68
4.848, 6237.69, 2936.19
4.849, 6238.83, 2936.71
4.85, 6239.98, 2937.22
4.851, 6241.12, 2937.74
4.852, 6242.27, 2938.25
4.853, 6243.41, 2938.77
4.854, 6244.55, 2939.28
4.855, 6245.7, 2939.8
4.856, 6246.84, 2940.31
4.857, 6247.99, 2940.83
4.858, 6249.13, 2941.35
4.859, 6250.27, 2941.86
4.86, 6251.42, 2942.38
4.861, 6252.56, 2942.89
4.862, 6253.7, 2943.41
4.863, 6254.85, 2943.92
4.864, 6255.99, 2944.44
4.865, 6257.13, 2944.95
4.866, 6258.28, 2945.47
4.867, 6259.42, 2945.98
4.868, 6260.56, 2946.5
4.869, 6261.71, 2947.01
4.87, 6262.85, 2947.53
4.871, 6263.99, 2948.04
4.872, 6265.14, 2948.56
4.873, 6266.28, 2949.07
4.874, 6267.42, 2949.59
4.875, 6268.57, 2950.1
4.876, 6269.71, 2950.62
4.877, 6270.85, 2951.13
4.878, 6272, 2951.65
4.879, 6273.14, 2952.16
4.88, 6274.28, 2952.67
4.881, 6275.42, 2953.19
4.882, 6276.57, 2953.7
4.883, 6277.71, 2954.22
4.884, 6278.85, 2954.73
4.885, 6279.99, 2955.25
4.886, 6281.14, 2955.76
4.887, 6282.28, 2956.28
4.888, 6283.42, 2956.79
4.889, 6284.56, 2957.3
4.89, 6285.71, 2957.82
4.891, 6286.85, 2958.33
4.892, 6287.99, 2958.85
4.893, 6289.13, 2959.36
4.894, 6290.28, 2959.88
4.895, 6291.42, 2960.39
4.896, 6292.56, 2960.9
4.897, 6293.7, 2961.42
4.898, 6294.84, 2961.93
4.899, 6295.99, 2962.45
4.9, 6297.13, 2962.96
4.901, 6298.27, 2963.47
4.902, 6299.41, 2963.99
4.903, 6300.55, 2964.5
4.904, 6301.69, 2965.02
4.905, 6302.84, 2965.53
4.906, 6303.98, 2966.04
4.907, 6305.12, 2966.56
4.908, 6306.26, 2967.07
4.909, 6307.4, 2967.59
4.91, 6308.54, 2968.1
4.911, 6309.69, 2968.61
4.912, 6310.83, 2969.13
4.913, 6311.97, 2969.64
4.914, 6313.11, 2970.15
4.915, 6314.25, 2970.67
4.916, 6315.39, 2971.18
4.917, 6316.53, 2971.69
4.918, 6317.67, 2972.21
4.919, 6318.82, 2972.72
4.92, 6319.96, 2973.24
4.921, 6321.1, 2973.75
4.922, 6322.24, 2974.26
4.923, 6323.38, 2974.78
4.924, 6324.52, 2975.29
4.925, 6325.66, 2975.8
4.926, 6326.8, 2976.32
4.927, 6327.94, 2976.83
4.928, 6329.08, 2977.34
4.929, 6330.22, 2977.85
4.93, 6331.36, 2978.37
4.931, 6332.5, 2978.88
4.932, 6333.64, 2979.39
4.933, 6334.79, 2979.91
4.934, 6335.93, 2980.42
4.935, 6337.07, 2980.93
4.936, 6338.21, 2981.45
4.937, 6339.35, 2981.96
4.938, 6340.49, 2982.47
4.939, 6341.63, 2982.98
4.94, 6342.77, 2983.5
4.941, 6343.91, 2984.01
4.942, 6345.05, 2984.52
4.943, 6346.19, 2985.04
4.944, 6347.33, 2985.55
4.945, 6348.47, 2986.06
4.946, 6349.61, 2986.57
4.947, 6350.75, 2987.09
4.948, 6351.89, 2987.6
4.949, 6353.03, 2988.11
4.95, 6354.17, 2988.62
4.951, 6355.3, 2989.14
4.952, 6356.44, 2989.65
4.953, 6357.58, 2990.16
4.954, 6358.72, 2990.67
4.955, 6359.86, 2991.19
4.956, 6361, 2991.7
4.957, 6362.14, 2992.21
4.958, 6363.28, 2992.72
4.959, 6364.42, 2993.24
4.96, 6365.56, 2993.75
4.961, 6366.7, 2994.26
4.962, 6367.84, 2994.77
4.963, 6368.98, 2995.28
4.964, 6370.12, 2995.8
4.965, 6371.25, 2996.31
4.966, 6372.39, 2996.82
4.967, 6373.53, 2997.33
4.968, 6374.67, 2997.84
4.969, 6375.81, 2998.36
4.97, 6376.95, 2998.87
4.971, 6378.09, 2999.38
4.972, 6379.23, 2999.89
4.973, 6380.36, 3000.4
4.974, 6381.5, 3000.92
4.975, 6382.64, 3001.43
4.976, 6383.78, 3001.94
4.977, 6384.92, 3002.45
4.978, 6386.06, 3002.96
4.979, 6387.2, 3003.47
4.98, 6388.33, 3003.99
4.981, 6389.47, 3004.5
4.982, 6390.61, 3005.01
4.983, 6391.75, 3005.52
4.984, 6392.89, 3006.03
4.985, 6394.02, 3006.54
4.986, 6395.16, 3007.06
4.987, 6396.3, 3007.57
4.988, 6397.44, 3008.08
4.989, 6398.58, 3008.59
4.99, 6399.71, 3009.1
4.991, 6400.85, 3009.61
4.992, 6401.99, 3010.12
4.993, 6403.13, 3010.63
4.994, 6404.27, 3011.15
4.995, 6405.4, 3011.66
4.996, 6406.54, 3012.17
4.997, 6407.68, 3012.68
4.998, 6408.82, 3013.19
4.999, 6409.95, 3013.7
5, 6411.09, 3014.21
5.001, 6412.23, 3014.72
5.002, 6413.37, 3015.23
5.003, 6414.5, 3015.75
5.004, 6415.64, 3016.26
5.005, 6416.78, 3016.77
5.006, 6417.91, 3017.28
5.007, 6419.05, 3017.79
5.008, 6420.19, 3018.3
5.009, 6421.33, 3018.81
5.01, 6422.46, 3019.32
5.011, 6423.6, 3019.83
5.012, 6424.74, 3020.34
5.013, 6425.87, 3020.85
5.014, 6427.01, 3021.36
5.015, 6428.15, 3021.87
5.016, 6429.28, 3022.39
5.017, 6430.42, 3022.9
5.018, 6431.56, 3023.41
5.019, 6432.69, 3023.92
5.02, 6433.83, 3024.43
5.021, 6434.97, 3024.94
5.022, 6436.1, 3025.45
5.023, 6437.24, 3025.96
5.024, 6438.37, 3026.47
5.025, 6439.51, 3026.98
5.026, 6440.65, 3027.49
5.027, 6441.78, 3028
5.028, 6442.92, 3028.51
5.029, 6444.06, 3029.02
5.03, 6445.19, 3029.53
5.031, 6446.33, 3030.04
5.032, 6447.46, 3030.55
5.033, 6448.6, 3031.06
5.034, 6449.74, 3031.57
5.035, 6450.87, 3032.08
5.036, 6452.01, 3032.59
5.037, 6453.14, 3033.1
5.038, 6454.28, 3033.61
5.039, 6455.41, 3034.12
5.04, 6456.55, 3034.63
5.041, 6457.69, 3035.14
5.042, 6458.82, 3035.65
5.043, 6459.96, 3036.16
5.044, 6461.09, 3036.67
5.045, 6462.23, 3037.18
5.046, 6463.36, 3037.69
5.047, 6464.5, 3038.2
5.048, 6465.63, 3038.71
5.049, 6466.77, 3039.22
5.05, 6467.9, 3039.73
5.051, 6469.04, 3040.24
5.052, 6470.17, 3040.75
5.053, 6471.31, 3041.26
5.054, 6472.44, 3041.76
5.055, 6473.58, 3042.27
5.056, 6474.71, 3042.78
5.057, 6475.85, 3043.29
5.058, 6476.98, 3043.8
5.059, 6478.12, 3044.31
5.06, 6479.25, 3044.82
5.061, 6480.39, 3045.33
5.062, 6481.52, 3045.84
5.063, 6482.66, 3046.35
5.064, 6483.79, 3046.86
5.065, 6484.93, 3047.37
5.066, 6486.06, 3047.88
5.067, 6487.2, 3048.38
5.068, 6488.33, 3048.89
5.069, 6489.46, 3049.4
5.07, 6490.6, 3049.91
5.071, 6491.73, 3050.42
5.072, 6492.87, 3050.93
5.073, 6494, 3051.44
5.074, 6495.14, 3051.95
5.075, 6496.27, 3052.46
5.076, 6497.4, 3052.96
5.077, 6498.54, 3053.47
5.078, 6499.67, 3053.98
5.079, 6500.81, 3054.49
5.08, 6501.94, 3055
5.081, 6503.07, 3055.51
5.082, 6504.21, 3056.02
5.083, 6505.34, 3056.53
5.084, 6506.47, 3057.03
5.085, 6507.61, 3057.54
5.086, 6508.74, 3058.05
5.087, 6509.88, 3058.56
5.088, 6511.01, 3059.07
5.089, 6512.14, 3059.58
5.09, 6513.28, 3060.08
5.091, 6514.41, 3060.59
5.092, 6515.54, 3061.1
5.093, 6516.68, 3061.61
5.094, 6517.81, 3062.12
5.095, 6518.94, 3062.63
5.096, 6520.08, 3063.13
5.097, 6521.21, 3063.64
5.098, 6522.34, 3064.15
5.099, 6523.47, 3064.66
5.1, 6524.61, 3065.17
5.101, 6525.74, 3065.67
5.102, 6526.87, 3066.18
5.103, 6528.01, 3066.69
5.104, 6529.14, 3067.2
5.105, 6530.27, 3067.71
5.106, 6531.4, 3068.21
5.107, 6532.54, 3068.72
5.108, 6533.67, 3069.23
5.109, 6534.8, 3069.74
5.11, 6535.94, 3070.25
5.111, 6537.07, 3070.75
5.112, 6538.2, 3071.26
5.113, 6539.33, 3071.77
5.114, 6540.47, 3072.28
5.115, 6541.6, 3072.78
5.116, 6542.73, 3073.29
5.117, 6543.86, 3073.8
5.118, 6544.99, 3074.31
5.119, 6546.13, 3074.81
5.12, 6547.26, 3075.32
5.121, 6548.39, 3075.83
5.122, 6549.52, 3076.34
5.123, 6550.65, 3076.84
5.124, 6551.79, 3077.35
5.125, 6552.92, 3077.86
5.126, 6554.05, 3078.37
5.127, 6555.18, 3078.87
5.128, 6556.31, 3079.38
5.129, 6557.45, 3079.89
5.13, 6558.58, 3080.4
5.131, 6559.71, 3080.9
5.132, 6560.84, 3081.41
5.133, 6561.97, 3081.92
5.134, 6563.1, 3082.42
5.135, 6564.23, 3082.93
5.136, 6565.37, 3083.44
5.137, 6566.5, 3083.94
5.138, 6567.63, 3084.45
5.139, 6568.76, 3084.96
5.14, 6569.89, 3085.47
5.141, 6571.02, 3085.97
5.142, 6572.15, 3086.48
5.143, 6573.28, 3086.99
5.144, 6574.42, 3087.49
5.145, 6575.55, 3088
5.146, 6576.68, 3088.51
5.147, 6577.81, 3089.01
5.148, 6578.94, 3089.52
5.149, 6580.07, 3090.03
5.15, 6581.2, 3090.53
5.151, 6582.33, 3091.04
5.152, 6583.46, 3091.55
5.153, 6584.59, 3092.05
5.154, 6585.72, 3092.56
5.155, 6586.85, 3093.07
5.156, 6587.99, 3093.57
5.157, 6589.12, 3094.08
5.158, 6590.25, 3094.58
5.159, 6591.38, 3095.09
5.16, 6592.51, 3095.6
5.161, 6593.64, 3096.1
5.162, 6594.77, 3096.61
5.163, 6595.9, 3097.12
5.164, 6597.03, 3097.62
5.165, 6598.16, 3098.13
5.166, 6599.29, 3098.63
5.167, 6600.42, 3099.14
5.168, 6601.55, 3099.65
5.169, 6602.68, 3100.15
5.17, 6603.81, 3100.66
5.171, 6604.94, 3101.16
5.172, 6606.07, 3101.67
5.173, 6607.2, 3102.18
5.174, 6608.33, 3102.68
5.175, 6609.46, 3103.19
5.176, 6610.59, 3103.69
5.177, 6611.72, 3104.2
5.178, 6612.85, 3104.71
5.179, 6613.98, 3105.21
5.18, 6615.11, 3105.72
5.181, 6616.23, 3106.22
5.182, 6617.36, 3106.73
5.183, 6618.49, 3107.23
5.184, 6619.62, 3107.74
5.185, 6620.75, 3108.25
5.186, 6621.88, 3108.75
5.187, 6623.01, 3109.26
5.188, 6624.14, 3109.76
5.189, 6625.27, 3110.27
5.19, 6626.4, 3110.77
5.191, 6627.53, 3111.28
5.192, 6628.66, 3111.78
5.193, 6629.78, 3112.29
5.194, 6630.91, 3112.79
5.195, 6632.04, 3113.3
5.196, 6633.17, 3113.8
5.197, 6634.3, 3114.31
5.198, 6635.43, 3114.82
5.199, 6636.56, 3115.32
5.2, 6637.69, 3115.83
5.201, 6638.81, 3116.33
5.202, 6639.94, 3116.84
5.203, 6641.07, 3117.34
5.204, 6642.2, 3117.85
5.205, 6643.33, 3118.35
5.206, 6644.46, 3118.86
5.207, 6645.59, 3119.36
5.208, 6646.71, 3119.87
5.209, 6647.84, 3120.37
5.21, 6648.97, 3120.88
5.211, 6650.1, 3121.38
5.212, 6651.23, 3121.89
5.213, 6652.35, 3122.39
5.214, 6653.48, 3122.89
5.215, 6654.61, 3123.4
5.216, 6655.74, 3123.9
5.217, 6656.87, 3124.41
5.218, 6657.99, 3124.91
5.219, 6659.12, 3125.42
5.22, 6660.25, 3125.92
5.221, 6661.38, 3126.43
5.222, 6662.5, 3126.93
5.223, 6663.63, 3127.44
5.224, 6664.76, 3127.94
5.225, 6665.89, 3128.44
5.226, 6667.02, 3128.95
5.227, 6668.14, 3129.45
5.228, 6669.27, 3129.96
5.229, 6670.4, 3130.46
5.23, 6671.52, 3130.97
5.231, 6672.65, 3131.47
5.232, 6673.78, 3131.97
5.233, 6674.91, 3132.48
5.234, 6676.03, 3132.98
5.235, 6677.16, 3133.49
5.236, 6678.29, 3133.99
5.237, 6679.41, 3134.5
5.238, 6680.54, 3135
5.239, 6681.67, 3135.5
5.24, 6682.8, 3136.01
5.241, 6683.92, 3136.51
5.242, 6685.05, 3137.02
5.243, 6686.18, 3137.52
5.244, 6687.3, 3138.02
5.245, 6688.43, 3138.53
5.246, 6689.56, 3139.03
5.247, 6690.68, 3139.53
5.248, 6691.81, 3140.04
5.249, 6692.94, 3140.54
5.25, 6694.06, 3141.05
5.251, 6695.19, 3141.55
5.252, 6696.32, 3142.05
5.253, 6697.44, 3142.56
5.254, 6698.57, 3143.06
5.255, 6699.69, 3143.56
5.256, 6700.82, 3144.07
5.257, 6701.95, 3144.57
5.258, 6703.07, 3145.07
5.259, 6704.2, 3145.58
5.26, 6705.32, 3146.08
5.261, 6706.45, 3146.58
5.262, 6707.58, 3147.09
5.263, 6708.7, 3147.59
5.264, 6709.83, 3148.09
5.265, 6710.95, 3148.6
5.266, 6712.08, 3149.1
5.267, 6713.21, 3149.6
5.268, 6714.33, 3150.11
5.269, 6715.46, 3150.61
5.27, 6716.58, 3151.11
5.271, 6717.71, 3151.62
5.272, 6718.83, 3152.12
5.273, 6719.96, 3152.62
5.274, 6721.08, 3153.13
5.275, 6722.21, 3153.63
5.276, 6723.34, 3154.13
5.277, 6724.46, 3154.63
5.278, 6725.59, 3155.14
5.279, 6726.71, 3155.64
5.28, 6727.84, 3156.14
5.281, 6728.96, 3156.65
5.282, 6730.09, 3157.15
5.283, 6731.21, 3157.65
5.284, 6732.34, 3158.15
5.285, 6733.46, 3158.66
5.286, 6734.59, 3159.16
5.287, 6735.71, 3159.66
5.288, 6736.84, 3160.16
5.289, 6737.96, 3160.67
5.29, 6739.09, 3161.17
5.291, 6740.21, 3161.67
5.292, 6741.34, 3162.17
5.293, 6742.46, 3162.68
5.294, 6743.58, 3163.18
5.295, 6744.71, 3163.68
5.296, 6745.83, 3164.18
5.297, 6746.96, 3164.69
5.298, 6748.08, 3165.19
5.299, 6749.21, 3165.69
5.3, 6750.33, 3166.19
5.301, 6751.46, 3166.69
5.302, 6752.58, 3167.2
5.303, 6753.7, 3167.7
5.304, 6754.83, 3168.2
5.305, 6755.95, 3168.7
5.306, 6757.08, 3169.21
5.307, 6758.2, 3169.71
5.308, 6759.32, 3170.21
5.309, 6760.45, 3170.71
5.31, 6761.57, 3171.21
5.311, 6762.7, 3171.72
5.312, 6763.82, 3172.22
5.313, 6764.94, 3172.72
5.314, 6766.07, 3173.22
5.315, 6767.19, 3173.72
5.316, 6768.31, 3174.22
5.317, 6769.44, 3174.73
5.318, 6770.56, 3175.23
5.319, 6771.68, 3175.73
5.32, 6772.81, 3176.23
5.321, 6773.93, 3176.73
5.322, 6775.06, 3177.23
5.323, 6776.18, 3177.74
5.324, 6777.3, 3178.24
5.325, 6778.43, 3178.74
5.326, 6779.55, 3179.24
5.327, 6780.67, 3179.74
5.328, 6781.79, 3180.24
5.329, 6782.92, 3180.74
5.33, 6784.04, 3181.25
5.331, 6785.16, 3181.75
5.332, 6786.29, 3182.25
5.333, 6787.41, 3182.75
5.334, 6788.53, 3183.25
5.335, 6789.66, 3183.75
5.336, 6790.78, 3184.25
5.337, 6791.9, 3184.75
5.338, 6793.02, 3185.26
5.339, 6794.15, 3185.76
5.34, 6795.27, 3186.26
5.341, 6796.39, 3186.76
5.342, 6797.51, 3187.26
5.343, 6798.64, 3187.76
5.344, 6799.76, 3188.26
5.345, 6800.88, 3188.76
5.346, 6802, 3189.26
5.347, 6803.13, 3189.76
5.348, 6804.25, 3190.27
5.349, 6805.37, 3190.77
5.35, 6806.49, 3191.27
5.351, 6807.61, 3191.77
5.352, 6808.74, 3192.27
5.353, 6809.86, 3192.77
5.354, 6810.98, 3193.27
5.355, 6812.1, 3193.77
5.356, 6813.22, 3194.27
5.357, 6814.35, 3194.77
5.358, 6815.47, 3195.27
5.359, 6816.59, 3195.77
5.36, 6817.71, 3196.27
5.361, 6818.83, 3196.77
5.362, 6819.96, 3197.27
5.363, 6821.08, 3197.77
5.364, 6822.2, 3198.28
5.365, 6823.32, 3198.78
5.366, 6824.44, 3199.28
5.367, 6825.56, 3199.78
5.368, 6826.68, 3200.28
5.369, 6827.81, 3200.78
5.37, 6828.93, 3201.28
5.371, 6830.05, 3201.78
5.372, 6831.17, 3202.28
5.373, 6832.29, 3202.78
5.374, 6833.41, 3203.28
5.375, 6834.53, 3203.78
5.376, 6835.65, 3204.28
5.377, 6836.78, 3204.78
5.378, 6837.9, 3205.28
5.379, 6839.02, 3205.78
5.38, 6840.14, 3206.28
5.381, 6841.26, 3206.78
5.382, 6842.38, 3207.28
5.383, 6843.5, 3207.78
5.384, 6844.62, 3208.28
5.385, 6845.74, 3208.78
5.386, 6846.86, 3209.28
5.387, 6847.98, 3209.78
5.388, 6849.1, 3210.28
5.389, 6850.22, 3210.78
5.39, 6851.35, 3211.28
5.391, 6852.47, 3211.77
5.392, 6853.59, 3212.27
5.393, 6854.71, 3212.77
5.394, 6855.83, 3213.27
5.395, 6856.95, 3213.77
5.396, 6858.07, 3214.27
5.397, 6859.19, 3214.77
5.398, 6860.31, 3215.27
5.399, 6861.43, 3215.77
5.4, 6862.55, 3216.27
5.401, 6863.67, 3216.77
5.402, 6864.79, 3217.27
5.403, 6865.91, 3217.77
5.404, 6867.03, 3218.27
5.405, 6868.15, 3218.77
5.406, 6869.27, 3219.27
5.407, 6870.39, 3219.76
5.408, 6871.51, 3220.26
5.409, 6872.63, 3220.76
5.41, 6873.75, 3221.26
5.411, 6874.87, 3221.76
5.412, 6875.99, 3222.26
5.413, 6877.11, 3222.76
5.414, 6878.22, 3223.26
5.415, 6879.34, 3223.76
5.416, 6880.46, 3224.26
5.417, 6881.58, 3224.75
5.418, 6882.7, 3225.25
5.419, 6883.82, 3225.75
5.42, 6884.94, 3226.25
5.421, 6886.06, 3226.75
5.422, 6887.18, 3227.25
5.423, 6888.3, 3227.75
5.424, 6889.42, 3228.25
5.425, 6890.54, 3228.74
5.426, 6891.66, 3229.24
5.427, 6892.77, 3229.74
5.428, 6893.89, 3230.24
5.429, 6895.01, 3230.74
5.43, 6896.13, 3231.24
5.431, 6897.25, 3231.74
5.432, 6898.37, 3232.23
5.433, 6899.49, 3232.73
5.434, 6900.61, 3233.23
5.435, 6901.72, 3233.73
5.436, 6902.84, 3234.23
5.437, 6903.96, 3234.73
5.438, 6905.08, 3235.22
5.439, 6906.2, 3235.72
5.44, 6907.32, 3236.22
5.441, 6908.43, 3236.72
5.442, 6909.55, 3237.22
5.443, 6910.67, 3237.72
5.444, 6911.79, 3238.21
5.445, 6912.91, 3238.71
5.446, 6914.03, 3239.21
5.447, 6915.14, 3239.71
5.448, 6916.26, 3240.21
5.449, 6917.38, 3240.7
5.45, 6918.5, 3241.2
5.451, 6919.62, 3241.7
5.452, 6920.73, 3242.2
5.453, 6921.85, 3242.7
5.454, 6922.97, 3243.19
5.455, 6924.09, 3243.69
5.456, 6925.2, 3244.19
5.457, 6926.32, 3244.69
5.458, 6927.44, 3245.18
5.459, 6928.56, 3245.68
5.46, 6929.68, 3246.18
5.461, 6930.79, 3246.68
5.462, 6931.91, 3247.17
5.463, 6933.03, 3247.67
5.464, 6934.15, 3248.17
5.465, 6935.26, 3248.67
5.466, 6936.38, 3249.16
5.467, 6937.5, 3249.66
5.468, 6938.61, 3250.16
5.469, 6939.73, 3250.66
5.47, 6940.85, 3251.15
5.471, 6941.97, 3251.65
5.472, 6943.08, 3252.15
5.473, 6944.2, 3252.65
5.474, 6945.32, 3253.14
5.475, 6946.43, 3253.64
5.476, 6947.55, 3254.14
5.477, 6948.67, 3254.63
5.478, 6949.78, 3255.13
5.479, 6950.9, 3255.63
5.48, 6952.02, 3256.13
5.481, 6953.13, 3256.62
5.482, 6954.25, 3257.12
5.483, 6955.37, 3257.62
5.484, 6956.48, 3258.11
5.485, 6957.6, 3258.61
5.486, 6958.72, 3259.11
5.487, 6959.83, 3259.6
5.488, 6960.95, 3260.1
5.489, 6962.07, 3260.6
5.49, 6963.18, 3261.1
5.491, 6964.3, 3261.59
5.492, 6965.41, 3262.09
5.493, 6966.53, 3262.59
5.494, 6967.65, 3263.08
5.495, 6968.76, 3263.58
5.496, 6969.88, 3264.08
5.497, 6971, 3264.57
5.498, 6972.11, 3265.07
5.499, 6973.23, 3265.57
5.5, 6974.34, 3266.06
5.501, 6975.46, 3266.56
5.502, 6976.57, 3267.05
5.503, 6977.69, 3267.55
5.504, 6978.81, 3268.05
5.505, 6979.92, 3268.54
5.506, 6981.04, 3269.04
5.507, 6982.15, 3269.54
5.508, 6983.27, 3270.03
5.509, 6984.38, 3270.53
5.51, 6985.5, 3271.03
5.511, 6986.62, 3271.52
5.512, 6987.73, 3272.02
5.513, 6988.85, 3272.51
5.514, 6989.96, 3273.01
5.515, 6991.08, 3273.51
5.516, 6992.19, 3274
5.517, 6993.31, 3274.5
5.518, 6994.42, 3274.99
5.519, 6995.54, 3275.49
5.52, 6996.65, 3275.99
5.521, 6997.77, 3276.48
5.522, 6998.88, 3276.98
5.523, 7000, 3277.47
5.524, 7001.11, 3277.97
5.525, 7002.23, 3278.47
5.526, 7003.34, 3278.96
5.527, 7004.46, 3279.46
5.528, 7005.57, 3279.95
5.529, 7006.69, 3280.45
5.53, 7007.8, 3280.94
5.531, 7008.91, 3281.44
5.532, 7010.03, 3281.93
5.533, 7011.14, 3282.43
5.534, 7012.26, 3282.93
5.535, 7013.37, 3283.42
5.536, 7014.49, 3283.92
5.537, 7015.6, 3284.41
5.538, 7016.72, 3284.91
5.539, 7017.83, 3285.4
5.54, 7018.94, 3285.9
5.541, 7020.06, 3286.39
5.542, 7021.17, 3286.89
5.543, 7022.29, 3287.38
5.544, 7023.4, 3287.88
5.545, 7024.51, 3288.38
5.546, 7025.63, 3288.87
5.547, 7026.74, 3289.37
5.548, 7027.86, 3289.86
5.549, 7028.97, 3290.36
5.55, 7030.08, 3290.85
5.551, 7031.2, 3291.35
5.552, 7032.31, 3291.84
5.553, 7033.43, 3292.34
5.554, 7034.54, 3292.83
5.555, 7035.65, 3293.33
5.556, 7036.77, 3293.82
5.557, 7037.88, 3294.32
5.558, 7038.99, 3294.81
5.559, 7040.11, 3295.31
5.56, 7041.22, 3295.8
5.561, 7042.33, 3296.3
5.562, 7043.45, 3296.79
5.563, 7044.56, 3297.28
5.564, 7045.67, 3297.78
5.565, 7046.79, 3298.27
5.566, 7047.9, 3298.77
5.567, 7049.01, 3299.26
5.568, 7050.13, 3299.76
5.569, 7051.24, 3300.25
5.57, 7052.35, 3300.75
5.571, 7053.46, 3301.24
5.572, 7054.58, 3301.74
5.573, 7055.69, 3302.23
5.574, 7056.8, 3302.72
5.575, 7057.92, 3303.22
5.576, 7059.03, 3303.71
5.577, 7060.14, 3304.21
5.578, 7061.25, 3304.7
5.579, 7062.37, 3305.2
5.58, 7063.48, 3305.69
5.581, 7064.59, 3306.18
5.582, 7065.7, 3306.68
5.583, 7066.82, 3307.17
5.584, 7067.93, 3307.67
5.585, 7069.04, 3308.16
5.586, 7070.15, 3308.66
5.587, 7071.27, 3309.15
5.588, 7072.38, 3309.64
5.589, 7073.49, 3310.14
5.59, 7074.6, 3310.63
5.591, 7075.71, 3311.13
5.592, 7076.83, 3311.62
5.593, 7077.94, 3312.11
5.594, 7079.05, 3312.61
5.595, 7080.16, 3313.1
5.596, 7081.27, 3313.59
5.597, 7082.39, 3314.09
5.598, 7083.5, 3314.58
5.599, 7084.61, 3315.08
5.6, 7085.72, 3315.57
5.601, 7086.83, 3316.06
5.602, 7087.94, 3316.56
5.603, 7089.06, 3317.05
5.604, 7090.17, 3317.54
5.605, 7091.28, 3318.04
5.606, 7092.39, 3318.53
5.607, 7093.5, 3319.02
5.608, 7094.61, 3319.52
5.609, 7095.73, 3320.01
5.61, 7096.84, 3320.51
5.611, 7097.95, 3321
5.612, 7099.06, 3321.49
5.613, 7100.17, 3321.99
5.614, 7101.28, 3322.48
5.615, 7102.39, 3322.97
5.616, 7103.5, 3323.46
5.617, 7104.61, 3323.96
5.618, 7105.73, 3324.45
5.619, 7106.84, 3324.94
5.62, 7107.95, 3325.44
5.621, 7109.06, 3325.93
5.622, 7110.17, 3326.42
5.623, 7111.28, 3326.92
5.624, 7112.39, 3327.41
5.625, 7113.5, 3327.9
5.626, 7114.61, 3328.4
5.627, 7115.72, 3328.89
5.628, 7116.83, 3329.38
5.629, 7117.94, 3329.87
5.63, 7119.05, 3330.37
5.631, 7120.16, 3330.86
5.632, 7121.28, 3331.35
5.633, 7122.39, 3331.85
5.634, 7123.5, 3332.34
5.635, 7124.61, 3332.83
5.636, 7125.72, 3333.32
5.637, 7126.83, 3333.82
5.638, 7127.94, 3334.31
5.639, 7129.05, 3334.8
5.64, 7130.16, 3335.29
5.641, 7131.27, 3335.79
5.642, 7132.38, 3336.28
5.643, 7133.49, 3336.77
5.644, 7134.6, 3337.26
5.645, 7135.71, 3337.76
5.646, 7136.82, 3338.25
5.647, 7137.93, 3338.74
5.648, 7139.04, 3339.23
5.649, 7140.15, 3339.73
5.65, 7141.26, 3340.22
5.651, 7142.37, 3340.71
5.652, 7143.48, 3341.2
5.653, 7144.58, 3341.69
5.654, 7145.69, 3342.19
5.655, 7146.8, 3342.68
5.656, 7147.91, 3343.17
5.657, 7149.02, 3343.66
5.658, 7150.13, 3344.16
5.659, 7151.24, 3344.65
5.66, 7152.35, 3345.14
5.661, 7153.46, 3345.63
5.662, 7154.57, 3346.12
5.663, 7155.68, 3346.62
5.664, 7156.79, 3347.11
5.665, 7157.9, 3347.6
5.666, 7159.01, 3348.09
5.667, 7160.11, 3348.58
5.668, 7161.22, 3349.07
5.669, 7162.33, 3349.57
5.67, 7163.44, 3350.06
5.671, 7164.55, 3350.55
5.672, 7165.66, 3351.04
5.673, 7166.77, 3351.53
5.674, 7167.88, 3352.02
5.675, 7168.98, 3352.52
5.676, 7170.09, 3353.01
5.677, 7171.2, 3353.5
5.678, 7172.31, 3353.99
5.679, 7173.42, 3354.48
5.68, 7174.53, 3354.97
5.681, 7175.64, 3355.47
5.682, 7176.74, 3355.96
5.683, 7177.85, 3356.45
5.684, 7178.96, 3356.94
5.685, 7180.07, 3357.43
5.686, 7181.18, 3357.92
5.687, 7182.29, 3358.41
5.688, 7183.39, 3358.9
5.689, 7184.5, 3359.4
5.69, 7185.61, 3359.89
5.691, 7186.72, 3360.38
5.692, 7187.83, 3360.87
5.693, 7188.93, 3361.36
5.694, 7190.04, 3361.85
5.695, 7191.15, 3362.34
5.696, 7192.26, 3362.83
5.697, 7193.37, 3363.32
5.698, 7194.47, 3363.82
5.699, 7195.58, 3364.31
5.7, 7196.69, 3364.8
5.701, 7197.8, 3365.29
5.702, 7198.9, 3365.78
5.703, 7200.01, 3366.27
5.704, 7201.12, 3366.76
5.705, 7202.23, 3367.25
5.706, 7203.33, 3367.74
5.707, 7204.44, 3368.23
5.708, 7205.55, 3368.72
5.709, 7206.66, 3369.21
5.71, 7207.76, 3369.7
5.711, 7208.87, 3370.19
5.712, 7209.98, 3370.69
5.713, 7211.08, 3371.18
5.714, 7212.19, 3371.67
5.715, 7213.3, 3372.16
5.716, 7214.41, 3372.65
5.717, 7215.51, 3373.14
5.718, 7216.62, 3373.63
5.719, 7217.73, 3374.12
5.72, 7218.83, 3374.61
5.721, 7219.94, 3375.1
5.722, 7221.05, 3375.59
5.723, 7222.15, 3376.08
5.724, 7223.26, 3376.57
5.725, 7224.37, 3377.06
5.726, 7225.47, 3377.55
5.727, 7226.58, 3378.04
5.728, 7227.69, 3378.53
5.729, 7228.79, 3379.02
5.73, 7229.9, 3379.51
5.731, 7231.01, 3380
5.732, 7232.11, 3380.49
5.733, 7233.22, 3380.98
5.734, 7234.32, 3381.47
5.735, 7235.43, 3381.96
5.736, 7236.54, 3382.45
5.737, 7237.64, 3382.94
5.738, 7238.75, 3383.43
5.739, 7239.86, 3383.92
5.74, 7240.96, 3384.41
5.741, 7242.07, 3384.9
5.742, 7243.17, 3385.39
5.743, 7244.28, 3385.88
5.744, 7245.38, 3386.37
5.745, 7246.49, 3386.86
5.746, 7247.6, 3387.35
5.747, 7248.7, 3387.84
5.748, 7249.81, 3388.33
5.749, 7250.91, 3388.82
5.75, 7252.02, 3389.31
5.751, 7253.12, 3389.8
5.752, 7254.23, 3390.29
5.753, 7255.34, 3390.77
5.754, 7256.44, 3391.26
5.755, 7257.55, 3391.75
5.756, 7258.65, 3392.24
5.757, 7259.76, 3392.73
5.758, 7260.86, 3393.22
5.759, 7261.97, 3393.71
5.76, 7263.07, 3394.2
5.761, 7264.18, 3394.69
5.762, 7265.28, 3395.18
5.763, 7266.39, 3395.67
5.764, 7267.49, 3396.16
5.765, 7268.6, 3396.65
5.766, 7269.7, 3397.13
5.767, 7270.81, 3397.62
5.768, 7271.91, 3398.11
5.769, 7273.02, 3398.6
5.77, 7274.12, 3399.09
5.771, 7275.23, 3399.58
5.772, 7276.33, 3400.07
5.773, 7277.44, 3400.56
5.774, 7278.54, 3401.05
5.775, 7279.65, 3401.53
5.776, 7280.75, 3402.02
5.777, 7281.86, 3402.51
5.778, 7282.96, 3403
5.779, 7284.06, 3403.49
5.78, 7285.17, 3403.98
5.781, 7286.27, 3404.47
5.782, 7287.38, 3404.96
5.783, 7288.48, 3405.44
5.784, 7289.59, 3405.93
5.785, 7290.69, 3406.42
5.786, 7291.79, 3406.91
5.787, 7292.9, 3407.4
5.788, 7294, 3407.89
5.789, 7295.11, 3408.38
5.79, 7296.21, 3408.86
5.791, 7297.32, 3409.35
5.792, 7298.42, 3409.84
5.793, 7299.52, 3410.33
5.794, 7300.63, 3410.82
5.795, 7301.73, 3411.31
5.796, 7302.83, 3411.79
5.797, 7303.94, 3412.28
5.798, 7305.04, 3412.77
5.799, 7306.15, 3413.26
5.8, 7307.25, 3413.75
5.801, 7308.35, 3414.23
5.802, 7309.46, 3414.72
5.803, 7310.56, 3415.21
5.804, 7311.66, 3415.7
5.805, 7312.77, 3416.19
5.806, 7313.87, 3416.67
5.807, 7314.97, 3417.16
5.808, 7316.08, 3417.65
5.809, 7317.18, 3418.14
5.81, 7318.28, 3418.63
5.811, 7319.39, 3419.11
5.812, 7320.49, 3419.6
5.813, 7321.59, 3420.09
5.814, 7322.7, 3420.58
5.815, 7323.8, 3421.06
5.816, 7324.9, 3421.55
5.817, 7326, 3422.04
5.818, 7327.11, 3422.53
5.819, 7328.21, 3423.02
5.82, 7329.31, 3423.5
5.821, 7330.42, 3423.99
5.822, 7331.52, 3424.48
5.823, 7332.62, 3424.97
5.824, 7333.72, 3425.45
5.825, 7334.83, 3425.94
5.826, 7335.93, 3426.43
5.827, 7337.03, 3426.92
5.828, 7338.13, 3427.4
5.829, 7339.24, 3427.89
5.83, 7340.34, 3428.38
5.831, 7341.44, 3428.86
5.832, 7342.54, 3429.35
5.833, 7343.65, 3429.84
5.834, 7344.75, 3430.33
5.835, 7345.85, 3430.81
5.836, 7346.95, 3431.3
5.837, 7348.05, 3431.79
5.838, 7349.16, 3432.27
5.839, 7350.26, 3432.76
5.84, 7351.36, 3433.25
5.841, 7352.46, 3433.74
5.842, 7353.56, 3434.22
5.843, 7354.67, 3434.71
5.844, 7355.77, 3435.2
5.845, 7356.87, 3435.68
5.846, 7357.97, 3436.17
5.847, 7359.07, 3436.66
5.848, 7360.18, 3437.14
5.849, 7361.28, 3437.63
5.85, 7362.38, 3438.12
5.851, 7363.48, 3438.6
5.852, 7364.58, 3439.09
5.853, 7365.68, 3439.58
5.854, 7366.78, 3440.06
5.855, 7367.89, 3440.55
5.856, 7368.99, 3441.04
5.857, 7370.09, 3441.52
5.858, 7371.19, 3442.01
5.859, 7372.29, 3442.5
5.86, 7373.39, 3442.98
5.861, 7374.49, 3443.47
5.862, 7375.6, 3443.96
5.863, 7376.7, 3444.44
5.864, 7377.8, 3444.93
5.865, 7378.9, 3445.42
5.866, 7380, 3445.9
5.867, 7381.1, 3446.39
5.868, 7382.2, 3446.87
5.869, 7383.3, 3447.36
5.87, 7384.4, 3447.85
5.871, 7385.5, 3448.33
5.872, 7386.6, 3448.82
5.873, 7387.71, 3449.31
5.874, 7388.81, 3449.79
5.875, 7389.91, 3450.28
5.876, 7391.01, 3450.76
5.877, 7392.11, 3451.25
5.878, 7393.21, 3451.74
5.879, 7394.31, 3452.22
5.88, 7395.41, 3452.71
5.881, 7396.51, 3453.19
5.882, 7397.61, 3453.68
5.883, 7398.71, 3454.16
5.884, 7399.81, 3454.65
5.885, 7400.91, 3455.14
5.886, 7402.01, 3455.62
5.887, 7403.11, 3456.11
5.888, 7404.21, 3456.59
5.889, 7405.31, 3457.08
5.89, 7406.41, 3457.56
5.891, 7407.51, 3458.05
5.892, 7408.61, 3458.54
5.893, 7409.71, 3459.02
5.894, 7410.81, 3459.51
5.895, 7411.91, 3459.99
5.896, 7413.01, 3460.48
5.897, 7414.11, 3460.96
5.898, 7415.21, 3461.45
5.899, 7416.31, 3461.93
5.9, 7417.41, 3462.42
5.901, 7418.51, 3462.91
5.902, 7419.61, 3463.39
5.903, 7420.71, 3463.88
5.904, 7421.81, 3464.36
5.905, 7422.91, 3464.85
5.906, 7424.01, 3465.33
5.907, 7425.11, 3465.82
5.908, 7426.2, 3466.3
5.909, 7427.3, 3466.79
5.91, 7428.4, 3467.27
5.911, 7429.5, 3467.76
5.912, 7430.6, 3468.24
5.913, 7431.7, 3468.73
5.914, 7432.8, 3469.21
5.915, 7433.9, 3469.7
5.916, 7435, 3470.18
5.917, 7436.1, 3470.67
5.918, 7437.2, 3471.15
5.919, 7438.29, 3471.64
5.92, 7439.39, 3472.12
5.921, 7440.49, 3472.61
5.922, 7441.59, 3473.09
5.923, 7442.69, 3473.58
5.924, 7443.79, 3474.06
5.925, 7444.89, 3474.55
5.926, 7445.99, 3475.03
5.927, 7447.08, 3475.51
5.928, 7448.18, 3476
5.929, 7449.28, 3476.48
5.93, 7450.38, 3476.97
5.931, 7451.48, 3477.45
5.932, 7452.58, 3477.94
5.933, 7453.67, 3478.42
5.934, 7454.77, 3478.91
5.935, 7455.87, 3479.39
5.936, 7456.97, 3479.88
5.937, 7458.07, 3480.36
5.938, 7459.17, 3480.84
5.939, 7460.26, 3481.33
5.94, 7461.36, 3481.81
5.941, 7462.46, 3482.3
5.942, 7463.56, 3482.78
5.943, 7464.66, 3483.27
5.944, 7465.75, 3483.75
5.945, 7466.85, 3484.23
5.946, 7467.95, 3484.72
5.947, 7469.05, 3485.2
5.948, 7470.14, 3485.69
5.949, 7471.24, 3486.17
5.95, 7472.34, 3486.65
5.951, 7473.44, 3487.14
5.952, 7474.54, 3487.62
5.953, 7475.63, 3488.11
5.954, 7476.73, 3488.59
5.955, 7477.83, 3489.07
5.956, 7478.93, 3489.56
5.957, 7480.02, 3490.04
5.958, 7481.12, 3490.53
5.959, 7482.22, 3491.01
5.96, 7483.31, 3491.49
5.961, 7484.41, 3491.98
5.962, 7485.51, 3492.46
5.963, 7486.61, 3492.94
5.964, 7487.7, 3493.43
5.965, 7488.8, 3493.91
5.966, 7489.9, 3494.39
5.967, 7490.99, 3494.88
5.968, 7492.09, 3495.36
5.969, 7493.19, 3495.85
5.97, 7494.28, 3496.33
5.971, 7495.38, 3496.81
5.972, 7496.48, 3497.3
5.973, 7497.58, 3497.78
5.974, 7498.67, 3498.26
5.975, 7499.77, 3498.75
5.976, 7500.87, 3499.23
5.977, 7501.96, 3499.71
5.978, 7503.06, 3500.2
5.979, 7504.16, 3500.68
5.98, 7505.25, 3501.16
5.981, 7506.35, 3501.65
5.982, 7507.44, 3502.13
5.983, 7508.54, 3502.61
5.984, 7509.64, 3503.09
5.985, 7510.73, 3503.58
5.986, 7511.83, 3504.06
5.987, 7512.93, 3504.54
5.988, 7514.02, 3505.03
5.989, 7515.12, 3505.51
5.99, 7516.21, 3505.99
5.991, 7517.31, 3506.48
5.992, 7518.41, 3506.96
5.993, 7519.5, 3507.44
5.994, 7520.6, 3507.92
5.995, 7521.69, 3508.41
5.996, 7522.79, 3508.89
5.997, 7523.89, 3509.37
5.998, 7524.98, 3509.86
5.999, 7526.08, 3510.34
6, 7527.17, 3510.82
6.001, 7528.27, 3511.3
6.002, 7529.36, 3511.79
6.003, 7530.46, 3512.27
6.004, 7531.56, 3512.75
6.005, 7532.65, 3513.23
6.006, 7533.75, 3513.72
6.007, 7534.84, 3514.2
6.008, 7535.94, 3514.68
6.009, 7537.03, 3515.16
6.01, 7538.13, 3515.65
6.011, 7539.22, 3516.13
6.012, 7540.32, 3516.61
6.013, 7541.41, 3517.09
6.014, 7542.51, 3517.58
6.015, 7543.6, 3518.06
6.016, 7544.7, 3518.54
6.017, 7545.79, 3519.02
6.018, 7546.89, 3519.5
6.019, 7547.98, 3519.99
6.02, 7549.08, 3520.47
6.021, 7550.17, 3520.95
6.022, 7551.27, 3521.43
6.023, 7552.36, 3521.91
6.024, 7553.46, 3522.4
6.025, 7554.55, 3522.88
6.026, 7555.65, 3523.36
6.027, 7556.74, 3523.84
6.028, 7557.84, 3524.32
6.029, 7558.93, 3524.81
6.03, 7560.03, 3525.29
6.031, 7561.12, 3525.77
6.032, 7562.21, 3526.25
6.033, 7563.31, 3526.73
6.034, 7564.4, 3527.22
6.035, 7565.5, 3527.7
6.036, 7566.59, 3528.18
6.037, 7567.69, 3528.66
6.038, 7568.78, 3529.14
6.039, 7569.87, 3529.62
6.04, 7570.97, 3530.11
6.041, 7572.06, 3530.59
6.042, 7573.16, 3531.07
6.043, 7574.25, 3531.55
6.044, 7575.34, 3532.03
6.045, 7576.44, 3532.51
6.046, 7577.53, 3532.99
6.047, 7578.63, 3533.48
6.048, 7579.72, 3533.96
6.049, 7580.81, 3534.44
6.05, 7581.91, 3534.92
6.051, 7583, 3535.4
6.052, 7584.1, 3535.88
6.053, 7585.19, 3536.36
6.054, 7586.28, 3536.84
6.055, 7587.38, 3537.33
6.056, 7588.47, 3537.81
6.057, 7589.56, 3538.29
6.058, 7590.66, 3538.77
6.059, 7591.75, 3539.25
6.06, 7592.84, 3539.73
6.061, 7593.94, 3540.21
6.062, 7595.03, 3540.69
6.063, 7596.12, 3541.17
6.064, 7597.22, 3541.66
6.065, 7598.31, 3542.14
6.066, 7599.4, 3542.62
6.067, 7600.5, 3543.1
6.068, 7601.59, 3543.58
6.069, 7602.68, 3544.06
6.07, 7603.77, 3544.54
6.071, 7604.87, 3545.02
6.072, 7605.96, 3545.5
6.073, 7607.05, 3545.98
6.074, 7608.15, 3546.46
6.075, 7609.24, 3546.94
6.076, 7610.33, 3547.42
6.077, 7611.42, 3547.91
6.078, 7612.52, 3548.39
6.079, 7613.61, 3548.87
6.08, 7614.7, 3549.35
6.081, 7615.79, 3549.83
6.082, 7616.89, 3550.31
6.083, 7617.98, 3550.79
6.084, 7619.07, 3551.27
6.085, 7620.16, 3551.75
6.086, 7621.26, 3552.23
6.087, 7622.35, 3552.71
6.088, 7623.44, 3553.19
6.089, 7624.53, 3553.67
6.09, 7625.63, 3554.15
6.091, 7626.72, 3554.63
6.092, 7627.81, 3555.11
6.093, 7628.9, 3555.59
6.094, 7629.99, 3556.07
6.095, 7631.09, 3556.55
6.096, 7632.18, 3557.03
6.097, 7633.27, 3557.51
6.098, 7634.36, 3557.99
6.099, 7635.45, 3558.47
6.1, 7636.55, 3558.95
6.101, 7637.64, 3559.43
6.102, 7638.73, 3559.91
6.103, 7639.82, 3560.39
6.104, 7640.91, 3560.87
6.105, 7642, 3561.35
6.106, 7643.1, 3561.83
6.107, 7644.19, 3562.31
6.108, 7645.28, 3562.79
6.109, 7646.37, 3563.27
6.11, 7647.46, 3563.75
6.111, 7648.55, 3564.23
6.112, 7649.64, 3564.71
6.113, 7650.74, 3565.19
6.114, 7651.83, 3565.67
6.115, 7652.92, 3566.15
6.116, 7654.01, 3566.63
6.117, 7655.1, 3567.11
6.118, 7656.19, 3567.59
6.119, 7657.28, 3568.07
6.12, 7658.37, 3568.55
6.121, 7659.46, 3569.02
6.122, 7660.56, 3569.5
6.123, 7661.65, 3569.98
6.124, 7662.74, 3570.46
6.125, 7663.83, 3570.94
6.126, 7664.92, 3571.42
6.127, 7666.01, 3571.9
6.128, 7667.1, 3572.38
6.129, 7668.19, 3572.86
6.13, 7669.28, 3573.34
6.131, 7670.37, 3573.82
6.132, 7671.46, 3574.3
6.133, 7672.55, 3574.78
6.134, 7673.64, 3575.25
6.135, 7674.73, 3575.73
6.136, 7675.83, 3576.21
6.137, 7676.92, 3576.69
6.138, 7678.01, 3577.17
6.139, 7679.1, 3577.65
6.14, 7680.19, 3578.13
6.141, 7681.28, 3578.61
6.142, 7682.37, 3579.09
6.143, 7683.46, 3579.57
6.144, 7684.55, 3580.04
6.145, 7685.64, 3580.52
6.146, 7686.73, 3581
6.147, 7687.82, 3581.48
6.148, 7688.91, 3581.96
6.149, 7690, 3582.44
6.15, 7691.09, 3582.92
6.151, 7692.18, 3583.39
6.152, 7693.27, 3583.87
6.153, 7694.36, 3584.35
6.154, 7695.45, 3584.83
6.155, 7696.54, 3585.31
6.156, 7697.63, 3585.79
6.157, 7698.72, 3586.27
6.158, 7699.8, 3586.74
6.159, 7700.89, 3587.22
6.16, 7701.98, 3587.7
6.161, 7703.07, 3588.18
6.162, 7704.16, 3588.66
6.163, 7705.25, 3589.14
6.164, 7706.34, 3589.61
6.165, 7707.43, 3590.09
6.166, 7708.52, 3590.57
6.167, 7709.61, 3591.05
6.168, 7710.7, 3591.53
6.169, 7711.79, 3592.01
6.17, 7712.88, 3592.48
6.171, 7713.97, 3592.96
6.172, 7715.05, 3593.44
6.173, 7716.14, 3593.92
6.174, 7717.23, 3594.4
6.175, 7718.32, 3594.87
6.176, 7719.41, 3595.35
6.177, 7720.5, 3595.83
6.178, 7721.59, 3596.31
6.179, 7722.68, 3596.79
6.18, 7723.77, 3597.26
6.181, 7724.85, 3597.74
6.182, 7725.94, 3598.22
6.183, 7727.03, 3598.7
6.184, 7728.12, 3599.17
6.185, 7729.21, 3599.65
6.186, 7730.3, 3600.13
6.187, 7731.39, 3600.61
6.188, 7732.47, 3601.08
6.189, 7733.56, 3601.56
6.19, 7734.65, 3602.04
6.191, 7735.74, 3602.52
6.192, 7736.83, 3603
6.193, 7737.92, 3603.47
6.194, 7739, 3603.95
6.195, 7740.09, 3604.43
6.196, 7741.18, 3604.9
6.197, 7742.27, 3605.38
6.198, 7743.36, 3605.86
6.199, 7744.44, 3606.34
6.2, 7745.53, 3606.81
6.201, 7746.62, 3607.29
6.202, 7747.71, 3607.77
6.203, 7748.8, 3608.25
6.204, 7749.88, 3608.72
6.205, 7750.97, 3609.2
6.206, 7752.06, 3609.68
6.207, 7753.15, 3610.15
6.208, 7754.23, 3610.63
6.209, 7755.32, 3611.11
6.21, 7756.41, 3611.59
6.211, 7757.5, 3612.06
6.212, 7758.58, 3612.54
6.213, 7759.67, 3613.02
6.214, 7760.76, 3613.49
6.215, 7761.85, 3613.97
6.216, 7762.93, 3614.45
6.217, 7764.02, 3614.92
6.218, 7765.11, 3615.4
6.219, 7766.2, 3615.88
6.22, 7767.28, 3616.35
6.221, 7768.37, 3616.83
6.222, 7769.46, 3617.31
6.223, 7770.55, 3617.79
6.224, 7771.63, 3618.26
6.225, 7772.72, 3618.74
6.226, 7773.81, 3619.21
6.227, 7774.89, 3619.69
6.228, 7775.98, 3620.17
6.229, 7777.07, 3620.64
6.23, 7778.15, 3621.12
6.231, 7779.24, 3621.6
6.232, 7780.33, 3622.07
6.233, 7781.41, 3622.55
6.234, 7782.5, 3623.03
6.235, 7783.59, 3623.5
6.236, 7784.67, 3623.98
6.237, 7785.76, 3624.46
6.238, 7786.85, 3624.93
6.239, 7787.93, 3625.41
6.24, 7789.02, 3625.88
6.241, 7790.11, 3626.36
6.242, 7791.19, 3626.84
6.243, 7792.28, 3627.31
6.244, 7793.37, 3627.79
6.245, 7794.45, 3628.27
6.246, 7795.54, 3628.74
6.247, 7796.62, 3629.22
6.248, 7797.71, 3629.69
6.249, 7798.8, 3630.17
6.25, 7799.88, 3630.65
6.251, 7800.97, 3631.12
6.252, 7802.05, 3631.6
6.253, 7803.14, 3632.07
6.254, 7804.23, 3632.55
6.255, 7805.31, 3633.03
6.256, 7806.4, 3633.5
6.257, 7807.48, 3633.98
6.258, 7808.57, 3634.45
6.259, 7809.66, 3634.93
6.26, 7810.74, 3635.4
6.261, 7811.83, 3635.88
6.262, 7812.91, 3636.36
6.263, 7814, 3636.83
6.264, 7815.08, 3637.31
6.265, 7816.17, 3637.78
6.266, 7817.25, 3638.26
6.267, 7818.34, 3638.73
6.268, 7819.43, 3639.21
6.269, 7820.51, 3639.68
6.27, 7821.6, 3640.16
6.271, 7822.68, 3640.64
6.272, 7823.77, 3641.11
6.273, 7824.85, 3641.59
6.274, 7825.94, 3642.06
6.275, 7827.02, 3642.54
6.276, 7828.11, 3643.01
6.277, 7829.19, 3643.49
6.278, 7830.28, 3643.96
6.279, 7831.36, 3644.44
6.28, 7832.45, 3644.91
6.281, 7833.53, 3645.39
6.282, 7834.62, 3645.86
6.283, 7835.7, 3646.34
6.284, 7836.79, 3646.81
6.285, 7837.87, 3647.29
6.286, 7838.96, 3647.76
6.287, 7840.04, 3648.24
6.288, 7841.12, 3648.71
6.289, 7842.21, 3649.19
6.29, 7843.29, 3649.66
6.291, 7844.38, 3650.14
6.292, 7845.46, 3650.61
6.293, 7846.55, 3651.09
6.294, 7847.63, 3651.56
6.295, 7848.72, 3652.04
6.296, 7849.8, 3652.51
6.297, 7850.88, 3652.99
6.298, 7851.97, 3653.46
6.299, 7853.05, 3653.94
6.3, 7854.14, 3654.41
6.301, 7855.22, 3654.89
6.302, 7856.31, 3655.36
6.303, 7857.39, 3655.84
6.304, 7858.47, 3656.31
6.305, 7859.56, 3656.78
6.306, 7860.64, 3657.26
6.307, 7861.73, 3657.73
6.308, 7862.81, 3658.21
6.309, 7863.89, 3658.68
6.31, 7864.98, 3659.16
6.311, 7866.06, 3659.63
6.312, 7867.14, 3660.11
6.313, 7868.23, 3660.58
6.314, 7869.31, 3661.05
6.315, 7870.4, 3661.53
6.316, 7871.48, 3662
6.317, 7872.56, 3662.48
6.318, 7873.65, 3662.95
6.319, 7874.73, 3663.43
6.32, 7875.81, 3663.9
6.321, 7876.9, 3664.37
6.322, 7877.98, 3664.85
6.323, 7879.06, 3665.32
6.324, 7880.15, 3665.8
6.325, 7881.23, 3666.27
6.326, 7882.31, 3666.74
6.327, 7883.4, 3667.22
6.328, 7884.48, 3667.69
6.329, 7885.56, 3668.17
6.33, 7886.65, 3668.64
6.331, 7887.73, 3669.11
6.332, 7888.81, 3669.59
6.333, 7889.89, 3670.06
6.334, 7890.98, 3670.53
6.335, 7892.06, 3671.01
6.336, 7893.14, 3671.48
6.337, 7894.23, 3671.96
6.338, 7895.31, 3672.43
6.339, 7896.39, 3672.9
6.34, 7897.47, 3673.38
6.341, 7898.56, 3673.85
6.342, 7899.64, 3674.32
6.343, 7900.72, 3674.8
6.344, 7901.8, 3675.27
6.345, 7902.89, 3675.74
6.346, 7903.97, 3676.22
6.347, 7905.05, 3676.69
6.348, 7906.13, 3677.16
6.349, 7907.22, 3677.64
6.35, 7908.3, 3678.11
6.351, 7909.38, 3678.58
6.352, 7910.46, 3679.06
6.353, 7911.55, 3679.53
6.354, 7912.63, 3680
6.355, 7913.71, 3680.48
6.356, 7914.79, 3680.95
6.357, 7915.87, 3681.42
6.358, 7916.96, 3681.9
6.359, 7918.04, 3682.37
6.36, 7919.12, 3682.84
6.361, 7920.2, 3683.32
6.362, 7921.28, 3683.79
6.363, 7922.36, 3684.26
6.364, 7923.45, 3684.74
6.365, 7924.53, 3685.21
6.366, 7925.61, 3685.68
6.367, 7926.69, 3686.15
6.368, 7927.77, 3686.63
6.369, 7928.86, 3687.1
6.37, 7929.94, 3687.57
6.371, 7931.02, 3688.05
6.372, 7932.1, 3688.52
6.373, 7933.18, 3688.99
6.374, 7934.26, 3689.46
6.375, 7935.34, 3689.94
6.376, 7936.43, 3690.41
6.377, 7937.51, 3690.88
6.378, 7938.59, 3691.35
6.379, 7939.67, 3691.83
6.38, 7940.75, 3692.3
6.381, 7941.83, 3692.77
6.382, 7942.91, 3693.25
6.383, 7943.99, 3693.72
6.384, 7945.07, 3694.19
6.385, 7946.16, 3694.66
6.386, 7947.24, 3695.13
6.387, 7948.32, 3695.61
6.388, 7949.4, 3696.08
6.389, 7950.48, 3696.55
6.39, 7951.56, 3697.02
6.391, 7952.64, 3697.5
6.392, 7953.72, 3697.97
6.393, 7954.8, 3698.44
6.394, 7955.88, 3698.91
6.395, 7956.96, 3699.39
6.396, 7958.04, 3699.86
6.397, 7959.12, 3700.33
6.398, 7960.2, 3700.8
6.399, 7961.29, 3701.27
6.4, 7962.37, 3701.75
6.401, 7963.45, 3702.22
6.402, 7964.53, 3702.69
6.403, 7965.61, 3703.16
6.404, 7966.69, 3703.63
6.405, 7967.77, 3704.11
6.406, 7968.85, 3704.58
6.407, 7969.93, 3705.05
6.408, 7971.01, 3705.52
6.409, 7972.09, 3705.99
6.41, 7973.17, 3706.46
6.411, 7974.25, 3706.94
6.412, 7975.33, 3707.41
6.413, 7976.41, 3707.88
6.414, 7977.49, 3708.35
6.415, 7978.57, 3708.82
6.416, 7979.65, 3709.3
6.417, 7980.73, 3709.77
6.418, 7981.81, 3710.24
6.419, 7982.89, 3710.71
6.42, 7983.97, 3711.18
6.421, 7985.05, 3711.65
6.422, 7986.13, 3712.12
6.423, 7987.21, 3712.6
6.424, 7988.29, 3713.07
6.425, 7989.36, 3713.54
6.426, 7990.44, 3714.01
6.427, 7991.52, 3714.48
6.428, 7992.6, 3714.95
6.429, 7993.68, 3715.42
6.43, 7994.76, 3715.9
6.431, 7995.84, 3716.37
6.432, 7996.92, 3716.84
6.433, 7998, 3717.31
6.434, 7999.08, 3717.78
6.435, 8000.16, 3718.25
6.436, 8001.24, 3718.72
6.437, 8002.32, 3719.19
6.438, 8003.39, 3719.66
6.439, 8004.47, 3720.14
6.44, 8005.55, 3720.61
6.441, 8006.63, 3721.08
6.442, 8007.71, 3721.55
6.443, 8008.79, 3722.02
6.444, 8009.87, 3722.49
6.445, 8010.95, 3722.96
6.446, 8012.03, 3723.43
6.447, 8013.1, 3723.9
6.448, 8014.18, 3724.37
6.449, 8015.26, 3724.84
6.45, 8016.34, 3725.32
6.451, 8017.42, 3725.79
6.452, 8018.5, 3726.26
6.453, 8019.58, 3726.73
6.454, 8020.65, 3727.2
6.455, 8021.73, 3727.67
6.456, 8022.81, 3728.14
6.457, 8023.89, 3728.61
6.458, 8024.97, 3729.08
6.459, 8026.05, 3729.55
6.46, 8027.12, 3730.02
6.461, 8028.2, 3730.49
6.462, 8029.28, 3730.96
6.463, 8030.36, 3731.43
6.464, 8031.44, 3731.9
6.465, 8032.51, 3732.37
6.466, 8033.59, 3732.84
6.467, 8034.67, 3733.31
6.468, 8035.75, 3733.78
6.469, 8036.83, 3734.25
6.47, 8037.9, 3734.72
6.471, 8038.98, 3735.19
6.472, 8040.06, 3735.67
6.473, 8041.14, 3736.14
6.474, 8042.21, 3736.61
6.475, 8043.29, 3737.08
6.476, 8044.37, 3737.55
6.477, 8045.45, 3738.02
6.478, 8046.53, 3738.49
6.479, 8047.6, 3738.96
6.48, 8048.68, 3739.43
6.481, 8049.76, 3739.9
6.482, 8050.84, 3740.37
6.483, 8051.91, 3740.84
6.484, 8052.99, 3741.31
6.485, 8054.07, 3741.78
6.486, 8055.14, 3742.24
6.487, 8056.22, 3742.71
6.488, 8057.3, 3743.18
6.489, 8058.38, 3743.65
6.49, 8059.45, 3744.12
6.491, 8060.53, 3744.59
6.492, 8061.61, 3745.06
6.493, 8062.68, 3745.53
6.494, 8063.76, 3746
6.495, 8064.84, 3746.47
6.496, 8065.91, 3746.94
6.497, 8066.99, 3747.41
6.498, 8068.07, 3747.88
6.499, 8069.15, 3748.35
6.5, 8070.22, 3748.82
6.501, 8071.3, 3749.29
6.502, 8072.38, 3749.76
6.503, 8073.45, 3750.23
6.504, 8074.53, 3750.7
6.505, 8075.61, 3751.17
6.506, 8076.68, 3751.64
6.507, 8077.76, 3752.11
6.508, 8078.83, 3752.57
6.509, 8079.91, 3753.04
6.51, 8080.99, 3753.51
6.511, 8082.06, 3753.98
6.512, 8083.14, 3754.45
6.513, 8084.22, 3754.92
6.514, 8085.29, 3755.39
6.515, 8086.37, 3755.86
6.516, 8087.44, 3756.33
6.517, 8088.52, 3756.8
6.518, 8089.6, 3757.27
6.519, 8090.67, 3757.73
6.52, 8091.75, 3758.2
6.521, 8092.82, 3758.67
6.522, 8093.9, 3759.14
6.523, 8094.98, 3759.61
6.524, 8096.05, 3760.08
6.525, 8097.13, 3760.55
6.526, 8098.2, 3761.02
6.527, 8099.28, 3761.49
6.528, 8100.36, 3761.95
6.529, 8101.43, 3762.42
6.53, 8102.51, 3762.89
6.531, 8103.58, 3763.36
6.532, 8104.66, 3763.83
6.533, 8105.73, 3764.3
6.534, 8106.81, 3764.77
6.535, 8107.88, 3765.23
6.536, 8108.96, 3765.7
6.537, 8110.04, 3766.17
6.538, 8111.11, 3766.64
6.539, 8112.19, 3767.11
6.54, 8113.26, 3767.58
6.541, 8114.34, 3768.04
6.542, 8115.41, 3768.51
6.543, 8116.49, 3768.98
6.544, 8117.56, 3769.45
6.545, 8118.64, 3769.92
6.546, 8119.71, 3770.39
6.547, 8120.79, 3770.85
6.548, 8121.86, 3771.32
6.549, 8122.94, 3771.79
6.55, 8124.01, 3772.26
6.551, 8125.09, 3772.73
6.552, 8126.16, 3773.2
6.553, 8127.24, 3773.66
6.554, 8128.31, 3774.13
6.555, 8129.39, 3774.6
6.556, 8130.46, 3775.07
6.557, 8131.54, 3775.54
6.558, 8132.61, 3776
6.559, 8133.68, 3776.47
6.56, 8134.76, 3776.94
6.561, 8135.83, 3777.41
6.562, 8136.91, 3777.88
6.563, 8137.98, 3778.34
6.564, 8139.06, 3778.81
6.565, 8140.13, 3779.28
6.566, 8141.21, 3779.75
6.567, 8142.28, 3780.21
6.568, 8143.35, 3780.68
6.569, 8144.43, 3781.15
6.57, 8145.5, 3781.62
6.571, 8146.58, 3782.08
6.572, 8147.65, 3782.55
6.573, 8148.72, 3783.02
6.574, 8149.8, 3783.49
6.575, 8150.87, 3783.96
6.576, 8151.95, 3784.42
6.577, 8153.02, 3784.89
6.578, 8154.09, 3785.36
6.579, 8155.17, 3785.82
6.58, 8156.24, 3786.29
6.581, 8157.32, 3786.76
6.582, 8158.39, 3787.23
6.583, 8159.46, 3787.69
6.584, 8160.54, 3788.16
6.585, 8161.61, 3788.63
6.586, 8162.68, 3789.1
6.587, 8163.76, 3789.56
6.588, 8164.83, 3790.03
6.589, 8165.9, 3790.5
6.59, 8166.98, 3790.96
6.591, 8168.05, 3791.43
6.592, 8169.12, 3791.9
6.593, 8170.2, 3792.37
6.594, 8171.27, 3792.83
6.595, 8172.34, 3793.3
6.596, 8173.42, 3793.77
6.597, 8174.49, 3794.23
6.598, 8175.56, 3794.7
6.599, 8176.64, 3795.17
6.6, 8177.71, 3795.63
6.601, 8178.78, 3796.1
6.602, 8179.86, 3796.57
6.603, 8180.93, 3797.04
6.604, 8182, 3797.5
6.605, 8183.08, 3797.97
6.606, 8184.15, 3798.44
6.607, 8185.22, 3798.9
6.608, 8186.29, 3799.37
6.609, 8187.37, 3799.84
6.61, 8188.44, 3800.3
6.611, 8189.51, 3800.77
6.612, 8190.58, 3801.24
6.613, 8191.66, 3801.7
6.614, 8192.73, 3802.17
6.615, 8193.8, 3802.63
6.616, 8194.87, 3803.1
6.617, 8195.95, 3803.57
6.618, 8197.02, 3804.03
6.619, 8198.09, 3804.5
6.62, 8199.16, 3804.97
6.621, 8200.24, 3805.43
6.622, 8201.31, 3805.9
6.623, 8202.38, 3806.37
6.624, 8203.45, 3806.83
6.625, 8204.53, 3807.3
6.626, 8205.6, 3807.76
6.627, 8206.67, 3808.23
6.628, 8207.74, 3808.7
6.629, 8208.81, 3809.16
6.63, 8209.89, 3809.63
6.631, 8210.96, 3810.1
6.632, 8212.03, 3810.56
6.633, 8213.1, 3811.03
6.634, 8214.17, 3811.49
6.635, 8215.25, 3811.96
6.636, 8216.32, 3812.43
6.637, 8217.39, 3812.89
6.638, 8218.46, 3813.36
6.639, 8219.53, 3813.82
6.64, 8220.6, 3814.29
6.641, 8221.68, 3814.75
6.642, 8222.75, 3815.22
6.643, 8223.82, 3815.69
6.644, 8224.89, 3816.15
6.645, 8225.96, 3816.62
6.646, 8227.03, 3817.08
6.647, 8228.1, 3817.55
6.648, 8229.18, 3818.02
6.649, 8230.25, 3818.48
6.65, 8231.32, 3818.95
6.651, 8232.39, 3819.41
6.652, 8233.46, 3819.88
6.653, 8234.53, 3820.34
6.654, 8235.6, 3820.81
6.655, 8236.67, 3821.27
6.656, 8237.75, 3821.74
6.657, 8238.82, 3822.2
6.658, 8239.89, 3822.67
6.659, 8240.96, 3823.14
6.66, 8242.03, 3823.6
6.661, 8243.1, 3824.07
6.662, 8244.17, 3824.53
6.663, 8245.24, 3825
6.664, 8246.31, 3825.46
6.665, 8247.38, 3825.93
6.666, 8248.45, 3826.39
6.667, 8249.52, 3826.86
6.668, 8250.59, 3827.32
6.669, 8251.67, 3827.79
6.67, 8252.74, 3828.25
6.671, 8253.81, 3828.72
6.672, 8254.88, 3829.18
6.673, 8255.95, 3829.65
6.674, 8257.02, 3830.11
6.675, 8258.09, 3830.58
6.676, 8259.16, 3831.04
6.677, 8260.23, 3831.51
6.678, 8261.3, 3831.97
6.679, 8262.37, 3832.44
6.68, 8263.44, 3832.9
6.681, 8264.51, 3833.37
6.682, 8265.58, 3833.83
6.683, 8266.65, 3834.3
6.684, 8267.72, 3834.76
6.685, 8268.79, 3835.23
6.686, 8269.86, 3835.69
6.687, 8270.93, 3836.16
6.688, 8272, 3836.62
6.689, 8273.07, 3837.08
6.69, 8274.14, 3837.55
6.691, 8275.21, 3838.01
6.692, 8276.28, 3838.48
6.693, 8277.35, 3838.94
6.694, 8278.42, 3839.41
6.695, 8279.49, 3839.87
6.696, 8280.56, 3840.34
6.697, 8281.63, 3840.8
6.698, 8282.7, 3841.27
6.699, 8283.77, 3841.73
6.7, 8284.84, 3842.19
6.701, 8285.91, 3842.66
6.702, 8286.97, 3843.12
6.703, 8288.04, 3843.59
6.704, 8289.11, 3844.05
6.705, 8290.18, 3844.52
6.706, 8291.25, 3844.98
6.707, 8292.32, 3845.44
6.708, 8293.39, 3845.91
6.709, 8294.46, 3846.37
6.71, 8295.53, 3846.84
6.711, 8296.6, 3847.3
6.712, 8297.67, 3847.76
6.713, 8298.74, 3848.23
6.714, 8299.8, 3848.69
6.715, 8300.87, 3849.16
6.716, 8301.94, 3849.62
6.717, 8303.01, 3850.08
6.718, 8304.08, 3850.55
6.719, 8305.15, 3851.01
6.72, 8306.22, 3851.48
6.721, 8307.29, 3851.94
6.722, 8308.35, 3852.4
6.723, 8309.42, 3852.87
6.724, 8310.49, 3853.33
6.725, 8311.56, 3853.79
6.726, 8312.63, 3854.26
6.727, 8313.7, 3854.72
6.728, 8314.77, 3855.18
6.729, 8315.83, 3855.65
6.73, 8316.9, 3856.11
6.731, 8317.97, 3856.58
6.732, 8319.04, 3857.04
6.733, 8320.11, 3857.5
6.734, 8321.18, 3857.97
6.735, 8322.24, 3858.43
6.736, 8323.31, 3858.89
6.737, 8324.38, 3859.36
6.738, 8325.45, 3859.82
6.739, 8326.52, 3860.28
6.74, 8327.58, 3860.75
6.741, 8328.65, 3861.21
6.742, 8329.72, 3861.67
6.743, 8330.79, 3862.14
6.744, 8331.86, 3862.6
6.745, 8332.92, 3863.06
6.746, 8333.99, 3863.53
6.747, 8335.06, 3863.99
6.748, 8336.13, 3864.45
6.749, 8337.2, 3864.92
6.75, 8338.26, 3865.38
6.751, 8339.33, 3865.84
6.752, 8340.4, 3866.3
6.753, 8341.47, 3866.77
6.754, 8342.53, 3867.23
6.755, 8343.6, 3867.69
6.756, 8344.67, 3868.16
6.757, 8345.74, 3868.62
6.758, 8346.8, 3869.08
6.759, 8347.87, 3869.54
6.76, 8348.94, 3870.01
6.761, 8350.01, 3870.47
6.762, 8351.07, 3870.93
6.763, 8352.14, 3871.4
6.764, 8353.21, 3871.86
6.765, 8354.27, 3872.32
6.766, 8355.34, 3872.78
6.767, 8356.41, 3873.25
6.768, 8357.48, 3873.71
6.769, 8358.54, 3874.17
6.77, 8359.61, 3874.63
6.771, 8360.68, 3875.1
6.772, 8361.74, 3875.56
6.773, 8362.81, 3876.02
6.774, 8363.88, 3876.48
6.775, 8364.94, 3876.95
6.776, 8366.01, 3877.41
6.777, 8367.08, 3877.87
6.778, 8368.14, 3878.33
6.779, 8369.21, 3878.8
6.78, 8370.28, 3879.26
6.781, 8371.34, 3879.72
6.782, 8372.41, 3880.18
6.783, 8373.48, 3880.65
6.784, 8374.54, 3881.11
6.785, 8375.61, 3881.57
6.786, 8376.68, 3882.03
6.787, 8377.74, 3882.49
6.788, 8378.81, 3882.96
6.789, 8379.87, 3883.42
6.79, 8380.94, 3883.88
6.791, 8382.01, 3884.34
6.792, 8383.07, 3884.8
6.793, 8384.14, 3885.27
6.794, 8385.21, 3885.73
6.795, 8386.27, 3886.19
6.796, 8387.34, 3886.65
6.797, 8388.4, 3887.11
6.798, 8389.47, 3887.58
6.799, 8390.54, 3888.04
6.8, 8391.6, 3888.5
6.801, 8392.67, 3888.96
6.802, 8393.73, 3889.42
6.803, 8394.8, 3889.88
6.804, 8395.87, 3890.35
6.805, 8396.93, 3890.81
6.806, 8398, 3891.27
6.807, 8399.06, 3891.73
6.808, 8400.13, 3892.19
6.809, 8401.19, 3892.65
6.81, 8402.26, 3893.12
6.811, 8403.32, 3893.58
6.812, 8404.39, 3894.04
6.813, 8405.46, 3894.5
6.814, 8406.52, 3894.96
6.815, 8407.59, 3895.42
6.816, 8408.65, 3895.88
6.817, 8409.72, 3896.35
6.818, 8410.78, 3896.81
6.819, 8411.85, 3897.27
6.82, 8412.91, 3897.73
6.821, 8413.98, 3898.19
6.822, 8415.04, 3898.65
6.823, 8416.11, 3899.11
6.824, 8417.17, 3899.57
6.825, 8418.24, 3900.04
6.826, 8419.3, 3900.5
6.827, 8420.37, 3900.96
6.828, 8421.43, 3901.42
6.829, 8422.5, 3901.88
6.83, 8423.56, 3902.34
6.831, 8424.63, 3902.8
6.832, 8425.69, 3903.26
6.833, 8426.76, 3903.72
6.834, 8427.82, 3904.19
6.835, 8428.89, 3904.65
6.836, 8429.95, 3905.11
6.837, 8431.02, 3905.57
6.838, 8432.08, 3906.03
6.839, 8433.14, 3906.49
6.84, 8434.21, 3906.95
6.841, 8435.27, 3907.41
6.842, 8436.34, 3907.87
6.843, 8437.4, 3908.33
6.844, 8438.47, 3908.79
6.845, 8439.53, 3909.25
6.846, 8440.59, 3909.71
6.847, 8441.66, 3910.18
6.848, 8442.72, 3910.64
6.849, 8443.79, 3911.1
6.85, 8444.85, 3911.56
6.851, 8445.92, 3912.02
6.852, 8446.98, 3912.48
6.853, 8448.04, 3912.94
6.854, 8449.11, 3913.4
6.855, 8450.17, 3913.86
6.856, 8451.24, 3914.32
6.857, 8452.3, 3914.78
6.858, 8453.36, 3915.24
6.859, 8454.43, 3915.7
6.86, 8455.49, 3916.16
6.861, 8456.55, 3916.62
6.862, 8457.62, 3917.08
6.863, 8458.68, 3917.54
6.864, 8459.75, 3918
6.865, 8460.81, 3918.46
6.866, 8461.87, 3918.92
6.867, 8462.94, 3919.38
6.868, 8464, 3919.84
6.869, 8465.06, 3920.3
6.87, 8466.13, 3920.76
6.871, 8467.19, 3921.22
6.872, 8468.25, 3921.68
6.873, 8469.32, 3922.14
6.874, 8470.38, 3922.6
6.875, 8471.44, 3923.06
6.876, 8472.51, 3923.52
6.877, 8473.57, 3923.98
6.878, 8474.63, 3924.44
6.879, 8475.7, 3924.9
6.88, 8476.76, 3925.36
6.881, 8477.82, 3925.82
6.882, 8478.89, 3926.28
6.883, 8479.95, 3926.74
6.884, 8481.01, 3927.2
6.885, 8482.07, 3927.66
6.886, 8483.14, 3928.12
6.887, 8484.2, 3928.58
6.888, 8485.26, 3929.04
6.889, 8486.33, 3929.5
6.89, 8487.39, 3929.96
6.891, 8488.45, 3930.42
6.892, 8489.51, 3930.88
6.893, 8490.58, 3931.34
6.894, 8491.64, 3931.8
6.895, 8492.7, 3932.26
6.896, 8493.76, 3932.72
6.897, 8494.83, 3933.17
6.898, 8495.89, 3933.63
6.899, 8496.95, 3934.09
6.9, 8498.01, 3934.55
6.901, 8499.08, 3935.01
6.902, 8500.14, 3935.47
6.903, 8501.2, 3935.93
6.904, 8502.26, 3936.39
6.905, 8503.32, 3936.85
6.906, 8504.39, 3937.31
6.907, 8505.45, 3937.77
6.908, 8506.51, 3938.23
6.909, 8507.57, 3938.69
6.91, 8508.63, 3939.14
6.911, 8509.7, 3939.6
6.912, 8510.76, 3940.06
6.913, 8511.82, 3940.52
6.914, 8512.88, 3940.98
6.915, 8513.94, 3941.44
6.916, 8515.01, 3941.9
6.917, 8516.07, 3942.36
6.918, 8517.13, 3942.82
6.919, 8518.19, 3943.27
6.92, 8519.25, 3943.73
6.921, 8520.31, 3944.19
6.922, 8521.38, 3944.65
6.923, 8522.44, 3945.11
6.924, 8523.5, 3945.57
6.925, 8524.56, 3946.03
6.926, 8525.62, 3946.49
6.927, 8526.68, 3946.94
6.928, 8527.75, 3947.4
6.929, 8528.81, 3947.86
6.93, 8529.87, 3948.32
6.931, 8530.93, 3948.78
6.932, 8531.99, 3949.24
6.933, 8533.05, 3949.7
6.934, 8534.11, 3950.15
6.935, 8535.17, 3950.61
6.936, 8536.24, 3951.07
6.937, 8537.3, 3951.53
6.938, 8538.36, 3951.99
6.939, 8539.42, 3952.45
6.94, 8540.48, 3952.9
6.941, 8541.54, 3953.36
6.942, 8542.6, 3953.82
6.943, 8543.66, 3954.28
6.944, 8544.72, 3954.74
6.945, 8545.78, 3955.2
6.946, 8546.84, 3955.65
6.947, 8547.91, 3956.11
6.948, 8548.97, 3956.57
6.949, 8550.03, 3957.03
6.95, 8551.09, 3957.49
6.951, 8552.15, 3957.94
6.952, 8553.21, 3958.4
6.953, 8554.27, 3958.86
6.954, 8555.33, 3959.32
6.955, 8556.39, 3959.78
6.956, 8557.45, 3960.23
6.957, 8558.51, 3960.69
6.958, 8559.57, 3961.15
6.959, 8560.63, 3961.61
6.96, 8561.69, 3962.06
6.961, 8562.75, 3962.52
6.962, 8563.81, 3962.98
6.963, 8564.87, 3963.44
6.964, 8565.93, 3963.9
6.965, 8566.99, 3964.35
6.966, 8568.05, 3964.81
6.967, 8569.11, 3965.27
6.968, 8570.17, 3965.73
6.969, 8571.23, 3966.18
6.97, 8572.29, 3966.64
6.971, 8573.35, 3967.1
6.972, 8574.41, 3967.56
6.973, 8575.47, 3968.01
6.974, 8576.53, 3968.47
6.975, 8577.59, 3968.93
6.976, 8578.65, 3969.39
6.977, 8579.71, 3969.84
6.978, 8580.77, 3970.3
6.979, 8581.83, 3970.76
6.98, 8582.89, 3971.22
6.981, 8583.95, 3971.67
6.982, 8585.01, 3972.13
6.983, 8586.07, 3972.59
6.984, 8587.13, 3973.04
6.985, 8588.19, 3973.5
6.986, 8589.25, 3973.96
6.987, 8590.31, 3974.42
6.988, 8591.37, 3974.87
6.989, 8592.42, 3975.33
6.99, 8593.48, 3975.79
6.991, 8594.54, 3976.24
6.992, 8595.6, 3976.7
6.993, 8596.66, 3977.16
6.994, 8597.72, 3977.62
6.995, 8598.78, 3978.07
6.996, 8599.84, 3978.53
6.997, 8600.9, 3978.99
6.998, 8601.96, 3979.44
6.999, 8603.02, 3979.9
7, 8604.07, 3980.36
7.001, 8605.13, 3980.81
7.002, 8606.19, 3981.27
7.003, 8607.25, 3981.73
7.004, 8608.31, 3982.18
7.005, 8609.37, 3982.64
7.006, 8610.43, 3983.1
7.007, 8611.49, 3983.55
7.008, 8612.54, 3984.01
7.009, 8613.6, 3984.47
7.01, 8614.66, 3984.92
7.011, 8615.72, 3985.38
7.012, 8616.78, 3985.84
7.013, 8617.84, 3986.29
7.014, 8618.89, 3986.75
7.015, 8619.95, 3987.21
7.016, 8621.01, 3987.66
7.017, 8622.07, 3988.12
7.018, 8623.13, 3988.57
7.019, 8624.19, 3989.03
7.02, 8625.24, 3989.49
7.021, 8626.3, 3989.94
7.022, 8627.36, 3990.4
7.023, 8628.42, 3990.86
7.024, 8629.48, 3991.31
7.025, 8630.53, 3991.77
7.026, 8631.59, 3992.22
7.027, 8632.65, 3992.68
7.028, 8633.71, 3993.14
7.029, 8634.77, 3993.59
7.03, 8635.82, 3994.05
7.031, 8636.88, 3994.51
7.032, 8637.94, 3994.96
7.033, 8639, 3995.42
7.034, 8640.06, 3995.87
7.035, 8641.11, 3996.33
7.036, 8642.17, 3996.79
7.037, 8643.23, 3997.24
7.038, 8644.29, 3997.7
7.039, 8645.34, 3998.15
7.04, 8646.4, 3998.61
7.041, 8647.46, 3999.06
7.042, 8648.52, 3999.52
7.043, 8649.57, 3999.98
7.044, 8650.63, 4000.43
7.045, 8651.69, 4000.89
7.046, 8652.75, 4001.34
7.047, 8653.8, 4001.8
7.048, 8654.86, 4002.25
7.049, 8655.92, 4002.71
7.05, 8656.97, 4003.17
7.051, 8658.03, 4003.62
7.052, 8659.09, 4004.08
7.053, 8660.15, 4004.53
7.054, 8661.2, 4004.99
7.055, 8662.26, 4005.44
7.056, 8663.32, 4005.9
7.057, 8664.37, 4006.35
7.058, 8665.43, 4006.81
7.059, 8666.49, 4007.26
7.06, 8667.54, 4007.72
7.061, 8668.6, 4008.17
7.062, 8669.66, 4008.63
7.063, 8670.71, 4009.09
7.064, 8671.77, 4009.54
7.065, 8672.83, 4010
7.066, 8673.88, 4010.45
7.067, 8674.94, 4010.91
7.068, 8676, 4011.36
7.069, 8677.05, 4011.82
7.07, 8678.11, 4012.27
7.071, 8679.17, 4012.73
7.072, 8680.22, 4013.18
7.073, 8681.28, 4013.64
7.074, 8682.34, 4014.09
7.075, 8683.39, 4014.55
7.076, 8684.45, 4015
7.077, 8685.5, 4015.46
7.078, 8686.56, 4015.91
7.079, 8687.62, 4016.37
7.08, 8688.67, 4016.82
7.081, 8689.73, 4017.28
7.082, 8690.79, 4017.73
7.083, 8691.84, 4018.19
7.084, 8692.9, 4018.64
7.085, 8693.95, 4019.09
7.086, 8695.01, 4019.55
7.087, 8696.06, 4020
7.088, 8697.12, 4020.46
7.089, 8698.18, 4020.91
7.09, 8699.23, 4021.37
7.091, 8700.29, 4021.82
7.092, 8701.34, 4022.28
7.093, 8702.4, 4022.73
7.094, 8703.46, 4023.19
7.095, 8704.51, 4023.64
7.096, 8705.57, 4024.1
7.097, 8706.62, 4024.55
7.098, 8707.68, 4025
7.099, 8708.73, 4025.46
7.1, 8709.79, 4025.91
7.101, 8710.84, 4026.37
7.102, 8711.9, 4026.82
7.103, 8712.95, 4027.28
7.104, 8714.01, 4027.73
7.105, 8715.06, 4028.18
7.106, 8716.12, 4028.64
7.107, 8717.18, 4029.09
7.108, 8718.23, 4029.55
7.109, 8719.29, 4030
7.11, 8720.34, 4030.45
7.111, 8721.4, 4030.91
7.112, 8722.45, 4031.36
7.113, 8723.51, 4031.82
7.114, 8724.56, 4032.27
7.115, 8725.62, 4032.72
7.116, 8726.67, 4033.18
7.117, 8727.73, 4033.63
7.118, 8728.78, 4034.09
7.119, 8729.84, 4034.54
7.12, 8730.89, 4034.99
7.121, 8731.94, 4035.45
7.122, 8733, 4035.9
7.123, 8734.05, 4036.36
7.124, 8735.11, 4036.81
7.125, 8736.16, 4037.26
7.126, 8737.22, 4037.72
7.127, 8738.27, 4038.17
7.128, 8739.33, 4038.62
7.129, 8740.38, 4039.08
7.13, 8741.44, 4039.53
7.131, 8742.49, 4039.99
7.132, 8743.54, 4040.44
7.133, 8744.6, 4040.89
7.134, 8745.65, 4041.35
7.135, 8746.71, 4041.8
7.136, 8747.76, 4042.25
7.137, 8748.82, 4042.71
7.138, 8749.87, 4043.16
7.139, 8750.92, 4043.61
7.14, 8751.98, 4044.07
7.141, 8753.03, 4044.52
7.142, 8754.09, 4044.97
7.143, 8755.14, 4045.43
7.144, 8756.19, 4045.88
7.145, 8757.25, 4046.33
7.146, 8758.3, 4046.79
7.147, 8759.36, 4047.24
7.148, 8760.41, 4047.69
7.149, 8761.46, 4048.15
7.15, 8762.52, 4048.6
7.151, 8763.57, 4049.05
7.152, 8764.62, 4049.5
7.153, 8765.68, 4049.96
7.154, 8766.73, 4050.41
7.155, 8767.78, 4050.86
7.156, 8768.84, 4051.32
7.157, 8769.89, 4051.77
7.158, 8770.95, 4052.22
7.159, 8772, 4052.68
7.16, 8773.05, 4053.13
7.161, 8774.11, 4053.58
7.162, 8775.16, 4054.03
7.163, 8776.21, 4054.49
7.164, 8777.27, 4054.94
7.165, 8778.32, 4055.39
7.166, 8779.37, 4055.85
7.167, 8780.43, 4056.3
7.168, 8781.48, 4056.75
7.169, 8782.53, 4057.2
7.17, 8783.58, 4057.66
7.171, 8784.64, 4058.11
7.172, 8785.69, 4058.56
7.173, 8786.74, 4059.01
7.174, 8787.8, 4059.47
7.175, 8788.85, 4059.92
7.176, 8789.9, 4060.37
7.177, 8790.95, 4060.82
7.178, 8792.01, 4061.28
7.179, 8793.06, 4061.73
7.18, 8794.11, 4062.18
7.181, 8795.17, 4062.63
7.182, 8796.22, 4063.09
7.183, 8797.27, 4063.54
7.184, 8798.32, 4063.99
7.185, 8799.38, 4064.44
7.186, 8800.43, 4064.89
7.187, 8801.48, 4065.35
7.188, 8802.53, 4065.8
7.189, 8803.59, 4066.25
7.19, 8804.64, 4066.7
7.191, 8805.69, 4067.16
7.192, 8806.74, 4067.61
7.193, 8807.8, 4068.06
7.194, 8808.85, 4068.51
7.195, 8809.9, 4068.96
7.196, 8810.95, 4069.42
7.197, 8812, 4069.87
7.198, 8813.06, 4070.32
7.199, 8814.11, 4070.77
7.2, 8815.16, 4071.22
7.201, 8816.21, 4071.68
7.202, 8817.26, 4072.13
7.203, 8818.32, 4072.58
7.204, 8819.37, 4073.03
7.205, 8820.42, 4073.48
7.206, 8821.47, 4073.93
7.207, 8822.52, 4074.39
7.208, 8823.58, 4074.84
7.209, 8824.63, 4075.29
7.21, 8825.68, 4075.74
7.211, 8826.73, 4076.19
7.212, 8827.78, 4076.64
7.213, 8828.83, 4077.1
7.214, 8829.89, 4077.55
7.215, 8830.94, 4078
7.216, 8831.99, 4078.45
7.217, 8833.04, 4078.9
7.218, 8834.09, 4079.35
7.219, 8835.14, 4079.8
7.22, 8836.19, 4080.26
7.221, 8837.25, 4080.71
7.222, 8838.3, 4081.16
7.223, 8839.35, 4081.61
7.224, 8840.4, 4082.06
7.225, 8841.45, 4082.51
7.226, 8842.5, 4082.96
7.227, 8843.55, 4083.42
7.228, 8844.6, 4083.87
7.229, 8845.65, 4084.32
7.23, 8846.71, 4084.77
7.231, 8847.76, 4085.22
7.232, 8848.81, 4085.67
7.233, 8849.86, 4086.12
7.234, 8850.91, 4086.57
7.235, 8851.96, 4087.02
7.236, 8853.01, 4087.48
7.237, 8854.06, 4087.93
7.238, 8855.11, 4088.38
7.239, 8856.16, 4088.83
7.24, 8857.21, 4089.28
7.241, 8858.26, 4089.73
7.242, 8859.32, 4090.18
7.243, 8860.37, 4090.63
7.244, 8861.42, 4091.08
7.245, 8862.47, 4091.53
7.246, 8863.52, 4091.98
7.247, 8864.57, 4092.44
7.248, 8865.62, 4092.89
7.249, 8866.67, 4093.34
7.25, 8867.72, 4093.79
7.251, 8868.77, 4094.24
7.252, 8869.82, 4094.69
7.253, 8870.87, 4095.14
7.254, 8871.92, 4095.59
7.255, 8872.97, 4096.04
7.256, 8874.02, 4096.49
7.257, 8875.07, 4096.94
7.258, 8876.12, 4097.39
7.259, 8877.17, 4097.84
7.26, 8878.22, 4098.29
7.261, 8879.27, 4098.74
7.262, 8880.32, 4099.19
7.263, 8881.37, 4099.64
7.264, 8882.42, 4100.09
7.265, 8883.47, 4100.54
7.266, 8884.52, 4100.99
7.267, 8885.57, 4101.45
7.268, 8886.62, 4101.9
7.269, 8887.67, 4102.35
7.27, 8888.72, 4102.8
7.271, 8889.77, 4103.25
7.272, 8890.82, 4103.7
7.273, 8891.87, 4104.15
7.274, 8892.92, 4104.6
7.275, 8893.97, 4105.05
7.276, 8895.02, 4105.5
7.277, 8896.07, 4105.95
7.278, 8897.11, 4106.4
7.279, 8898.16, 4106.85
7.28, 8899.21, 4107.3
7.281, 8900.26, 4107.75
7.282, 8901.31, 4108.2
7.283, 8902.36, 4108.65
7.284, 8903.41, 4109.1
7.285, 8904.46, 4109.55
7.286, 8905.51, 4110
7.287, 8906.56, 4110.45
7.288, 8907.61, 4110.9
7.289, 8908.66, 4111.35
7.29, 8909.71, 4111.79
7.291, 8910.75, 4112.24
7.292, 8911.8, 4112.69
7.293, 8912.85, 4113.14
7.294, 8913.9, 4113.59
7.295, 8914.95, 4114.04
7.296, 8916, 4114.49
7.297, 8917.05, 4114.94
7.298, 8918.1, 4115.39
7.299, 8919.14, 4115.84
7.3, 8920.19, 4116.29
7.301, 8921.24, 4116.74
7.302, 8922.29, 4117.19
7.303, 8923.34, 4117.64
7.304, 8924.39, 4118.09
7.305, 8925.44, 4118.54
7.306, 8926.48, 4118.99
7.307, 8927.53, 4119.44
7.308, 8928.58, 4119.89
7.309, 8929.63, 4120.33
7.31, 8930.68, 4120.78
7.311, 8931.73, 4121.23
7.312, 8932.77, 4121.68
7.313, 8933.82, 4122.13
7.314, 8934.87, 4122.58
7.315, 8935.92, 4123.03
7.316, 8936.97, 4123.48
7.317, 8938.02, 4123.93
7.318, 8939.06, 4124.38
7.319, 8940.11, 4124.83
7.32, 8941.16, 4125.28
7.321, 8942.21, 4125.72
7.322, 8943.26, 4126.17
7.323, 8944.3, 4126.62
7.324, 8945.35, 4127.07
7.325, 8946.4, 4127.52
7.326, 8947.45, 4127.97
7.327, 8948.49, 4128.42
7.328, 8949.54, 4128.87
7.329, 8950.59, 4129.31
7.33, 8951.64, 4129.76
7.331, 8952.69, 4130.21
7.332, 8953.73, 4130.66
7.333, 8954.78, 4131.11
7.334, 8955.83, 4131.56
7.335, 8956.88, 4132.01
7.336, 8957.92, 4132.46
7.337, 8958.97, 4132.9
7.338, 8960.02, 4133.35
7.339, 8961.07, 4133.8
7.34, 8962.11, 4134.25
7.341, 8963.16, 4134.7
7.342, 8964.21, 4135.15
7.343, 8965.25, 4135.6
7.344, 8966.3, 4136.04
7.345, 8967.35, 4136.49
7.346, 8968.4, 4136.94
7.347, 8969.44, 4137.39
7.348, 8970.49, 4137.84
7.349, 8971.54, 4138.29
7.35, 8972.58, 4138.73
7.351, 8973.63, 4139.18
7.352, 8974.68, 4139.63
7.353, 8975.73, 4140.08
7.354, 8976.77, 4140.53
7.355, 8977.82, 4140.97
7.356, 8978.87, 4141.42
7.357, 8979.91, 4141.87
7.358, 8980.96, 4142.32
7.359, 8982.01, 4142.77
7.36, 8983.05, 4143.21
7.361, 8984.1, 4143.66
7.362, 8985.15, 4144.11
7.363, 8986.19, 4144.56
7.364, 8987.24, 4145.01
7.365, 8988.29, 4145.45
7.366, 8989.33, 4145.9
7.367, 8990.38, 4146.35
7.368, 8991.42, 4146.8
7.369, 8992.47, 4147.25
7.37, 8993.52, 4147.69
7.371, 8994.56, 4148.14
7.372, 8995.61, 4148.59
7.373, 8996.66, 4149.04
7.374, 8997.7, 4149.48
7.375, 8998.75, 4149.93
7.376, 8999.79, 4150.38
7.377, 9000.84, 4150.83
7.378, 9001.89, 4151.28
7.379, 9002.93, 4151.72
7.38, 9003.98, 4152.17
7.381, 9005.02, 4152.62
7.382, 9006.07, 4153.07
7.383, 9007.12, 4153.51
7.384, 9008.16, 4153.96
7.385, 9009.21, 4154.41
7.386, 9010.25, 4154.86
7.387, 9011.3, 4155.3
7.388, 9012.35, 4155.75
7.389, 9013.39, 4156.2
7.39, 9014.44, 4156.64
7.391, 9015.48, 4157.09
7.392, 9016.53, 4157.54
7.393, 9017.57, 4157.99
7.394, 9018.62, 4158.43
7.395, 9019.66, 4158.88
7.396, 9020.71, 4159.33
7.397, 9021.76, 4159.78
7.398, 9022.8, 4160.22
7.399, 9023.85, 4160.67
7.4, 9024.89, 4161.12
7.401, 9025.94, 4161.56
7.402, 9026.98, 4162.01
7.403, 9028.03, 4162.46
7.404, 9029.07, 4162.9
7.405, 9030.12, 4163.35
7.406, 9031.16, 4163.8
7.407, 9032.21, 4164.25
7.408, 9033.25, 4164.69
7.409, 9034.3, 4165.14
7.41, 9035.34, 4165.59
7.411, 9036.39, 4166.03
7.412, 9037.43, 4166.48
7.413, 9038.48, 4166.93
7.414, 9039.52, 4167.37
7.415, 9040.57, 4167.82
7.416, 9041.61, 4168.27
7.417, 9042.66, 4168.71
7.418, 9043.7, 4169.16
7.419, 9044.75, 4169.61
7.42, 9045.79, 4170.05
7.421, 9046.84, 4170.5
7.422, 9047.88, 4170.95
7.423, 9048.93, 4171.39
7.424, 9049.97, 4171.84
7.425, 9051.01, 4172.29
7.426, 9052.06, 4172.73
7.427, 9053.1, 4173.18
7.428, 9054.15, 4173.62
7.429, 9055.19, 4174.07
7.43, 9056.24, 4174.52
7.431, 9057.28, 4174.96
7.432, 9058.33, 4175.41
7.433, 9059.37, 4175.86
7.434, 9060.41, 4176.3
7.435, 9061.46, 4176.75
7.436, 9062.5, 4177.19
7.437, 9063.55, 4177.64
7.438, 9064.59, 4178.09
7.439, 9065.63, 4178.53
7.44, 9066.68, 4178.98
7.441, 9067.72, 4179.43
7.442, 9068.77, 4179.87
7.443, 9069.81, 4180.32
7.444, 9070.85, 4180.76
7.445, 9071.9, 4181.21
7.446, 9072.94, 4181.66
7.447, 9073.99, 4182.1
7.448, 9075.03, 4182.55
7.449, 9076.07, 4182.99
7.45, 9077.12, 4183.44
7.451, 9078.16, 4183.89
7.452, 9079.2, 4184.33
7.453, 9080.25, 4184.78
7.454, 9081.29, 4185.22
7.455, 9082.33, 4185.67
7.456, 9083.38, 4186.11
7.457, 9084.42, 4186.56
7.458, 9085.47, 4187.01
7.459, 9086.51, 4187.45
7.46, 9087.55, 4187.9
7.461, 9088.6, 4188.34
7.462, 9089.64, 4188.79
7.463, 9090.68, 4189.23
7.464, 9091.73, 4189.68
7.465, 9092.77, 4190.12
7.466, 9093.81, 4190.57
7.467, 9094.85, 4191.02
7.468, 9095.9, 4191.46
7.469, 9096.94, 4191.91
7.47, 9097.98, 4192.35
7.471, 9099.03, 4192.8
7.472, 9100.07, 4193.24
7.473, 9101.11, 4193.69
7.474, 9102.16, 4194.13
7.475, 9103.2, 4194.58
7.476, 9104.24, 4195.02
7.477, 9105.28, 4195.47
7.478, 9106.33, 4195.91
7.479, 9107.37, 4196.36
7.48, 9108.41, 4196.8
7.481, 9109.46, 4197.25
7.482, 9110.5, 4197.69
7.483, 9111.54, 4198.14
7.484, 9112.58, 4198.58
7.485, 9113.63, 4199.03
7.486, 9114.67, 4199.47
7.487, 9115.71, 4199.92
7.488, 9116.75, 4200.36
7.489, 9117.8, 4200.81
7.49, 9118.84, 4201.25
7.491, 9119.88, 4201.7
7.492, 9120.92, 4202.14
7.493, 9121.96, 4202.59
7.494, 9123.01, 4203.03
7.495, 9124.05, 4203.48
7.496, 9125.09, 4203.92
7.497, 9126.13, 4204.37
7.498, 9127.18, 4204.81
7.499, 9128.22, 4205.26
7.5, 9129.26, 4205.7
7.501, 9130.3, 4206.15
7.502, 9131.34, 4206.59
7.503, 9132.39, 4207.04
7.504, 9133.43, 4207.48
7.505, 9134.47, 4207.93
7.506, 9135.51, 4208.37
7.507, 9136.55, 4208.81
7.508, 9137.6, 4209.26
7.509, 9138.64, 4209.7
7.51, 9139.68, 4210.15
7.511, 9140.72, 4210.59
7.512, 9141.76, 4211.04
7.513, 9142.8, 4211.48
7.514, 9143.85, 4211.93
7.515, 9144.89, 4212.37
7.516, 9145.93, 4212.81
7.517, 9146.97, 4213.26
7.518, 9148.01, 4213.7
7.519, 9149.05, 4214.15
7.52, 9150.09, 4214.59
7.521, 9151.14, 4215.04
7.522, 9152.18, 4215.48
7.523, 9153.22, 4215.92
7.524, 9154.26, 4216.37
7.525, 9155.3, 4216.81
7.526, 9156.34, 4217.26
7.527, 9157.38, 4217.7
7.528, 9158.42, 4218.14
7.529, 9159.47, 4218.59
7.53, 9160.51, 4219.03
7.531, 9161.55, 4219.48
7.532, 9162.59, 4219.92
7.533, 9163.63, 4220.36
7.534, 9164.67, 4220.81
7.535, 9165.71, 4221.25
7.536, 9166.75, 4221.7
7.537, 9167.79, 4222.14
7.538, 9168.83, 4222.58
7.539, 9169.87, 4223.03
7.54, 9170.92, 4223.47
7.541, 9171.96, 4223.91
7.542, 9173, 4224.36
7.543, 9174.04, 4224.8
7.544, 9175.08, 4225.25
7.545, 9176.12, 4225.69
7.546, 9177.16, 4226.13
7.547, 9178.2, 4226.58
7.548, 9179.24, 4227.02
7.549, 9180.28, 4227.46
7.55, 9181.32, 4227.91
7.551, 9182.36, 4228.35
7.552, 9183.4, 4228.79
7.553, 9184.44, 4229.24
7.554, 9185.48, 4229.68
7.555, 9186.52, 4230.12
7.556, 9187.56, 4230.57
7.557, 9188.6, 4231.01
7.558, 9189.64, 4231.45
7.559, 9190.68, 4231.9
7.56, 9191.72, 4232.34
7.561, 9192.76, 4232.78
7.562, 9193.8, 4233.23
7.563, 9194.84, 4233.67
7.564, 9195.88, 4234.11
7.565, 9196.92, 4234.56
7.566, 9197.96, 4235
7.567, 9199, 4235.44
7.568, 9200.04, 4235.89
7.569, 9201.08, 4236.33
7.57, 9202.12, 4236.77
7.571, 9203.16, 4237.21
7.572, 9204.2, 4237.66
7.573, 9205.24, 4238.1
7.574, 9206.28, 4238.54
7.575, 9207.32, 4238.99
7.576, 9208.36, 4239.43
7.577, 9209.4, 4239.87
7.578, 9210.44, 4240.31
7.579, 9211.48, 4240.76
7.58, 9212.52, 4241.2
7.581, 9213.56, 4241.64
7.582, 9214.6, 4242.09
7.583, 9215.64, 4242.53
7.584, 9216.68, 4242.97
7.585, 9217.72, 4243.41
7.586, 9218.75, 4243.86
7.587, 9219.79, 4244.3
7.588, 9220.83, 4244.74
7.589, 9221.87, 4245.18
7.59, 9222.91, 4245.63
7.591, 9223.95, 4246.07
7.592, 9224.99, 4246.51
7.593, 9226.03, 4246.95
7.594, 9227.07, 4247.4
7.595, 9228.11, 4247.84
7.596, 9229.15, 4248.28
7.597, 9230.18, 4248.72
7.598, 9231.22, 4249.17
7.599, 9232.26, 4249.61
7.6, 9233.3, 4250.05
7.601, 9234.34, 4250.49
7.602, 9235.38, 4250.94
7.603, 9236.42, 4251.38
7.604, 9237.46, 4251.82
7.605, 9238.49, 4252.26
7.606, 9239.53, 4252.7
7.607, 9240.57, 4253.15
7.608, 9241.61, 4253.59
7.609, 9242.65, 4254.03
7.61, 9243.69, 4254.47
7.611, 9244.73, 4254.92
7.612, 9245.76, 4255.36
7.613, 9246.8, 4255.8
7.614, 9247.84, 4256.24
7.615, 9248.88, 4256.68
7.616, 9249.92, 4257.12
7.617, 9250.96, 4257.57
7.618, 9251.99, 4258.01
7.619, 9253.03, 4258.45
7.62, 9254.07, 4258.89
7.621, 9255.11, 4259.33
7.622, 9256.15, 4259.78
7.623, 9257.18, 4260.22
7.624, 9258.22, 4260.66
7.625, 9259.26, 4261.1
7.626, 9260.3, 4261.54
7.627, 9261.34, 4261.98
7.628, 9262.37, 4262.43
7.629, 9263.41, 4262.87
7.63, 9264.45, 4263.31
7.631, 9265.49, 4263.75
7.632, 9266.52, 4264.19
7.633, 9267.56, 4264.63
7.634, 9268.6, 4265.08
7.635, 9269.64, 4265.52
7.636, 9270.68, 4265.96
7.637, 9271.71, 4266.4
7.638, 9272.75, 4266.84
7.639, 9273.79, 4267.28
7.64, 9274.83, 4267.72
7.641, 9275.86, 4268.17
7.642, 9276.9, 4268.61
7.643, 9277.94, 4269.05
7.644, 9278.98, 4269.49
7.645, 9280.01, 4269.93
7.646, 9281.05, 4270.37
7.647, 9282.09, 4270.81
7.648, 9283.12, 4271.25
7.649, 9284.16, 4271.7
7.65, 9285.2, 4272.14
7.651, 9286.24, 4272.58
7.652, 9287.27, 4273.02
7.653, 9288.31, 4273.46
7.654, 9289.35, 4273.9
7.655, 9290.38, 4274.34
7.656, 9291.42, 4274.78
7.657, 9292.46, 4275.22
7.658, 9293.5, 4275.67
7.659, 9294.53, 4276.11
7.66, 9295.57, 4276.55
7.661, 9296.61, 4276.99
7.662, 9297.64, 4277.43
7.663, 9298.68, 4277.87
7.664, 9299.72, 4278.31
7.665, 9300.75, 4278.75
7.666, 9301.79, 4279.19
7.667, 9302.83, 4279.63
7.668, 9303.86, 4280.07
7.669, 9304.9, 4280.51
7.67, 9305.94, 4280.95
7.671, 9306.97, 4281.4
7.672, 9308.01, 4281.84
7.673, 9309.05, 4282.28
7.674, 9310.08, 4282.72
7.675, 9311.12, 4283.16
7.676, 9312.15, 4283.6
7.677, 9313.19, 4284.04
7.678, 9314.23, 4284.48
7.679, 9315.26, 4284.92
7.68, 9316.3, 4285.36
7.681, 9317.34, 4285.8
7.682, 9318.37, 4286.24
7.683, 9319.41, 4286.68
7.684, 9320.44, 4287.12
7.685, 9321.48, 4287.56
7.686, 9322.52, 4288
7.687, 9323.55, 4288.44
7.688, 9324.59, 4288.88
7.689, 9325.62, 4289.32
7.69, 9326.66, 4289.76
7.691, 9327.7, 4290.2
7.692, 9328.73, 4290.64
7.693, 9329.77, 4291.08
7.694, 9330.8, 4291.52
7.695, 9331.84, 4291.96
7.696, 9332.88, 4292.4
7.697, 9333.91, 4292.84
7.698, 9334.95, 4293.28
7.699, 9335.98, 4293.72
7.7, 9337.02, 4294.16
7.701, 9338.05, 4294.6
7.702, 9339.09, 4295.04
7.703, 9340.12, 4295.48
7.704, 9341.16, 4295.92
7.705, 9342.2, 4296.36
7.706, 9343.23, 4296.8
7.707, 9344.27, 4297.24
7.708, 9345.3, 4297.68
7.709, 9346.34, 4298.12
7.71, 9347.37, 4298.56
7.711, 9348.41, 4299
7.712, 9349.44, 4299.44
7.713, 9350.48, 4299.88
7.714, 9351.51, 4300.32
7.715, 9352.55, 4300.76
7.716, 9353.58, 4301.2
7.717, 9354.62, 4301.64
7.718, 9355.65, 4302.08
7.719, 9356.69, 4302.52
7.72, 9357.72, 4302.96
7.721, 9358.76, 4303.4
7.722, 9359.79, 4303.84
7.723, 9360.83, 4304.28
7.724, 9361.86, 4304.72
7.725, 9362.9, 4305.16
7.726, 9363.93, 4305.59
7.727, 9364.97, 4306.03
7.728, 9366, 4306.47
7.729, 9367.04, 4306.91
7.73, 9368.07, 4307.35
7.731, 9369.1, 4307.79
7.732, 9370.14, 4308.23
7.733, 9371.17, 4308.67
7.734, 9372.21, 4309.11
7.735, 9373.24, 4309.55
7.736, 9374.28, 4309.99
7.737, 9375.31, 4310.43
7.738, 9376.35, 4310.87
7.739, 9377.38, 4311.3
7.74, 9378.41, 4311.74
7.741, 9379.45, 4312.18
7.742, 9380.48, 4312.62
7.743, 9381.52, 4313.06
7.744, 9382.55, 4313.5
7.745, 9383.59, 4313.94
7.746, 9384.62, 4314.38
7.747, 9385.65, 4314.82
7.748, 9386.69, 4315.25
7.749, 9387.72, 4315.69
7.75, 9388.76, 4316.13
7.751, 9389.79, 4316.57
7.752, 9390.82, 4317.01
7.753, 9391.86, 4317.45
7.754, 9392.89, 4317.89
7.755, 9393.93, 4318.33
7.756, 9394.96, 4318.76
7.757, 9395.99, 4319.2
7.758, 9397.03, 4319.64
7.759, 9398.06, 4320.08
7.76, 9399.09, 4320.52
7.761, 9400.13, 4320.96
7.762, 9401.16, 4321.4
7.763, 9402.2, 4321.83
7.764, 9403.23, 4322.27
7.765, 9404.26, 4322.71
7.766, 9405.3, 4323.15
7.767, 9406.33, 4323.59
7.768, 9407.36, 4324.03
7.769, 9408.4, 4324.47
7.77, 9409.43, 4324.9
7.771, 9410.46, 4325.34
7.772, 9411.5, 4325.78
7.773, 9412.53, 4326.22
7.774, 9413.56, 4326.66
7.775, 9414.6, 4327.09
7.776, 9415.63, 4327.53
7.777, 9416.66, 4327.97
7.778, 9417.69, 4328.41
7.779, 9418.73, 4328.85
7.78, 9419.76, 4329.29
7.781, 9420.79, 4329.72
7.782, 9421.83, 4330.16
7.783, 9422.86, 4330.6
7.784, 9423.89, 4331.04
7.785, 9424.93, 4331.48
7.786, 9425.96, 4331.91
7.787, 9426.99, 4332.35
7.788, 9428.02, 4332.79
7.789, 9429.06, 4333.23
7.79, 9430.09, 4333.67
7.791, 9431.12, 4334.1
7.792, 9432.16, 4334.54
7.793, 9433.19, 4334.98
7.794, 9434.22, 4335.42
7.795, 9435.25, 4335.85
7.796, 9436.29, 4336.29
7.797, 9437.32, 4336.73
7.798, 9438.35, 4337.17
7.799, 9439.38, 4337.61
7.8, 9440.42, 4338.04
7.801, 9441.45, 4338.48
7.802, 9442.48, 4338.92
7.803, 9443.51, 4339.36
7.804, 9444.54, 4339.79
7.805, 9445.58, 4340.23
7.806, 9446.61, 4340.67
7.807, 9447.64, 4341.11
7.808, 9448.67, 4341.54
7.809, 9449.71, 4341.98
7.81, 9450.74, 4342.42
7.811, 9451.77, 4342.86
7.812, 9452.8, 4343.29
7.813, 9453.83, 4343.73
7.814, 9454.87, 4344.17
7.815, 9455.9, 4344.6
7.816, 9456.93, 4345.04
7.817, 9457.96, 4345.48
7.818, 9458.99, 4345.92
7.819, 9460.02, 4346.35
7.82, 9461.06, 4346.79
7.821, 9462.09, 4347.23
7.822, 9463.12, 4347.66
7.823, 9464.15, 4348.1
7.824, 9465.18, 4348.54
7.825, 9466.21, 4348.98
7.826, 9467.25, 4349.41
7.827, 9468.28, 4349.85
7.828, 9469.31, 4350.29
7.829, 9470.34, 4350.72
7.83, 9471.37, 4351.16
7.831, 9472.4, 4351.6
7.832, 9473.44, 4352.03
7.833, 9474.47, 4352.47
7.834, 9475.5, 4352.91
7.835, 9476.53, 4353.35
7.836, 9477.56, 4353.78
7.837, 9478.59, 4354.22
7.838, 9479.62, 4354.66
7.839, 9480.65, 4355.09
7.84, 9481.69, 4355.53
7.841, 9482.72, 4355.97
7.842, 9483.75, 4356.4
7.843, 9484.78, 4356.84
7.844, 9485.81, 4357.28
7.845, 9486.84, 4357.71
7.846, 9487.87, 4358.15
7.847, 9488.9, 4358.59
7.848, 9489.93, 4359.02
7.849, 9490.96, 4359.46
7.85, 9491.99, 4359.89
7.851, 9493.03, 4360.33
7.852, 9494.06, 4360.77
7.853, 9495.09, 4361.2
7.854, 9496.12, 4361.64
7.855, 9497.15, 4362.08
7.856, 9498.18, 4362.51
7.857, 9499.21, 4362.95
7.858, 9500.24, 4363.39
7.859, 9501.27, 4363.82
7.86, 9502.3, 4364.26
7.861, 9503.33, 4364.69
7.862, 9504.36, 4365.13
7.863, 9505.39, 4365.57
7.864, 9506.42, 4366
7.865, 9507.45, 4366.44
7.866, 9508.48, 4366.88
7.867, 9509.51, 4367.31
7.868, 9510.54, 4367.75
7.869, 9511.57, 4368.18
7.87, 9512.6, 4368.62
7.871, 9513.64, 4369.06
7.872, 9514.67, 4369.49
7.873, 9515.7, 4369.93
7.874, 9516.73, 4370.36
7.875, 9517.76, 4370.8
7.876, 9518.79, 4371.24
7.877, 9519.82, 4371.67
7.878, 9520.85, 4372.11
7.879, 9521.88, 4372.54
7.88, 9522.91, 4372.98
7.881, 9523.94, 4373.41
7.882, 9524.96, 4373.85
7.883, 9525.99, 4374.29
7.884, 9527.02, 4374.72
7.885, 9528.05, 4375.16
7.886, 9529.08, 4375.59
7.887, 9530.11, 4376.03
7.888, 9531.14, 4376.46
7.889, 9532.17, 4376.9
7.89, 9533.2, 4377.34
7.891, 9534.23, 4377.77
7.892, 9535.26, 4378.21
7.893, 9536.29, 4378.64
7.894, 9537.32, 4379.08
7.895, 9538.35, 4379.51
7.896, 9539.38, 4379.95
7.897, 9540.41, 4380.38
7.898, 9541.44, 4380.82
7.899, 9542.47, 4381.25
7.9, 9543.5, 4381.69
7.901, 9544.53, 4382.12
7.902, 9545.55, 4382.56
7.903, 9546.58, 4383
7.904, 9547.61, 4383.43
7.905, 9548.64, 4383.87
7.906, 9549.67, 4384.3
7.907, 9550.7, 4384.74
7.908, 9551.73, 4385.17
7.909, 9552.76, 4385.61
7.91, 9553.79, 4386.04
7.911, 9554.82, 4386.48
7.912, 9555.84, 4386.91
7.913, 9556.87, 4387.35
7.914, 9557.9, 4387.78
7.915, 9558.93, 4388.22
7.916, 9559.96, 4388.65
7.917, 9560.99, 4389.09
7.918, 9562.02, 4389.52
7.919, 9563.05, 4389.96
7.92, 9564.07, 4390.39
7.921, 9565.1, 4390.83
7.922, 9566.13, 4391.26
7.923, 9567.16, 4391.7
7.924, 9568.19, 4392.13
7.925, 9569.22, 4392.57
7.926, 9570.25, 4393
7.927, 9571.27, 4393.43
7.928, 9572.3, 4393.87
7.929, 9573.33, 4394.3
7.93, 9574.36, 4394.74
7.931, 9575.39, 4395.17
7.932, 9576.42, 4395.61
7.933, 9577.44, 4396.04
7.934, 9578.47, 4396.48
7.935, 9579.5, 4396.91
7.936, 9580.53, 4397.35
7.937, 9581.56, 4397.78
7.938, 9582.58, 4398.21
7.939, 9583.61, 4398.65
7.94, 9584.64, 4399.08
7.941, 9585.67, 4399.52
7.942, 9586.7, 4399.95
7.943, 9587.72, 4400.39
7.944, 9588.75, 4400.82
7.945, 9589.78, 4401.26
7.946, 9590.81, 4401.69
7.947, 9591.84, 4402.12
7.948, 9592.86, 4402.56
7.949, 9593.89, 4402.99
7.95, 9594.92, 4403.43
7.951, 9595.95, 4403.86
7.952, 9596.97, 4404.29
7.953, 9598, 4404.73
7.954, 9599.03, 4405.16
7.955, 9600.06, 4405.6
7.956, 9601.08, 4406.03
7.957, 9602.11, 4406.46
7.958, 9603.14, 4406.9
7.959, 9604.17, 4407.33
7.96, 9605.19, 4407.77
7.961, 9606.22, 4408.2
7.962, 9607.25, 4408.63
7.963, 9608.28, 4409.07
7.964, 9609.3, 4409.5
7.965, 9610.33, 4409.94
7.966, 9611.36, 4410.37
7.967, 9612.39, 4410.8
7.968, 9613.41, 4411.24
7.969, 9614.44, 4411.67
7.97, 9615.47, 4412.1
7.971, 9616.49, 4412.54
7.972, 9617.52, 4412.97
7.973, 9618.55, 4413.41
7.974, 9619.57, 4413.84
7.975, 9620.6, 4414.27
7.976, 9621.63, 4414.71
7.977, 9622.66, 4415.14
7.978, 9623.68, 4415.57
7.979, 9624.71, 4416.01
7.98, 9625.74, 4416.44
7.981, 9626.76, 4416.87
7.982, 9627.79, 4417.31
7.983, 9628.82, 4417.74
7.984, 9629.84, 4418.17
7.985, 9630.87, 4418.61
7.986, 9631.9, 4419.04
7.987, 9632.92, 4419.47
7.988, 9633.95, 4419.91
7.989, 9634.98, 4420.34
7.99, 9636, 4420.77
7.991, 9637.03, 4421.21
7.992, 9638.05, 4421.64
7.993, 9639.08, 4422.07
7.994, 9640.11, 4422.51
7.995, 9641.13, 4422.94
7.996, 9642.16, 4423.37
7.997, 9643.19, 4423.81
7.998, 9644.21, 4424.24
7.999, 9645.24, 4424.67
8, 9646.26, 4425.11
8.001, 9647.29, 4425.54
8.002, 9648.32, 4425.97
8.003, 9649.34, 4426.4
8.004, 9650.37, 4426.84
8.005, 9651.39, 4427.27
8.006, 9652.42, 4427.7
8.007, 9653.45, 4428.14
8.008, 9654.47, 4428.57
8.009, 9655.5, 4429
8.01, 9656.52, 4429.43
8.011, 9657.55, 4429.87
8.012, 9658.58, 4430.3
8.013, 9659.6, 4430.73
8.014, 9660.63, 4431.17
8.015, 9661.65, 4431.6
8.016, 9662.68, 4432.03
8.017, 9663.7, 4432.46
8.018, 9664.73, 4432.9
8.019, 9665.76, 4433.33
8.02, 9666.78, 4433.76
8.021, 9667.81, 4434.19
8.022, 9668.83, 4434.63
8.023, 9669.86, 4435.06
8.024, 9670.88, 4435.49
8.025, 9671.91, 4435.92
8.026, 9672.93, 4436.36
8.027, 9673.96, 4436.79
8.028, 9674.98, 4437.22
8.029, 9676.01, 4437.65
8.03, 9677.03, 4438.09
8.031, 9678.06, 4438.52
8.032, 9679.08, 4438.95
8.033, 9680.11, 4439.38
8.034, 9681.14, 4439.82
8.035, 9682.16, 4440.25
8.036, 9683.19, 4440.68
8.037, 9684.21, 4441.11
8.038, 9685.24, 4441.54
8.039, 9686.26, 4441.98
8.04, 9687.29, 4442.41
8.041, 9688.31, 4442.84
8.042, 9689.33, 4443.27
8.043, 9690.36, 4443.7
8.044, 9691.38, 4444.14
8.045, 9692.41, 4444.57
8.046, 9693.43, 4445
8.047, 9694.46, 4445.43
8.048, 9695.48, 4445.86
8.049, 9696.51, 4446.3
8.05, 9697.53, 4446.73
8.051, 9698.56, 4447.16
8.052, 9699.58, 4447.59
8.053, 9700.61, 4448.02
8.054, 9701.63, 4448.46
8.055, 9702.66, 4448.89
8.056, 9703.68, 4449.32
8.057, 9704.7, 4449.75
8.058, 9705.73, 4450.18
8.059, 9706.75, 4450.61
8.06, 9707.78, 4451.05
8.061, 9708.8, 4451.48
8.062, 9709.83, 4451.91
8.063, 9710.85, 4452.34
8.064, 9711.87, 4452.77
8.065, 9712.9, 4453.2
8.066, 9713.92, 4453.64
8.067, 9714.95, 4454.07
8.068, 9715.97, 4454.5
8.069, 9716.99, 4454.93
8.07, 9718.02, 4455.36
8.071, 9719.04, 4455.79
8.072, 9720.07, 4456.22
8.073, 9721.09, 4456.66
8.074, 9722.11, 4457.09
8.075, 9723.14, 4457.52
8.076, 9724.16, 4457.95
8.077, 9725.19, 4458.38
8.078, 9726.21, 4458.81
8.079, 9727.23, 4459.24
8.08, 9728.26, 4459.67
8.081, 9729.28, 4460.11
8.082, 9730.3, 4460.54
8.083, 9731.33, 4460.97
8.084, 9732.35, 4461.4
8.085, 9733.37, 4461.83
8.086, 9734.4, 4462.26
8.087, 9735.42, 4462.69
8.088, 9736.44, 4463.12
8.089, 9737.47, 4463.55
8.09, 9738.49, 4463.98
8.091, 9739.51, 4464.42
8.092, 9740.54, 4464.85
8.093, 9741.56, 4465.28
8.094, 9742.58, 4465.71
8.095, 9743.61, 4466.14
8.096, 9744.63, 4466.57
8.097, 9745.65, 4467
8.098, 9746.68, 4467.43
8.099, 9747.7, 4467.86
8.1, 9748.72, 4468.29
8.101, 9749.75, 4468.72
8.102, 9750.77, 4469.15
8.103, 9751.79, 4469.59
8.104, 9752.82, 4470.02
8.105, 9753.84, 4470.45
8.106, 9754.86, 4470.88
8.107, 9755.88, 4471.31
8.108, 9756.91, 4471.74
8.109, 9757.93, 4472.17
8.11, 9758.95, 4472.6
8.111, 9759.98, 4473.03
8.112, 9761, 4473.46
8.113, 9762.02, 4473.89
8.114, 9763.04, 4474.32
8.115, 9764.07, 4474.75
8.116, 9765.09, 4475.18
8.117, 9766.11, 4475.61
8.118, 9767.13, 4476.04
8.119, 9768.16, 4476.47
8.12, 9769.18, 4476.9
8.121, 9770.2, 4477.33
8.122, 9771.22, 4477.76
8.123, 9772.25, 4478.19
8.124, 9773.27, 4478.62
8.125, 9774.29, 4479.05
8.126, 9775.31, 4479.49
8.127, 9776.33, 4479.92
8.128, 9777.36, 4480.35
8.129, 9778.38, 4480.78
8.13, 9779.4, 4481.21
8.131, 9780.42, 4481.64
8.132, 9781.45, 4482.07
8.133, 9782.47, 4482.5
8.134, 9783.49, 4482.93
8.135, 9784.51, 4483.36
8.136, 9785.53, 4483.79
8.137, 9786.56, 4484.22
8.138, 9787.58, 4484.65
8.139, 9788.6, 4485.08
8.14, 9789.62, 4485.5
8.141, 9790.64, 4485.93
8.142, 9791.66, 4486.36
8.143, 9792.69, 4486.79
8.144, 9793.71, 4487.22
8.145, 9794.73, 4487.65
8.146, 9795.75, 4488.08
8.147, 9796.77, 4488.51
8.148, 9797.8, 4488.94
8.149, 9798.82, 4489.37
8.15, 9799.84, 4489.8
8.151, 9800.86, 4490.23
8.152, 9801.88, 4490.66
8.153, 9802.9, 4491.09
8.154, 9803.92, 4491.52
8.155, 9804.95, 4491.95
8.156, 9805.97, 4492.38
8.157, 9806.99, 4492.81
8.158, 9808.01, 4493.24
8.159, 9809.03, 4493.67
8.16, 9810.05, 4494.1
8.161, 9811.07, 4494.53
8.162, 9812.09, 4494.96
8.163, 9813.12, 4495.39
8.164, 9814.14, 4495.81
8.165, 9815.16, 4496.24
8.166, 9816.18, 4496.67
8.167, 9817.2, 4497.1
8.168, 9818.22, 4497.53
8.169, 9819.24, 4497.96
8.17, 9820.26, 4498.39
8.171, 9821.28, 4498.82
8.172, 9822.3, 4499.25
8.173, 9823.33, 4499.68
8.174, 9824.35, 4500.11
8.175, 9825.37, 4500.54
8.176, 9826.39, 4500.96
8.177, 9827.41, 4501.39
8.178, 9828.43, 4501.82
8.179, 9829.45, 4502.25
8.18, 9830.47, 4502.68
8.181, 9831.49, 4503.11
8.182, 9832.51, 4503.54
8.183, 9833.53, 4503.97
8.184, 9834.55, 4504.4
8.185, 9835.57, 4504.82
8.186, 9836.59, 4505.25
8.187, 9837.61, 4505.68
8.188, 9838.63, 4506.11
8.189, 9839.65, 4506.54
8.19, 9840.67, 4506.97
8.191, 9841.7, 4507.4
8.192, 9842.72, 4507.83
8.193, 9843.74, 4508.25
8.194, 9844.76, 4508.68
8.195, 9845.78, 4509.11
8.196, 9846.8, 4509.54
8.197, 9847.82, 4509.97
8.198, 9848.84, 4510.4
8.199, 9849.86, 4510.83
8.2, 9850.88, 4511.25
8.201, 9851.9, 4511.68
8.202, 9852.92, 4512.11
8.203, 9853.94, 4512.54
8.204, 9854.96, 4512.97
8.205, 9855.98, 4513.4
8.206, 9857, 4513.82
8.207, 9858.02, 4514.25
8.208, 9859.04, 4514.68
8.209, 9860.06, 4515.11
8.21, 9861.08, 4515.54
8.211, 9862.09, 4515.97
8.212, 9863.11, 4516.39
8.213, 9864.13, 4516.82
8.214, 9865.15, 4517.25
8.215, 9866.17, 4517.68
8.216, 9867.19, 4518.11
8.217, 9868.21, 4518.54
8.218, 9869.23, 4518.96
8.219, 9870.25, 4519.39
8.22, 9871.27, 4519.82
8.221, 9872.29, 4520.25
8.222, 9873.31, 4520.68
8.223, 9874.33, 4521.1
8.224, 9875.35, 4521.53
8.225, 9876.37, 4521.96
8.226, 9877.39, 4522.39
8.227, 9878.41, 4522.82
8.228, 9879.43, 4523.24
8.229, 9880.44, 4523.67
8.23, 9881.46, 4524.1
8.231, 9882.48, 4524.53
8.232, 9883.5, 4524.95
8.233, 9884.52, 4525.38
8.234, 9885.54, 4525.81
8.235, 9886.56, 4526.24
8.236, 9887.58, 4526.67
8.237, 9888.6, 4527.09
8.238, 9889.62, 4527.52
8.239, 9890.63, 4527.95
8.24, 9891.65, 4528.38
8.241, 9892.67, 4528.8
8.242, 9893.69, 4529.23
8.243, 9894.71, 4529.66
8.244, 9895.73, 4530.09
8.245, 9896.75, 4530.51
8.246, 9897.77, 4530.94
8.247, 9898.78, 4531.37
8.248, 9899.8, 4531.8
8.249, 9900.82, 4532.22
8.25, 9901.84, 4532.65
8.251, 9902.86, 4533.08
8.252, 9903.88, 4533.5
8.253, 9904.89, 4533.93
8.254, 9905.91, 4534.36
8.255, 9906.93, 4534.79
8.256, 9907.95, 4535.21
8.257, 9908.97, 4535.64
8.258, 9909.99, 4536.07
8.259, 9911, 4536.5
8.26, 9912.02, 4536.92
8.261, 9913.04, 4537.35
8.262, 9914.06, 4537.78
8.263, 9915.08, 4538.2
8.264, 9916.1, 4538.63
8.265, 9917.11, 4539.06
8.266, 9918.13, 4539.49
8.267, 9919.15, 4539.91
8.268, 9920.17, 4540.34
8.269, 9921.19, 4540.77
8.27, 9922.2, 4541.19
8.271, 9923.22, 4541.62
8.272, 9924.24, 4542.05
8.273, 9925.26, 4542.47
8.274, 9926.27, 4542.9
8.275, 9927.29, 4543.33
8.276, 9928.31, 4543.75
8.277, 9929.33, 4544.18
8.278, 9930.35, 4544.61
8.279, 9931.36, 4545.03
8.28, 9932.38, 4545.46
8.281, 9933.4, 4545.89
8.282, 9934.42, 4546.31
8.283, 9935.43, 4546.74
8.284, 9936.45, 4547.17
8.285, 9937.47, 4547.59
8.286, 9938.49, 4548.02
8.287, 9939.5, 4548.45
8.288, 9940.52, 4548.87
8.289, 9941.54, 4549.3
8.29, 9942.56, 4549.73
8.291, 9943.57, 4550.15
8.292, 9944.59, 4550.58
8.293, 9945.61, 4551.01
8.294, 9946.62, 4551.43
8.295, 9947.64, 4551.86
8.296, 9948.66, 4552.28
8.297, 9949.68, 4552.71
8.298, 9950.69, 4553.14
8.299, 9951.71, 4553.56
8.3, 9952.73, 4553.99
8.301, 9953.74, 4554.42
8.302, 9954.76, 4554.84
8.303, 9955.78, 4555.27
8.304, 9956.79, 4555.69
8.305, 9957.81, 4556.12
8.306, 9958.83, 4556.55
8.307, 9959.85, 4556.97
8.308, 9960.86, 4557.4
8.309, 9961.88, 4557.83
8.31, 9962.9, 4558.25
8.311, 9963.91, 4558.68
8.312, 9964.93, 4559.1
8.313, 9965.95, 4559.53
8.314, 9966.96, 4559.96
8.315, 9967.98, 4560.38
8.316, 9969, 4560.81
8.317, 9970.01, 4561.23
8.318, 9971.03, 4561.66
8.319, 9972.04, 4562.08
8.32, 9973.06, 4562.51
8.321, 9974.08, 4562.94
8.322, 9975.09, 4563.36
8.323, 9976.11, 4563.79
8.324, 9977.13, 4564.21
8.325, 9978.14, 4564.64
8.326, 9979.16, 4565.06
8.327, 9980.18, 4565.49
8.328, 9981.19, 4565.92
8.329, 9982.21, 4566.34
8.33, 9983.22, 4566.77
8.331, 9984.24, 4567.19
8.332, 9985.26, 4567.62
8.333, 9986.27, 4568.04
8.334, 9987.29, 4568.47
8.335, 9988.3, 4568.89
8.336, 9989.32, 4569.32
8.337, 9990.34, 4569.75
8.338, 9991.35, 4570.17
8.339, 9992.37, 4570.6
8.34, 9993.38, 4571.02
8.341, 9994.4, 4571.45
8.342, 9995.41, 4571.87
8.343, 9996.43, 4572.3
8.344, 9997.45, 4572.72
8.345, 9998.46, 4573.15
8.346, 9999.48, 4573.57
8.347, 10000.5, 4574
8.348, 10001.5, 4574.42
8.349, 10002.5, 4574.85
8.35, 10003.5, 4575.27
8.351, 10004.6, 4575.7
8.352, 10005.6, 4576.12
8.353, 10006.6, 4576.55
8.354, 10007.6, 4576.97
8.355, 10008.6, 4577.4
8.356, 10009.6, 4577.82
8.357, 10010.6, 4578.25
8.358, 10011.7, 4578.67
8.359, 10012.7, 4579.1
8.36, 10013.7, 4579.52
8.361, 10014.7, 4579.95
8.362, 10015.7, 4580.37
8.363, 10016.7, 4580.8
8.364, 10017.8, 4581.22
8.365, 10018.8, 4581.65
8.366, 10019.8, 4582.07
8.367, 10020.8, 4582.5
8.368, 10021.8, 4582.92
8.369, 10022.8, 4583.35
8.37, 10023.8, 4583.77
8.371, 10024.9, 4584.2
8.372, 10025.9, 4584.62
8.373, 10026.9, 4585.05
8.374, 10027.9, 4585.47
8.375, 10028.9, 4585.89
8.376, 10029.9, 4586.32
8.377, 10030.9, 4586.74
8.378, 10032, 4587.17
8.379, 10033, 4587.59
8.38, 10034, 4588.02
8.381, 10035, 4588.44
8.382, 10036, 4588.87
8.383, 10037, 4589.29
8.384, 10038, 4589.72
8.385, 10039.1, 4590.14
8.386, 10040.1, 4590.56
8.387, 10041.1, 4590.99
8.388, 10042.1, 4591.41
8.389, 10043.1, 4591.84
8.39, 10044.1, 4592.26
8.391, 10045.2, 4592.69
8.392, 10046.2, 4593.11
8.393, 10047.2, 4593.53
8.394, 10048.2, 4593.96
8.395, 10049.2, 4594.38
8.396, 10050.2, 4594.81
8.397, 10051.2, 4595.23
8.398, 10052.2, 4595.65
8.399, 10053.3, 4596.08
8.4, 10054.3, 4596.5
8.401, 10055.3, 4596.93
8.402, 10056.3, 4597.35
8.403, 10057.3, 4597.77
8.404, 10058.3, 4598.2
8.405, 10059.3, 4598.62
8.406, 10060.4, 4599.05
8.407, 10061.4, 4599.47
8.408, 10062.4, 4599.89
8.409, 10063.4, 4600.32
8.41, 10064.4, 4600.74
8.411, 10065.4, 4601.16
8.412, 10066.4, 4601.59
8.413, 10067.5, 4602.01
8.414, 10068.5, 4602.44
8.415, 10069.5, 4602.86
8.416, 10070.5, 4603.28
8.417, 10071.5, 4603.71
8.418, 10072.5, 4604.13
8.419, 10073.5, 4604.55
8.42, 10074.6, 4604.98
8.421, 10075.6, 4605.4
8.422, 10076.6, 4605.82
8.423, 10077.6, 4606.25
8.424, 10078.6, 4606.67
8.425, 10079.6, 4607.1
8.426, 10080.6, 4607.52
8.427, 10081.6, 4607.94
8.428, 10082.7, 4608.37
8.429, 10083.7, 4608.79
8.43, 10084.7, 4609.21
8.431, 10085.7, 4609.64
8.432, 10086.7, 4610.06
8.433, 10087.7, 4610.48
8.434, 10088.7, 4610.91
8.435, 10089.8, 4611.33
8.436, 10090.8, 4611.75
8.437, 10091.8, 4612.18
8.438, 10092.8, 4612.6
8.439, 10093.8, 4613.02
8.44, 10094.8, 4613.44
8.441, 10095.8, 4613.87
8.442, 10096.8, 4614.29
8.443, 10097.9, 4614.71
8.444, 10098.9, 4615.14
8.445, 10099.9, 4615.56
8.446, 10100.9, 4615.98
8.447, 10101.9, 4616.41
8.448, 10102.9, 4616.83
8.449, 10103.9, 4617.25
8.45, 10104.9, 4617.67
8.451, 10106, 4618.1
8.452, 10107, 4618.52
8.453, 10108, 4618.94
8.454, 10109, 4619.37
8.455, 10110, 4619.79
8.456, 10111, 4620.21
8.457, 10112, 4620.63
8.458, 10113, 4621.06
8.459, 10114.1, 4621.48
8.46, 10115.1, 4621.9
8.461, 10116.1, 4622.33
8.462, 10117.1, 4622.75
8.463, 10118.1, 4623.17
8.464, 10119.1, 4623.59
8.465, 10120.1, 4624.02
8.466, 10121.1, 4624.44
8.467, 10122.2, 4624.86
8.468, 10123.2, 4625.28
8.469, 10124.2, 4625.71
8.47, 10125.2, 4626.13
8.471, 10126.2, 4626.55
8.472, 10127.2, 4626.97
8.473, 10128.2, 4627.4
8.474, 10129.2, 4627.82
8.475, 10130.2, 4628.24
8.476, 10131.3, 4628.66
8.477, 10132.3, 4629.08
8.478, 10133.3, 4629.51
8.479, 10134.3, 4629.93
8.48, 10135.3, 4630.35
8.481, 10136.3, 4630.77
8.482, 10137.3, 4631.2
8.483, 10138.3, 4631.62
8.484, 10139.4, 4632.04
8.485, 10140.4, 4632.46
8.486, 10141.4, 4632.88
8.487, 10142.4, 4633.31
8.488, 10143.4, 4633.73
8.489, 10144.4, 4634.15
8.49, 10145.4, 4634.57
8.491, 10146.4, 4635
8.492, 10147.4, 4635.42
8.493, 10148.5, 4635.84
8.494, 10149.5, 4636.26
8.495, 10150.5, 4636.68
8.496, 10151.5, 4637.1
8.497, 10152.5, 4637.53
8.498, 10153.5, 4637.95
8.499, 10154.5, 4638.37
8.5, 10155.5, 4638.79
8.501, 10156.5, 4639.21
8.502, 10157.6, 4639.64
8.503, 10158.6, 4640.06
8.504, 10159.6, 4640.48
8.505, 10160.6, 4640.9
8.506, 10161.6, 4641.32
8.507, 10162.6, 4641.74
8.508, 10163.6, 4642.17
8.509, 10164.6, 4642.59
8.51, 10165.6, 4643.01
8.511, 10166.7, 4643.43
8.512, 10167.7, 4643.85
8.513, 10168.7, 4644.27
8.514, 10169.7, 4644.7
8.515, 10170.7, 4645.12
8.516, 10171.7, 4645.54
8.517, 10172.7, 4645.96
8.518, 10173.7, 4646.38
8.519, 10174.7, 4646.8
8.52, 10175.7, 4647.22
8.521, 10176.8, 4647.65
8.522, 10177.8, 4648.07
8.523, 10178.8, 4648.49
8.524, 10179.8, 4648.91
8.525, 10180.8, 4649.33
8.526, 10181.8, 4649.75
8.527, 10182.8, 4650.17
8.528, 10183.8, 4650.59
8.529, 10184.8, 4651.02
8.53, 10185.9, 4651.44
8.531, 10186.9, 4651.86
8.532, 10187.9, 4652.28
8.533, 10188.9, 4652.7
8.534, 10189.9, 4653.12
8.535, 10190.9, 4653.54
8.536, 10191.9, 4653.96
8.537, 10192.9, 4654.38
8.538, 10193.9, 4654.8
8.539, 10194.9, 4655.23
8.54, 10196, 4655.65
8.541, 10197, 4656.07
8.542, 10198, 4656.49
8.543, 10199, 4656.91
8.544, 10200, 4657.33
8.545, 10201, 4657.75
8.546, 10202, 4658.17
8.547, 10203, 4658.59
8.548, 10204, 4659.01
8.549, 10205, 4659.43
8.55, 10206, 4659.85
8.551, 10207.1, 4660.28
8.552, 10208.1, 4660.7
8.553, 10209.1, 4661.12
8.554, 10210.1, 4661.54
8.555, 10211.1, 4661.96
8.556, 10212.1, 4662.38
8.557, 10213.1, 4662.8
8.558, 10214.1, 4663.22
8.559, 10215.1, 4663.64
8.56, 10216.1, 4664.06
8.561, 10217.2, 4664.48
8.562, 10218.2, 4664.9
8.563, 10219.2, 4665.32
8.564, 10220.2, 4665.74
8.565, 10221.2, 4666.16
8.566, 10222.2, 4666.58
8.567, 10223.2, 4667
8.568, 10224.2, 4667.42
8.569, 10225.2, 4667.84
8.57, 10226.2, 4668.26
8.571, 10227.2, 4668.68
8.572, 10228.3, 4669.1
8.573, 10229.3, 4669.52
8.574, 10230.3, 4669.94
8.575, 10231.3, 4670.37
8.576, 10232.3, 4670.79
8.577, 10233.3, 4671.21
8.578, 10234.3, 4671.63
8.579, 10235.3, 4672.05
8.58, 10236.3, 4672.47
8.581, 10237.3, 4672.89
8.582, 10238.3, 4673.31
8.583, 10239.4, 4673.73
8.584, 10240.4, 4674.15
8.585, 10241.4, 4674.57
8.586, 10242.4, 4674.99
8.587, 10243.4, 4675.41
8.588, 10244.4, 4675.83
8.589, 10245.4, 4676.25
8.59, 10246.4, 4676.66
8.591, 10247.4, 4677.08
8.592, 10248.4, 4677.5
8.593, 10249.4, 4677.92
8.594, 10250.4, 4678.34
8.595, 10251.5, 4678.76
8.596, 10252.5, 4679.18
8.597, 10253.5, 4679.6
8.598, 10254.5, 4680.02
8.599, 10255.5, 4680.44
8.6, 10256.5, 4680.86
8.601, 10257.5, 4681.28
8.602, 10258.5, 4681.7
8.603, 10259.5, 4682.12
8.604, 10260.5, 4682.54
8.605, 10261.5, 4682.96
8.606, 10262.5, 4683.38
8.607, 10263.6, 4683.8
8.608, 10264.6, 4684.22
8.609, 10265.6, 4684.64
8.61, 10266.6, 4685.06
8.611, 10267.6, 4685.48
8.612, 10268.6, 4685.9
8.613, 10269.6, 4686.31
8.614, 10270.6, 4686.73
8.615, 10271.6, 4687.15
8.616, 10272.6, 4687.57
8.617, 10273.6, 4687.99
8.618, 10274.6, 4688.41
8.619, 10275.6, 4688.83
8.62, 10276.7, 4689.25
8.621, 10277.7, 4689.67
8.622, 10278.7, 4690.09
8.623, 10279.7, 4690.51
8.624, 10280.7, 4690.93
8.625, 10281.7, 4691.35
8.626, 10282.7, 4691.76
8.627, 10283.7, 4692.18
8.628, 10284.7, 4692.6
8.629, 10285.7, 4693.02
8.63, 10286.7, 4693.44
8.631, 10287.7, 4693.86
8.632, 10288.7, 4694.28
8.633, 10289.7, 4694.7
8.634, 10290.8, 4695.12
8.635, 10291.8, 4695.53
8.636, 10292.8, 4695.95
8.637, 10293.8, 4696.37
8.638, 10294.8, 4696.79
8.639, 10295.8, 4697.21
8.64, 10296.8, 4697.63
8.641, 10297.8, 4698.05
8.642, 10298.8, 4698.47
8.643, 10299.8, 4698.88
8.644, 10300.8, 4699.3
8.645, 10301.8, 4699.72
8.646, 10302.8, 4700.14
8.647, 10303.8, 4700.56
8.648, 10304.9, 4700.98
8.649, 10305.9, 4701.4
8.65, 10306.9, 4701.81
8.651, 10307.9, 4702.23
8.652, 10308.9, 4702.65
8.653, 10309.9, 4703.07
8.654, 10310.9, 4703.49
8.655, 10311.9, 4703.91
8.656, 10312.9, 4704.33
8.657, 10313.9, 4704.74
8.658, 10314.9, 4705.16
8.659, 10315.9, 4705.58
8.66, 10316.9, 4706
8.661, 10317.9, 4706.42
8.662, 10318.9, 4706.84
8.663, 10320, 4707.25
8.664, 10321, 4707.67
8.665, 10322, 4708.09
8.666, 10323, 4708.51
8.667, 10324, 4708.93
8.668, 10325, 4709.34
8.669, 10326, 4709.76
8.67, 10327, 4710.18
8.671, 10328, 4710.6
8.672, 10329, 4711.02
8.673, 10330, 4711.43
8.674, 10331, 4711.85
8.675, 10332, 4712.27
8.676, 10333, 4712.69
8.677, 10334, 4713.11
8.678, 10335, 4713.52
8.679, 10336, 4713.94
8.68, 10337.1, 4714.36
8.681, 10338.1, 4714.78
8.682, 10339.1, 4715.2
8.683, 10340.1, 4715.61
8.684, 10341.1, 4716.03
8.685, 10342.1, 4716.45
8.686, 10343.1, 4716.87
8.687, 10344.1, 4717.28
8.688, 10345.1, 4717.7
8.689, 10346.1, 4718.12
8.69, 10347.1, 4718.54
8.691, 10348.1, 4718.96
8.692, 10349.1, 4719.37
8.693, 10350.1, 4719.79
8.694, 10351.1, 4720.21
8.695, 10352.1, 4720.63
8.696, 10353.1, 4721.04
8.697, 10354.1, 4721.46
8.698, 10355.2, 4721.88
8.699, 10356.2, 4722.3
8.7, 10357.2, 4722.71
8.701, 10358.2, 4723.13
8.702, 10359.2, 4723.55
8.703, 10360.2, 4723.97
8.704, 10361.2, 4724.38
8.705, 10362.2, 4724.8
8.706, 10363.2, 4725.22
8.707, 10364.2, 4725.63
8.708, 10365.2, 4726.05
8.709, 10366.2, 4726.47
8.71, 10367.2, 4726.89
8.711, 10368.2, 4727.3
8.712, 10369.2, 4727.72
8.713, 10370.2, 4728.14
8.714, 10371.2, 4728.55
8.715, 10372.2, 4728.97
8.716, 10373.2, 4729.39
8.717, 10374.3, 4729.81
8.718, 10375.3, 4730.22
8.719, 10376.3, 4730.64
8.72, 10377.3, 4731.06
8.721, 10378.3, 4731.47
8.722, 10379.3, 4731.89
8.723, 10380.3, 4732.31
8.724, 10381.3, 4732.72
8.725, 10382.3, 4733.14
8.726, 10383.3, 4733.56
8.727, 10384.3, 4733.98
8.728, 10385.3, 4734.39
8.729, 10386.3, 4734.81
8.73, 10387.3, 4735.23
8.731, 10388.3, 4735.64
8.732, 10389.3, 4736.06
8.733, 10390.3, 4736.48
8.734, 10391.3, 4736.89
8.735, 10392.3, 4737.31
8.736, 10393.3, 4737.73
8.737, 10394.3, 4738.14
8.738, 10395.3, 4738.56
8.739, 10396.3, 4738.98
8.74, 10397.4, 4739.39
8.741, 10398.4, 4739.81
8.742, 10399.4, 4740.23
8.743, 10400.4, 4740.64
8.744, 10401.4, 4741.06
8.745, 10402.4, 4741.48
8.746, 10403.4, 4741.89
8.747, 10404.4, 4742.31
8.748, 10405.4, 4742.72
8.749, 10406.4, 4743.14
8.75, 10407.4, 4743.56
8.751, 10408.4, 4743.97
8.752, 10409.4, 4744.39
8.753, 10410.4, 4744.81
8.754, 10411.4, 4745.22
8.755, 10412.4, 4745.64
8.756, 10413.4, 4746.05
8.757, 10414.4, 4746.47
8.758, 10415.4, 4746.89
8.759, 10416.4, 4747.3
8.76, 10417.4, 4747.72
8.761, 10418.4, 4748.14
8.762, 10419.4, 4748.55
8.763, 10420.4, 4748.97
8.764, 10421.4, 4749.38
8.765, 10422.4, 4749.8
8.766, 10423.5, 4750.22
8.767, 10424.5, 4750.63
8.768, 10425.5, 4751.05
8.769, 10426.5, 4751.46
8.77, 10427.5, 4751.88
8.771, 10428.5, 4752.3
8.772, 10429.5, 4752.71
8.773, 10430.5, 4753.13
8.774, 10431.5, 4753.54
8.775, 10432.5, 4753.96
8.776, 10433.5, 4754.37
8.777, 10434.5, 4754.79
8.778, 10435.5, 4755.21
8.779, 10436.5, 4755.62
8.78, 10437.5, 4756.04
8.781, 10438.5, 4756.45
8.782, 10439.5, 4756.87
8.783, 10440.5, 4757.28
8.784, 10441.5, 4757.7
8.785, 10442.5, 4758.12
8.786, 10443.5, 4758.53
8.787, 10444.5, 4758.95
8.788, 10445.5, 4759.36
8.789, 10446.5, 4759.78
8.79, 10447.5, 4760.19
8.791, 10448.5, 4760.61
8.792, 10449.5, 4761.02
8.793, 10450.5, 4761.44
8.794, 10451.5, 4761.85
8.795, 10452.5, 4762.27
8.796, 10453.5, 4762.69
8.797, 10454.5, 4763.1
8.798, 10455.5, 4763.52
8.799, 10456.5, 4763.93
8.8, 10457.6, 4764.35
8.801, 10458.6, 4764.76
8.802, 10459.6, 4765.18
8.803, 10460.6, 4765.59
8.804, 10461.6, 4766.01
8.805, 10462.6, 4766.42
8.806, 10463.6, 4766.84
8.807, 10464.6, 4767.25
8.808, 10465.6, 4767.67
8.809, 10466.6, 4768.08
8.81, 10467.6, 4768.5
8.811, 10468.6, 4768.91
8.812, 10469.6, 4769.33
8.813, 10470.6, 4769.74
8.814, 10471.6, 4770.16
8.815, 10472.6, 4770.57
8.816, 10473.6, 4770.99
8.817, 10474.6, 4771.4
8.818, 10475.6, 4771.82
8.819, 10476.6, 4772.23
8.82, 10477.6, 4772.65
8.821, 10478.6, 4773.06
8.822, 10479.6, 4773.48
8.823, 10480.6, 4773.89
8.824, 10481.6, 4774.31
8.825, 10482.6, 4774.72
8.826, 10483.6, 4775.14
8.827, 10484.6, 4775.55
8.828, 10485.6, 4775.97
8.829, 10486.6, 4776.38
8.83, 10487.6, 4776.79
8.831, 10488.6, 4777.21
8.832, 10489.6, 4777.62
8.833, 10490.6, 4778.04
8.834, 10491.6, 4778.45
8.835, 10492.6, 4778.87
8.836, 10493.6, 4779.28
8.837, 10494.6, 4779.7
8.838, 10495.6, 4780.11
8.839, 10496.6, 4780.53
8.84, 10497.6, 4780.94
8.841, 10498.6, 4781.35
8.842, 10499.6, 4781.77
8.843, 10500.6, 4782.18
8.844, 10501.6, 4782.6
8.845, 10502.6, 4783.01
8.846, 10503.6, 4783.43
8.847, 10504.6, 4783.84
8.848, 10505.6, 4784.25
8.849, 10506.6, 4784.67
8.85, 10507.6, 4785.08
8.851, 10508.6, 4785.5
8.852, 10509.6, 4785.91
8.853, 10510.6, 4786.33
8.854, 10511.6, 4786.74
8.855, 10512.6, 4787.15
8.856, 10513.6, 4787.57
8.857, 10514.6, 4787.98
8.858, 10515.6, 4788.4
8.859, 10516.6, 4788.81
8.86, 10517.6, 4789.22
8.861, 10518.6, 4789.64
8.862, 10519.6, 4790.05
8.863, 10520.6, 4790.47
8.864, 10521.6, 4790.88
8.865, 10522.6, 4791.29
8.866, 10523.6, 4791.71
8.867, 10524.6, 4792.12
8.868, 10525.7, 4792.53
8.869, 10526.7, 4792.95
8.87, 10527.7, 4793.36
8.871, 10528.7, 4793.78
8.872, 10529.7, 4794.19
8.873, 10530.7, 4794.6
8.874, 10531.7, 4795.02
8.875, 10532.7, 4795.43
8.876, 10533.7, 4795.84
8.877, 10534.7, 4796.26
8.878, 10535.7, 4796.67
8.879, 10536.7, 4797.09
8.88, 10537.7, 4797.5
8.881, 10538.7, 4797.91
8.882, 10539.7, 4798.33
8.883, 10540.7, 4798.74
8.884, 10541.7, 4799.15
8.885, 10542.7, 4799.57
8.886, 10543.7, 4799.98
8.887, 10544.7, 4800.39
8.888, 10545.7, 4800.81
8.889, 10546.7, 4801.22
8.89, 10547.7, 4801.63
8.891, 10548.7, 4802.05
8.892, 10549.7, 4802.46
8.893, 10550.7, 4802.87
8.894, 10551.7, 4803.29
8.895, 10552.7, 4803.7
8.896, 10553.7, 4804.11
8.897, 10554.7, 4804.53
8.898, 10555.7, 4804.94
8.899, 10556.7, 4805.35
8.9, 10557.7, 4805.77
8.901, 10558.7, 4806.18
8.902, 10559.7, 4806.59
8.903, 10560.7, 4807
8.904, 10561.6, 4807.42
8.905, 10562.6, 4807.83
8.906, 10563.6, 4808.24
8.907, 10564.6, 4808.66
8.908, 10565.6, 4809.07
8.909, 10566.6, 4809.48
8.91, 10567.6, 4809.9
8.911, 10568.6, 4810.31
8.912, 10569.6, 4810.72
8.913, 10570.6, 4811.13
8.914, 10571.6, 4811.55
8.915, 10572.6, 4811.96
8.916, 10573.6, 4812.37
8.917, 10574.6, 4812.78
8.918, 10575.6, 4813.2
8.919, 10576.6, 4813.61
8.92, 10577.6, 4814.02
8.921, 10578.6, 4814.44
8.922, 10579.6, 4814.85
8.923, 10580.6, 4815.26
8.924, 10581.6, 4815.67
8.925, 10582.6, 4816.09
8.926, 10583.6, 4816.5
8.927, 10584.6, 4816.91
8.928, 10585.6, 4817.32
8.929, 10586.6, 4817.74
8.93, 10587.6, 4818.15
8.931, 10588.6, 4818.56
8.932, 10589.6, 4818.97
8.933, 10590.6, 4819.39
8.934, 10591.6, 4819.8
8.935, 10592.6, 4820.21
8.936, 10593.6, 4820.62
8.937, 10594.6, 4821.04
8.938, 10595.6, 4821.45
8.939, 10596.6, 4821.86
8.94, 10597.6, 4822.27
8.941, 10598.6, 4822.68
8.942, 10599.6, 4823.1
8.943, 10600.6, 4823.51
8.944, 10601.6, 4823.92
8.945, 10602.6, 4824.33
8.946, 10603.6, 4824.75
8.947, 10604.6, 4825.16
8.948, 10605.6, 4825.57
8.949, 10606.6, 4825.98
8.95, 10607.6, 4826.39
8.951, 10608.6, 4826.81
8.952, 10609.6, 4827.22
8.953, 10610.6, 4827.63
8.954, 10611.6, 4828.04
8.955, 10612.6, 4828.45
8.956, 10613.6, 4828.87
8.957, 10614.6, 4829.28
8.958, 10615.6, 4829.69
8.959, 10616.6, 4830.1
8.96, 10617.6, 4830.51
8.961, 10618.6, 4830.92
8.962, 10619.6, 4831.34
8.963, 10620.6, 4831.75
8.964, 10621.6, 4832.16
8.965, 10622.6, 4832.57
8.966, 10623.6, 4832.98
8.967, 10624.6, 4833.4
8.968, 10625.6, 4833.81
8.969, 10626.6, 4834.22
8.97, 10627.6, 4834.63
8.971, 10628.6, 4835.04
8.972, 10629.6, 4835.45
8.973, 10630.5, 4835.87
8.974, 10631.5, 4836.28
8.975, 10632.5, 4836.69
8.976, 10633.5, 4837.1
8.977, 10634.5, 4837.51
8.978, 10635.5, 4837.92
8.979, 10636.5, 4838.33
8.98, 10637.5, 4838.75
8.981, 10638.5, 4839.16
8.982, 10639.5, 4839.57
8.983, 10640.5, 4839.98
8.984, 10641.5, 4840.39
8.985, 10642.5, 4840.8
8.986, 10643.5, 4841.21
8.987, 10644.5, 4841.62
8.988, 10645.5, 4842.04
8.989, 10646.5, 4842.45
8.99, 10647.5, 4842.86
8.991, 10648.5, 4843.27
8.992, 10649.5, 4843.68
8.993, 10650.5, 4844.09
8.994, 10651.5, 4844.5
8.995, 10652.5, 4844.91
8.996, 10653.5, 4845.33
8.997, 10654.5, 4845.74
8.998, 10655.5, 4846.15
8.999, 10656.5, 4846.56
9, 10657.5, 4846.97
9.001, 10658.5, 4847.38
9.002, 10659.5, 4847.79
9.003, 10660.5, 4848.2
9.004, 10661.5, 4848.61
9.005, 10662.5, 4849.02
9.006, 10663.5, 4849.43
9.007, 10664.4, 4849.85
9.008, 10665.4, 4850.26
9.009, 10666.4, 4850.67
9.01, 10667.4, 4851.08
9.011, 10668.4, 4851.49
9.012, 10669.4, 4851.9
9.013, 10670.4, 4852.31
9.014, 10671.4, 4852.72
9.015, 10672.4, 4853.13
9.016, 10673.4, 4853.54
9.017, 10674.4, 4853.95
9.018, 10675.4, 4854.36
9.019, 10676.4, 4854.77
9.02, 10677.4, 4855.18
9.021, 10678.4, 4855.59
9.022, 10679.4, 4856.01
9.023, 10680.4, 4856.42
9.024, 10681.4, 4856.83
9.025, 10682.4, 4857.24
9.026, 10683.4, 4857.65
9.027, 10684.4, 4858.06
9.028, 10685.4, 4858.47
9.029, 10686.4, 4858.88
9.03, 10687.4, 4859.29
9.031, 10688.4, 4859.7
9.032, 10689.4, 4860.11
9.033, 10690.4, 4860.52
9.034, 10691.3, 4860.93
9.035, 10692.3, 4861.34
9.036, 10693.3, 4861.75
9.037, 10694.3, 4862.16
9.038, 10695.3, 4862.57
9.039, 10696.3, 4862.98
9.04, 10697.3, 4863.39
9.041, 10698.3, 4863.8
9.042, 10699.3, 4864.21
9.043, 10700.3, 4864.62
9.044, 10701.3, 4865.03
9.045, 10702.3, 4865.44
9.046, 10703.3, 4865.85
9.047, 10704.3, 4866.26
9.048, 10705.3, 4866.67
9.049, 10706.3, 4867.08
9.05, 10707.3, 4867.49
9.051, 10708.3, 4867.9
9.052, 10709.3, 4868.31
9.053, 10710.3, 4868.72
9.054, 10711.3, 4869.13
9.055, 10712.3, 4869.54
9.056, 10713.2, 4869.95
9.057, 10714.2, 4870.36
9.058, 10715.2, 4870.77
9.059, 10716.2, 4871.18
9.06, 10717.2, 4871.59
9.061, 10718.2, 4872
9.062, 10719.2, 4872.41
9.063, 10720.2, 4872.82
9.064, 10721.2, 4873.23
9.065, 10722.2, 4873.64
9.066, 10723.2, 4874.05
9.067, 10724.2, 4874.46
9.068, 10725.2, 4874.87
9.069, 10726.2, 4875.28
9.07, 10727.2, 4875.69
9.071, 10728.2, 4876.09
9.072, 10729.2, 4876.5
9.073, 10730.2, 4876.91
9.074, 10731.2, 4877.32
9.075, 10732.2, 4877.73
9.076, 10733.1, 4878.14
9.077, 10734.1, 4878.55
9.078, 10735.1, 4878.96
9.079, 10736.1, 4879.37
9.08, 10737.1, 4879.78
9.081, 10738.1, 4880.19
9.082, 10739.1, 4880.6
9.083, 10740.1, 4881.01
9.084, 10741.1, 4881.42
9.085, 10742.1, 4881.83
9.086, 10743.1, 4882.23
9.087, 10744.1, 4882.64
9.088, 10745.1, 4883.05
9.089, 10746.1, 4883.46
9.09, 10747.1, 4883.87
9.091, 10748.1, 4884.28
9.092, 10749.1, 4884.69
9.093, 10750.1, 4885.1
9.094, 10751, 4885.51
9.095, 10752, 4885.92
9.096, 10753, 4886.32
9.097, 10754, 4886.73
9.098, 10755, 4887.14
9.099, 10756, 4887.55
9.1, 10757, 4887.96
9.101, 10758, 4888.37
9.102, 10759, 4888.78
9.103, 10760, 4889.19
9.104, 10761, 4889.6
9.105, 10762, 4890
9.106, 10763, 4890.41
9.107, 10764, 4890.82
9.108, 10765, 4891.23
9.109, 10766, 4891.64
9.11, 10767, 4892.05
9.111, 10767.9, 4892.46
9.112, 10768.9, 4892.87
9.113, 10769.9, 4893.27
9.114, 10770.9, 4893.68
9.115, 10771.9, 4894.09
9.116, 10772.9, 4894.5
9.117, 10773.9, 4894.91
9.118, 10774.9, 4895.32
9.119, 10775.9, 4895.72
9.12, 10776.9, 4896.13
9.121, 10777.9, 4896.54
9.122, 10778.9, 4896.95
9.123, 10779.9, 4897.36
9.124, 10780.9, 4897.77
9.125, 10781.9, 4898.18
9.126, 10782.8, 4898.58
9.127, 10783.8, 4898.99
9.128, 10784.8, 4899.4
9.129, 10785.8, 4899.81
9.13, 10786.8, 4900.22
9.131, 10787.8, 4900.62
9.132, 10788.8, 4901.03
9.133, 10789.8, 4901.44
9.134, 10790.8, 4901.85
9.135, 10791.8, 4902.26
9.136, 10792.8, 4902.67
9.137, 10793.8, 4903.07
9.138, 10794.8, 4903.48
9.139, 10795.8, 4903.89
9.14, 10796.8, 4904.3
9.141, 10797.7, 4904.71
9.142, 10798.7, 4905.11
9.143, 10799.7, 4905.52
9.144, 10800.7, 4905.93
9.145, 10801.7, 4906.34
9.146, 10802.7, 4906.75
9.147, 10803.7, 4907.15
9.148, 10804.7, 4907.56
9.149, 10805.7, 4907.97
9.15, 10806.7, 4908.38
9.151, 10807.7, 4908.78
9.152, 10808.7, 4909.19
9.153, 10809.7, 4909.6
9.154, 10810.7, 4910.01
9.155, 10811.6, 4910.42
9.156, 10812.6, 4910.82
9.157, 10813.6, 4911.23
9.158, 10814.6, 4911.64
9.159, 10815.6, 4912.05
9.16, 10816.6, 4912.45
9.161, 10817.6, 4912.86
9.162, 10818.6, 4913.27
9.163, 10819.6, 4913.68
9.164, 10820.6, 4914.08
9.165, 10821.6, 4914.49
9.166, 10822.6, 4914.9
9.167, 10823.6, 4915.31
9.168, 10824.5, 4915.71
9.169, 10825.5, 4916.12
9.17, 10826.5, 4916.53
9.171, 10827.5, 4916.94
9.172, 10828.5, 4917.34
9.173, 10829.5, 4917.75
9.174, 10830.5, 4918.16
9.175, 10831.5, 4918.57
9.176, 10832.5, 4918.97
9.177, 10833.5, 4919.38
9.178, 10834.5, 4919.79
9.179, 10835.5, 4920.19
9.18, 10836.4, 4920.6
9.181, 10837.4, 4921.01
9.182, 10838.4, 4921.42
9.183, 10839.4, 4921.82
9.184, 10840.4, 4922.23
9.185, 10841.4, 4922.64
9.186, 10842.4, 4923.04
9.187, 10843.4, 4923.45
9.188, 10844.4, 4923.86
9.189, 10845.4, 4924.26
9.19, 10846.4, 4924.67
9.191, 10847.4, 4925.08
9.192, 10848.3, 4925.49
9.193, 10849.3, 4925.89
9.194, 10850.3, 4926.3
9.195, 10851.3, 4926.71
9.196, 10852.3, 4927.11
9.197, 10853.3, 4927.52
9.198, 10854.3, 4927.93
9.199, 10855.3, 4928.33
9.2, 10856.3, 4928.74
9.201, 10857.3, 4929.15
9.202, 10858.3, 4929.55
9.203, 10859.3, 4929.96
9.204, 10860.2, 4930.37
9.205, 10861.2, 4930.77
9.206, 10862.2, 4931.18
9.207, 10863.2, 4931.59
9.208, 10864.2, 4931.99
9.209, 10865.2, 4932.4
9.21, 10866.2, 4932.81
9.211, 10867.2, 4933.21
9.212, 10868.2, 4933.62
9.213, 10869.2, 4934.03
9.214, 10870.2, 4934.43
9.215, 10871.1, 4934.84
9.216, 10872.1, 4935.25
9.217, 10873.1, 4935.65
9.218, 10874.1, 4936.06
9.219, 10875.1, 4936.46
9.22, 10876.1, 4936.87
9.221, 10877.1, 4937.28
9.222, 10878.1, 4937.68
9.223, 10879.1, 4938.09
9.224, 10880.1, 4938.5
9.225, 10881.1, 4938.9
9.226, 10882, 4939.31
9.227, 10883, 4939.72
9.228, 10884, 4940.12
9.229, 10885, 4940.53
9.23, 10886, 4940.93
9.231, 10887, 4941.34
9.232, 10888, 4941.75
9.233, 10889, 4942.15
9.234, 10890, 4942.56
9.235, 10891, 4942.96
9.236, 10891.9, 4943.37
9.237, 10892.9, 4943.78
9.238, 10893.9, 4944.18
9.239, 10894.9, 4944.59
9.24, 10895.9, 4944.99
9.241, 10896.9, 4945.4
9.242, 10897.9, 4945.81
9.243, 10898.9, 4946.21
9.244, 10899.9, 4946.62
9.245, 10900.9, 4947.02
9.246, 10901.9, 4947.43
9.247, 10902.8, 4947.83
9.248, 10903.8, 4948.24
9.249, 10904.8, 4948.65
9.25, 10905.8, 4949.05
9.251, 10906.8, 4949.46
9.252, 10907.8, 4949.86
9.253, 10908.8, 4950.27
9.254, 10909.8, 4950.67
9.255, 10910.8, 4951.08
9.256, 10911.8, 4951.49
9.257, 10912.7, 4951.89
9.258, 10913.7, 4952.3
9.259, 10914.7, 4952.7
9.26, 10915.7, 4953.11
9.261, 10916.7, 4953.51
9.262, 10917.7, 4953.92
9.263, 10918.7, 4954.32
9.264, 10919.7, 4954.73
9.265, 10920.7, 4955.13
9.266, 10921.6, 4955.54
9.267, 10922.6, 4955.95
9.268, 10923.6, 4956.35
9.269, 10924.6, 4956.76
9.27, 10925.6, 4957.16
9.271, 10926.6, 4957.57
9.272, 10927.6, 4957.97
9.273, 10928.6, 4958.38
9.274, 10929.6, 4958.78
9.275, 10930.6, 4959.19
9.276, 10931.5, 4959.59
9.277, 10932.5, 4960
9.278, 10933.5, 4960.4
9.279, 10934.5, 4960.81
9.28, 10935.5, 4961.21
9.281, 10936.5, 4961.62
9.282, 10937.5, 4962.02
9.283, 10938.5, 4962.43
9.284, 10939.5, 4962.83
9.285, 10940.4, 4963.24
9.286, 10941.4, 4963.64
9.287, 10942.4, 4964.05
9.288, 10943.4, 4964.45
9.289, 10944.4, 4964.86
9.29, 10945.4, 4965.26
9.291, 10946.4, 4965.67
9.292, 10947.4, 4966.07
9.293, 10948.4, 4966.48
9.294, 10949.3, 4966.88
9.295, 10950.3, 4967.29
9.296, 10951.3, 4967.69
9.297, 10952.3, 4968.1
9.298, 10953.3, 4968.5
9.299, 10954.3, 4968.91
9.3, 10955.3, 4969.31
9.301, 10956.3, 4969.72
9.302, 10957.3, 4970.12
9.303, 10958.2, 4970.52
9.304, 10959.2, 4970.93
9.305, 10960.2, 4971.33
9.306, 10961.2, 4971.74
9.307, 10962.2, 4972.14
9.308, 10963.2, 4972.55
9.309, 10964.2, 4972.95
9.31, 10965.2, 4973.36
9.311, 10966.1, 4973.76
9.312, 10967.1, 4974.17
9.313, 10968.1, 4974.57
9.314, 10969.1, 4974.97
9.315, 10970.1, 4975.38
9.316, 10971.1, 4975.78
9.317, 10972.1, 4976.19
9.318, 10973.1, 4976.59
9.319, 10974.1, 4977
9.32, 10975, 4977.4
9.321, 10976, 4977.8
9.322, 10977, 4978.21
9.323, 10978, 4978.61
9.324, 10979, 4979.02
9.325, 10980, 4979.42
9.326, 10981, 4979.82
9.327, 10982, 4980.23
9.328, 10982.9, 4980.63
9.329, 10983.9, 4981.04
9.33, 10984.9, 4981.44
9.331, 10985.9, 4981.85
9.332, 10986.9, 4982.25
9.333, 10987.9, 4982.65
9.334, 10988.9, 4983.06
9.335, 10989.9, 4983.46
9.336, 10990.8, 4983.86
9.337, 10991.8, 4984.27
9.338, 10992.8, 4984.67
9.339, 10993.8, 4985.08
9.34, 10994.8, 4985.48
9.341, 10995.8, 4985.88
9.342, 10996.8, 4986.29
9.343, 10997.8, 4986.69
9.344, 10998.7, 4987.1
9.345, 10999.7, 4987.5
9.346, 11000.7, 4987.9
9.347, 11001.7, 4988.31
9.348, 11002.7, 4988.71
9.349, 11003.7, 4989.11
9.35, 11004.7, 4989.52
9.351, 11005.7, 4989.92
9.352, 11006.6, 4990.32
9.353, 11007.6, 4990.73
9.354, 11008.6, 4991.13
9.355, 11009.6, 4991.54
9.356, 11010.6, 4991.94
9.357, 11011.6, 4992.34
9.358, 11012.6, 4992.75
9.359, 11013.6, 4993.15
9.36, 11014.5, 4993.55
9.361, 11015.5, 4993.96
9.362, 11016.5, 4994.36
9.363, 11017.5, 4994.76
9.364, 11018.5, 4995.17
9.365, 11019.5, 4995.57
9.366, 11020.5, 4995.97
9.367, 11021.4, 4996.38
9.368, 11022.4, 4996.78
9.369, 11023.4, 4997.18
9.37, 11024.4, 4997.59
9.371, 11025.4, 4997.99
9.372, 11026.4, 4998.39
9.373, 11027.4, 4998.8
9.374, 11028.4, 4999.2
9.375, 11029.3, 4999.6
9.376, 11030.3, 5000
9.377, 11031.3, 5000.41
9.378, 11032.3, 5000.81
9.379, 11033.3, 5001.21
9.38, 11034.3, 5001.62
9.381, 11035.3, 5002.02
9.382, 11036.2, 5002.42
9.383, 11037.2, 5002.83
9.384, 11038.2, 5003.23
9.385, 11039.2, 5003.63
9.386, 11040.2, 5004.03
9.387, 11041.2, 5004.44
9.388, 11042.2, 5004.84
9.389, 11043.2, 5005.24
9.39, 11044.1, 5005.65
9.391, 11045.1, 5006.05
9.392, 11046.1, 5006.45
9.393, 11047.1, 5006.85
9.394, 11048.1, 5007.26
9.395, 11049.1, 5007.66
9.396, 11050.1, 5008.06
9.397, 11051, 5008.46
9.398, 11052, 5008.87
9.399, 11053, 5009.27
9.4, 11054, 5009.67
9.401, 11055, 5010.08
9.402, 11056, 5010.48
9.403, 11057, 5010.88
9.404, 11057.9, 5011.28
9.405, 11058.9, 5011.69
9.406, 11059.9, 5012.09
9.407, 11060.9, 5012.49
9.408, 11061.9, 5012.89
9.409, 11062.9, 5013.29
9.41, 11063.9, 5013.7
9.411, 11064.8, 5014.1
9.412, 11065.8, 5014.5
9.413, 11066.8, 5014.9
9.414, 11067.8, 5015.31
9.415, 11068.8, 5015.71
9.416, 11069.8, 5016.11
9.417, 11070.8, 5016.51
9.418, 11071.7, 5016.92
9.419, 11072.7, 5017.32
9.42, 11073.7, 5017.72
9.421, 11074.7, 5018.12
9.422, 11075.7, 5018.52
9.423, 11076.7, 5018.93
9.424, 11077.7, 5019.33
9.425, 11078.6, 5019.73
9.426, 11079.6, 5020.13
9.427, 11080.6, 5020.53
9.428, 11081.6, 5020.94
9.429, 11082.6, 5021.34
9.43, 11083.6, 5021.74
9.431, 11084.5, 5022.14
9.432, 11085.5, 5022.54
9.433, 11086.5, 5022.95
9.434, 11087.5, 5023.35
9.435, 11088.5, 5023.75
9.436, 11089.5, 5024.15
9.437, 11090.5, 5024.55
9.438, 11091.4, 5024.96
9.439, 11092.4, 5025.36
9.44, 11093.4, 5025.76
9.441, 11094.4, 5026.16
9.442, 11095.4, 5026.56
9.443, 11096.4, 5026.96
9.444, 11097.4, 5027.37
9.445, 11098.3, 5027.77
9.446, 11099.3, 5028.17
9.447, 11100.3, 5028.57
9.448, 11101.3, 5028.97
9.449, 11102.3, 5029.37
9.45, 11103.3, 5029.78
9.451, 11104.2, 5030.18
9.452, 11105.2, 5030.58
9.453, 11106.2, 5030.98
9.454, 11107.2, 5031.38
9.455, 11108.2, 5031.78
9.456, 11109.2, 5032.18
9.457, 11110.2, 5032.59
9.458, 11111.1, 5032.99
9.459, 11112.1, 5033.39
9.46, 11113.1, 5033.79
9.461, 11114.1, 5034.19
9.462, 11115.1, 5034.59
9.463, 11116.1, 5034.99
9.464, 11117, 5035.4
9.465, 11118, 5035.8
9.466, 11119, 5036.2
9.467, 11120, 5036.6
9.468, 11121, 5037
9.469, 11122, 5037.4
9.47, 11122.9, 5037.8
9.471, 11123.9, 5038.2
9.472, 11124.9, 5038.6
9.473, 11125.9, 5039.01
9.474, 11126.9, 5039.41
9.475, 11127.9, 5039.81
9.476, 11128.9, 5040.21
9.477, 11129.8, 5040.61
9.478, 11130.8, 5041.01
9.479, 11131.8, 5041.41
9.48, 11132.8, 5041.81
9.481, 11133.8, 5042.21
9.482, 11134.8, 5042.61
9.483, 11135.7, 5043.02
9.484, 11136.7, 5043.42
9.485, 11137.7, 5043.82
9.486, 11138.7, 5044.22
9.487, 11139.7, 5044.62
9.488, 11140.7, 5045.02
9.489, 11141.6, 5045.42
9.49, 11142.6, 5045.82
9.491, 11143.6, 5046.22
9.492, 11144.6, 5046.62
9.493, 11145.6, 5047.02
9.494, 11146.6, 5047.42
9.495, 11147.5, 5047.82
9.496, 11148.5, 5048.22
9.497, 11149.5, 5048.63
9.498, 11150.5, 5049.03
9.499, 11151.5, 5049.43
9.5, 11152.5, 5049.83
9.501, 11153.4, 5050.23
9.502, 11154.4, 5050.63
9.503, 11155.4, 5051.03
9.504, 11156.4, 5051.43
9.505, 11157.4, 5051.83
9.506, 11158.4, 5052.23
9.507, 11159.3, 5052.63
9.508, 11160.3, 5053.03
9.509, 11161.3, 5053.43
9.51, 11162.3, 5053.83
9.511, 11163.3, 5054.23
9.512, 11164.3, 5054.63
9.513, 11165.2, 5055.03
9.514, 11166.2, 5055.43
9.515, 11167.2, 5055.83
9.516, 11168.2, 5056.23
9.517, 11169.2, 5056.63
9.518, 11170.2, 5057.03
9.519, 11171.1, 5057.43
9.52, 11172.1, 5057.83
9.521, 11173.1, 5058.23
9.522, 11174.1, 5058.63
9.523, 11175.1, 5059.03
9.524, 11176, 5059.43
9.525, 11177, 5059.83
9.526, 11178, 5060.23
9.527, 11179, 5060.63
9.528, 11180, 5061.03
9.529, 11181, 5061.43
9.53, 11181.9, 5061.83
9.531, 11182.9, 5062.23
9.532, 11183.9, 5062.63
9.533, 11184.9, 5063.03
9.534, 11185.9, 5063.43
9.535, 11186.9, 5063.83
9.536, 11187.8, 5064.23
9.537, 11188.8, 5064.63
9.538, 11189.8, 5065.03
9.539, 11190.8, 5065.43
9.54, 11191.8, 5065.83
9.541, 11192.7, 5066.23
9.542, 11193.7, 5066.63
9.543, 11194.7, 5067.03
9.544, 11195.7, 5067.43
9.545, 11196.7, 5067.83
9.546, 11197.7, 5068.23
9.547, 11198.6, 5068.63
9.548, 11199.6, 5069.03
9.549, 11200.6, 5069.43
9.55, 11201.6, 5069.83
9.551, 11202.6, 5070.23
9.552, 11203.6, 5070.63
9.553, 11204.5, 5071.03
9.554, 11205.5, 5071.43
9.555, 11206.5, 5071.82
9.556, 11207.5, 5072.22
9.557, 11208.5, 5072.62
9.558, 11209.4, 5073.02
9.559, 11210.4, 5073.42
9.56, 11211.4, 5073.82
9.561, 11212.4, 5074.22
9.562, 11213.4, 5074.62
9.563, 11214.3, 5075.02
9.564, 11215.3, 5075.42
9.565, 11216.3, 5075.82
9.566, 11217.3, 5076.22
9.567, 11218.3, 5076.62
9.568, 11219.3, 5077.01
9.569, 11220.2, 5077.41
9.57, 11221.2, 5077.81
9.571, 11222.2, 5078.21
9.572, 11223.2, 5078.61
9.573, 11224.2, 5079.01
9.574, 11225.1, 5079.41
9.575, 11226.1, 5079.81
9.576, 11227.1, 5080.21
9.577, 11228.1, 5080.61
9.578, 11229.1, 5081.01
9.579, 11230.1, 5081.4
9.58, 11231, 5081.8
9.581, 11232, 5082.2
9.582, 11233, 5082.6
9.583, 11234, 5083
9.584, 11235, 5083.4
9.585, 11235.9, 5083.8
9.586, 11236.9, 5084.2
9.587, 11237.9, 5084.59
9.588, 11238.9, 5084.99
9.589, 11239.9, 5085.39
9.59, 11240.8, 5085.79
9.591, 11241.8, 5086.19
9.592, 11242.8, 5086.59
9.593, 11243.8, 5086.99
9.594, 11244.8, 5087.39
9.595, 11245.7, 5087.78
9.596, 11246.7, 5088.18
9.597, 11247.7, 5088.58
9.598, 11248.7, 5088.98
9.599, 11249.7, 5089.38
9.6, 11250.7, 5089.78
9.601, 11251.6, 5090.17
9.602, 11252.6, 5090.57
9.603, 11253.6, 5090.97
9.604, 11254.6, 5091.37
9.605, 11255.6, 5091.77
9.606, 11256.5, 5092.17
9.607, 11257.5, 5092.57
9.608, 11258.5, 5092.96
9.609, 11259.5, 5093.36
9.61, 11260.5, 5093.76
9.611, 11261.4, 5094.16
9.612, 11262.4, 5094.56
9.613, 11263.4, 5094.95
9.614, 11264.4, 5095.35
9.615, 11265.4, 5095.75
9.616, 11266.3, 5096.15
9.617, 11267.3, 5096.55
9.618, 11268.3, 5096.95
9.619, 11269.3, 5097.34
9.62, 11270.3, 5097.74
9.621, 11271.2, 5098.14
9.622, 11272.2, 5098.54
9.623, 11273.2, 5098.94
9.624, 11274.2, 5099.33
9.625, 11275.2, 5099.73
9.626, 11276.1, 5100.13
9.627, 11277.1, 5100.53
9.628, 11278.1, 5100.93
9.629, 11279.1, 5101.32
9.63, 11280.1, 5101.72
9.631, 11281, 5102.12
9.632, 11282, 5102.52
9.633, 11283, 5102.91
9.634, 11284, 5103.31
9.635, 11285, 5103.71
9.636, 11285.9, 5104.11
9.637, 11286.9, 5104.51
9.638, 11287.9, 5104.9
9.639, 11288.9, 5105.3
9.64, 11289.9, 5105.7
9.641, 11290.8, 5106.1
9.642, 11291.8, 5106.49
9.643, 11292.8, 5106.89
9.644, 11293.8, 5107.29
9.645, 11294.8, 5107.69
9.646, 11295.7, 5108.08
9.647, 11296.7, 5108.48
9.648, 11297.7, 5108.88
9.649, 11298.7, 5109.28
9.65, 11299.6, 5109.67
9.651, 11300.6, 5110.07
9.652, 11301.6, 5110.47
9.653, 11302.6, 5110.87
9.654, 11303.6, 5111.26
9.655, 11304.5, 5111.66
9.656, 11305.5, 5112.06
9.657, 11306.5, 5112.46
9.658, 11307.5, 5112.85
9.659, 11308.5, 5113.25
9.66, 11309.4, 5113.65
9.661, 11310.4, 5114.04
9.662, 11311.4, 5114.44
9.663, 11312.4, 5114.84
9.664, 11313.4, 5115.24
9.665, 11314.3, 5115.63
9.666, 11315.3, 5116.03
9.667, 11316.3, 5116.43
9.668, 11317.3, 5116.82
9.669, 11318.3, 5117.22
9.67, 11319.2, 5117.62
9.671, 11320.2, 5118.02
9.672, 11321.2, 5118.41
9.673, 11322.2, 5118.81
9.674, 11323.1, 5119.21
9.675, 11324.1, 5119.6
9.676, 11325.1, 5120
9.677, 11326.1, 5120.4
9.678, 11327.1, 5120.79
9.679, 11328, 5121.19
9.68, 11329, 5121.59
9.681, 11330, 5121.99
9.682, 11331, 5122.38
9.683, 11332, 5122.78
9.684, 11332.9, 5123.18
9.685, 11333.9, 5123.57
9.686, 11334.9, 5123.97
9.687, 11335.9, 5124.37
9.688, 11336.8, 5124.76
9.689, 11337.8, 5125.16
9.69, 11338.8, 5125.56
9.691, 11339.8, 5125.95
9.692, 11340.8, 5126.35
9.693, 11341.7, 5126.75
9.694, 11342.7, 5127.14
9.695, 11343.7, 5127.54
9.696, 11344.7, 5127.94
9.697, 11345.6, 5128.33
9.698, 11346.6, 5128.73
9.699, 11347.6, 5129.12
9.7, 11348.6, 5129.52
9.701, 11349.6, 5129.92
9.702, 11350.5, 5130.31
9.703, 11351.5, 5130.71
9.704, 11352.5, 5131.11
9.705, 11353.5, 5131.5
9.706, 11354.4, 5131.9
9.707, 11355.4, 5132.3
9.708, 11356.4, 5132.69
9.709, 11357.4, 5133.09
9.71, 11358.4, 5133.48
9.711, 11359.3, 5133.88
9.712, 11360.3, 5134.28
9.713, 11361.3, 5134.67
9.714, 11362.3, 5135.07
9.715, 11363.2, 5135.47
9.716, 11364.2, 5135.86
9.717, 11365.2, 5136.26
9.718, 11366.2, 5136.65
9.719, 11367.2, 5137.05
9.72, 11368.1, 5137.45
9.721, 11369.1, 5137.84
9.722, 11370.1, 5138.24
9.723, 11371.1, 5138.63
9.724, 11372, 5139.03
9.725, 11373, 5139.43
9.726, 11374, 5139.82
9.727, 11375, 5140.22
9.728, 11376, 5140.61
9.729, 11376.9, 5141.01
9.73, 11377.9, 5141.4
9.731, 11378.9, 5141.8
9.732, 11379.9, 5142.2
9.733, 11380.8, 5142.59
9.734, 11381.8, 5142.99
9.735, 11382.8, 5143.38
9.736, 11383.8, 5143.78
9.737, 11384.8, 5144.17
9.738, 11385.7, 5144.57
9.739, 11386.7, 5144.97
9.74, 11387.7, 5145.36
9.741, 11388.7, 5145.76
9.742, 11389.6, 5146.15
9.743, 11390.6, 5146.55
9.744, 11391.6, 5146.94
9.745, 11392.6, 5147.34
9.746, 11393.5, 5147.74
9.747, 11394.5, 5148.13
9.748, 11395.5, 5148.53
9.749, 11396.5, 5148.92
9.75, 11397.5, 5149.32
9.751, 11398.4, 5149.71
9.752, 11399.4, 5150.11
9.753, 11400.4, 5150.5
9.754, 11401.4, 5150.9
9.755, 11402.3, 5151.29
9.756, 11403.3, 5151.69
9.757, 11404.3, 5152.08
9.758, 11405.3, 5152.48
9.759, 11406.2, 5152.87
9.76, 11407.2, 5153.27
9.761, 11408.2, 5153.67
9.762, 11409.2, 5154.06
9.763, 11410.1, 5154.46
9.764, 11411.1, 5154.85
9.765, 11412.1, 5155.25
9.766, 11413.1, 5155.64
9.767, 11414.1, 5156.04
9.768, 11415, 5156.43
9.769, 11416, 5156.83
9.77, 11417, 5157.22
9.771, 11418, 5157.62
9.772, 11418.9, 5158.01
9.773, 11419.9, 5158.41
9.774, 11420.9, 5158.8
9.775, 11421.9, 5159.2
9.776, 11422.8, 5159.59
9.777, 11423.8, 5159.99
9.778, 11424.8, 5160.38
9.779, 11425.8, 5160.78
9.78, 11426.7, 5161.17
9.781, 11427.7, 5161.57
9.782, 11428.7, 5161.96
9.783, 11429.7, 5162.35
9.784, 11430.6, 5162.75
9.785, 11431.6, 5163.14
9.786, 11432.6, 5163.54
9.787, 11433.6, 5163.93
9.788, 11434.5, 5164.33
9.789, 11435.5, 5164.72
9.79, 11436.5, 5165.12
9.791, 11437.5, 5165.51
9.792, 11438.5, 5165.91
9.793, 11439.4, 5166.3
9.794, 11440.4, 5166.7
9.795, 11441.4, 5167.09
9.796, 11442.4, 5167.48
9.797, 11443.3, 5167.88
9.798, 11444.3, 5168.27
9.799, 11445.3, 5168.67
9.8, 11446.3, 5169.06
9.801, 11447.2, 5169.46
9.802, 11448.2, 5169.85
9.803, 11449.2, 5170.25
9.804, 11450.2, 5170.64
9.805, 11451.1, 5171.03
9.806, 11452.1, 5171.43
9.807, 11453.1, 5171.82
9.808, 11454.1, 5172.22
9.809, 11455, 5172.61
9.81, 11456, 5173.01
9.811, 11457, 5173.4
9.812, 11458, 5173.79
9.813, 11458.9, 5174.19
9.814, 11459.9, 5174.58
9.815, 11460.9, 5174.98
9.816, 11461.9, 5175.37
9.817, 11462.8, 5175.76
9.818, 11463.8, 5176.16
9.819, 11464.8, 5176.55
9.82, 11465.8, 5176.95
9.821, 11466.7, 5177.34
9.822, 11467.7, 5177.73
9.823, 11468.7, 5178.13
9.824, 11469.7, 5178.52
9.825, 11470.6, 5178.92
9.826, 11471.6, 5179.31
9.827, 11472.6, 5179.7
9.828, 11473.6, 5180.1
9.829, 11474.5, 5180.49
9.83, 11475.5, 5180.89
9.831, 11476.5, 5181.28
9.832, 11477.5, 5181.67
9.833, 11478.4, 5182.07
9.834, 11479.4, 5182.46
9.835, 11480.4, 5182.85
9.836, 11481.4, 5183.25
9.837, 11482.3, 5183.64
9.838, 11483.3, 5184.04
9.839, 11484.3, 5184.43
9.84, 11485.3, 5184.82
9.841, 11486.2, 5185.22
9.842, 11487.2, 5185.61
9.843, 11488.2, 5186
9.844, 11489.1, 5186.4
9.845, 11490.1, 5186.79
9.846, 11491.1, 5187.18
9.847, 11492.1, 5187.58
9.848, 11493, 5187.97
9.849, 11494, 5188.36
9.85, 11495, 5188.76
9.851, 11496, 5189.15
9.852, 11496.9, 5189.54
9.853, 11497.9, 5189.94
9.854, 11498.9, 5190.33
9.855, 11499.9, 5190.72
9.856, 11500.8, 5191.12
9.857, 11501.8, 5191.51
9.858, 11502.8, 5191.9
9.859, 11503.8, 5192.3
9.86, 11504.7, 5192.69
9.861, 11505.7, 5193.08
9.862, 11506.7, 5193.48
9.863, 11507.7, 5193.87
9.864, 11508.6, 5194.26
9.865, 11509.6, 5194.66
9.866, 11510.6, 5195.05
9.867, 11511.6, 5195.44
9.868, 11512.5, 5195.84
9.869, 11513.5, 5196.23
9.87, 11514.5, 5196.62
9.871, 11515.4, 5197.01
9.872, 11516.4, 5197.41
9.873, 11517.4, 5197.8
9.874, 11518.4, 5198.19
9.875, 11519.3, 5198.59
9.876, 11520.3, 5198.98
9.877, 11521.3, 5199.37
9.878, 11522.3, 5199.76
9.879, 11523.2, 5200.16
9.88, 11524.2, 5200.55
9.881, 11525.2, 5200.94
9.882, 11526.2, 5201.34
9.883, 11527.1, 5201.73
9.884, 11528.1, 5202.12
9.885, 11529.1, 5202.51
9.886, 11530, 5202.91
9.887, 11531, 5203.3
9.888, 11532, 5203.69
9.889, 11533, 5204.08
9.89, 11533.9, 5204.48
9.891, 11534.9, 5204.87
9.892, 11535.9, 5205.26
9.893, 11536.9, 5205.66
9.894, 11537.8, 5206.05
9.895, 11538.8, 5206.44
9.896, 11539.8, 5206.83
9.897, 11540.8, 5207.23
9.898, 11541.7, 5207.62
9.899, 11542.7, 5208.01
9.9, 11543.7, 5208.4
9.901, 11544.6, 5208.79
9.902, 11545.6, 5209.19
9.903, 11546.6, 5209.58
9.904, 11547.6, 5209.97
9.905, 11548.5, 5210.36
9.906, 11549.5, 5210.76
9.907, 11550.5, 5211.15
9.908, 11551.5, 5211.54
9.909, 11552.4, 5211.93
9.91, 11553.4, 5212.33
9.911, 11554.4, 5212.72
9.912, 11555.3, 5213.11
9.913, 11556.3, 5213.5
9.914, 11557.3, 5213.89
9.915, 11558.3, 5214.29
9.916, 11559.2, 5214.68
9.917, 11560.2, 5215.07
9.918, 11561.2, 5215.46
9.919, 11562.2, 5215.85
9.92, 11563.1, 5216.25
9.921, 11564.1, 5216.64
9.922, 11565.1, 5217.03
9.923, 11566, 5217.42
9.924, 11567, 5217.81
9.925, 11568, 5218.21
9.926, 11569, 5218.6
9.927, 11569.9, 5218.99
9.928, 11570.9, 5219.38
9.929, 11571.9, 5219.77
9.93, 11572.8, 5220.17
9.931, 11573.8, 5220.56
9.932, 11574.8, 5220.95
9.933, 11575.8, 5221.34
9.934, 11576.7, 5221.73
9.935, 11577.7, 5222.12
9.936, 11578.7, 5222.52
9.937, 11579.7, 5222.91
9.938, 11580.6, 5223.3
9.939, 11581.6, 5223.69
9.94, 11582.6, 5224.08
9.941, 11583.5, 5224.47
9.942, 11584.5, 5224.87
9.943, 11585.5, 5225.26
9.944, 11586.5, 5225.65
9.945, 11587.4, 5226.04
9.946, 11588.4, 5226.43
9.947, 11589.4, 5226.82
9.948, 11590.3, 5227.21
9.949, 11591.3, 5227.61
9.95, 11592.3, 5228
9.951, 11593.3, 5228.39
9.952, 11594.2, 5228.78
9.953, 11595.2, 5229.17
9.954, 11596.2, 5229.56
9.955, 11597.1, 5229.95
9.956, 11598.1, 5230.35
9.957, 11599.1, 5230.74
9.958, 11600.1, 5231.13
9.959, 11601, 5231.52
9.96, 11602, 5231.91
9.961, 11603, 5232.3
9.962, 11603.9, 5232.69
9.963, 11604.9, 5233.08
9.964, 11605.9, 5233.47
9.965, 11606.9, 5233.87
9.966, 11607.8, 5234.26
9.967, 11608.8, 5234.65
9.968, 11609.8, 5235.04
9.969, 11610.7, 5235.43
9.97, 11611.7, 5235.82
9.971, 11612.7, 5236.21
9.972, 11613.7, 5236.6
9.973, 11614.6, 5236.99
9.974, 11615.6, 5237.38
9.975, 11616.6, 5237.78
9.976, 11617.5, 5238.17
9.977, 11618.5, 5238.56
9.978, 11619.5, 5238.95
9.979, 11620.5, 5239.34
9.98, 11621.4, 5239.73
9.981, 11622.4, 5240.12
9.982, 11623.4, 5240.51
9.983, 11624.3, 5240.9
9.984, 11625.3, 5241.29
9.985, 11626.3, 5241.68
9.986, 11627.2, 5242.07
9.987, 11628.2, 5242.47
9.988, 11629.2, 5242.86
9.989, 11630.2, 5243.25
9.99, 11631.1, 5243.64
9.991, 11632.1, 5244.03
9.992, 11633.1, 5244.42
9.993, 11634, 5244.81
9.994, 11635, 5245.2
9.995, 11636, 5245.59
9.996, 11637, 5245.98
9.997, 11637.9, 5246.37
9.998, 11638.9, 5246.76
9.999, 11639.9, 5247.15
10, 11640.8, 5247.54
10.001, 11641.8, 5247.93
10.002, 11642.8, 5248.32
10.003, 11643.7, 5248.71
10.004, 11644.7, 5249.1
10.005, 11645.7, 5249.49
10.006, 11646.7, 5249.88
10.007, 11647.6, 5250.27
10.008, 11648.6, 5250.66
10.009, 11649.6, 5251.05
10.01, 11650.5, 5251.44
10.011, 11651.5, 5251.84
10.012, 11652.5, 5252.23
10.013, 11653.4, 5252.62
10.014, 11654.4, 5253.01
10.015, 11655.4, 5253.4
10.016, 11656.4, 5253.79
10.017, 11657.3, 5254.18
10.018, 11658.3, 5254.57
10.019, 11659.3, 5254.96
10.02, 11660.2, 5255.35
10.021, 11661.2, 5255.74
10.022, 11662.2, 5256.13
10.023, 11663.1, 5256.52
10.024, 11664.1, 5256.91
10.025, 11665.1, 5257.3
10.026, 11666.1, 5257.69
10.027, 11667, 5258.08
10.028, 11668, 5258.47
10.029, 11669, 5258.86
10.03, 11669.9, 5259.24
10.031, 11670.9, 5259.63
10.032, 11671.9, 5260.02
10.033, 11672.8, 5260.41
10.034, 11673.8, 5260.8
10.035, 11674.8, 5261.19
10.036, 11675.8, 5261.58
10.037, 11676.7, 5261.97
10.038, 11677.7, 5262.36
10.039, 11678.7, 5262.75
10.04, 11679.6, 5263.14
10.041, 11680.6, 5263.53
10.042, 11681.6, 5263.92
10.043, 11682.5, 5264.31
10.044, 11683.5, 5264.7
10.045, 11684.5, 5265.09
10.046, 11685.4, 5265.48
10.047, 11686.4, 5265.87
10.048, 11687.4, 5266.26
10.049, 11688.4, 5266.65
10.05, 11689.3, 5267.04
10.051, 11690.3, 5267.43
10.052, 11691.3, 5267.82
10.053, 11692.2, 5268.2
10.054, 11693.2, 5268.59
10.055, 11694.2, 5268.98
10.056, 11695.1, 5269.37
10.057, 11696.1, 5269.76
10.058, 11697.1, 5270.15
10.059, 11698, 5270.54
10.06, 11699, 5270.93
10.061, 11700, 5271.32
10.062, 11700.9, 5271.71
10.063, 11701.9, 5272.1
10.064, 11702.9, 5272.49
10.065, 11703.9, 5272.88
10.066, 11704.8, 5273.26
10.067, 11705.8, 5273.65
10.068, 11706.8, 5274.04
10.069, 11707.7, 5274.43
10.07, 11708.7, 5274.82
10.071, 11709.7, 5275.21
10.072, 11710.6, 5275.6
10.073, 11711.6, 5275.99
10.074, 11712.6, 5276.38
10.075, 11713.5, 5276.77
10.076, 11714.5, 5277.15
10.077, 11715.5, 5277.54
10.078, 11716.4, 5277.93
10.079, 11717.4, 5278.32
10.08, 11718.4, 5278.71
10.081, 11719.4, 5279.1
10.082, 11720.3, 5279.49
10.083, 11721.3, 5279.88
10.084, 11722.3, 5280.27
10.085, 11723.2, 5280.65
10.086, 11724.2, 5281.04
10.087, 11725.2, 5281.43
10.088, 11726.1, 5281.82
10.089, 11727.1, 5282.21
10.09, 11728.1, 5282.6
10.091, 11729, 5282.99
10.092, 11730, 5283.37
10.093, 11731, 5283.76
10.094, 11731.9, 5284.15
10.095, 11732.9, 5284.54
10.096, 11733.9, 5284.93
10.097, 11734.8, 5285.32
10.098, 11735.8, 5285.71
10.099, 11736.8, 5286.09
10.1, 11737.7, 5286.48
10.101, 11738.7, 5286.87
10.102, 11739.7, 5287.26
10.103, 11740.6, 5287.65
10.104, 11741.6, 5288.04
10.105, 11742.6, 5288.42
10.106, 11743.6, 5288.81
10.107, 11744.5, 5289.2
10.108, 11745.5, 5289.59
10.109, 11746.5, 5289.98
10.11, 11747.4, 5290.37
10.111, 11748.4, 5290.75
10.112, 11749.4, 5291.14
10.113, 11750.3, 5291.53
10.114, 11751.3, 5291.92
10.115, 11752.3, 5292.31
10.116, 11753.2, 5292.69
10.117, 11754.2, 5293.08
10.118, 11755.2, 5293.47
10.119, 11756.1, 5293.86
10.12, 11757.1, 5294.25
10.121, 11758.1, 5294.63
10.122, 11759, 5295.02
10.123, 11760, 5295.41
10.124, 11761, 5295.8
10.125, 11761.9, 5296.19
10.126, 11762.9, 5296.57
10.127, 11763.9, 5296.96
10.128, 11764.8, 5297.35
10.129, 11765.8, 5297.74
10.13, 11766.8, 5298.13
10.131, 11767.7, 5298.51
10.132, 11768.7, 5298.9
10.133, 11769.7, 5299.29
10.134, 11770.6, 5299.68
10.135, 11771.6, 5300.06
10.136, 11772.6, 5300.45
10.137, 11773.5, 5300.84
10.138, 11774.5, 5301.23
10.139, 11775.5, 5301.62
10.14, 11776.4, 5302
10.141, 11777.4, 5302.39
10.142, 11778.4, 5302.78
10.143, 11779.3, 5303.17
10.144, 11780.3, 5303.55
10.145, 11781.3, 5303.94
10.146, 11782.2, 5304.33
10.147, 11783.2, 5304.72
10.148, 11784.2, 5305.1
10.149, 11785.1, 5305.49
10.15, 11786.1, 5305.88
10.151, 11787.1, 5306.27
10.152, 11788, 5306.65
10.153, 11789, 5307.04
10.154, 11790, 5307.43
10.155, 11790.9, 5307.81
10.156, 11791.9, 5308.2
10.157, 11792.9, 5308.59
10.158, 11793.8, 5308.98
10.159, 11794.8, 5309.36
10.16, 11795.8, 5309.75
10.161, 11796.7, 5310.14
10.162, 11797.7, 5310.53
10.163, 11798.7, 5310.91
10.164, 11799.6, 5311.3
10.165, 11800.6, 5311.69
10.166, 11801.6, 5312.07
10.167, 11802.5, 5312.46
10.168, 11803.5, 5312.85
10.169, 11804.5, 5313.24
10.17, 11805.4, 5313.62
10.171, 11806.4, 5314.01
10.172, 11807.4, 5314.4
10.173, 11808.3, 5314.78
10.174, 11809.3, 5315.17
10.175, 11810.3, 5315.56
10.176, 11811.2, 5315.94
10.177, 11812.2, 5316.33
10.178, 11813.2, 5316.72
10.179, 11814.1, 5317.1
10.18, 11815.1, 5317.49
10.181, 11816.1, 5317.88
10.182, 11817, 5318.27
10.183, 11818, 5318.65
10.184, 11819, 5319.04
10.185, 11819.9, 5319.43
10.186, 11820.9, 5319.81
10.187, 11821.9, 5320.2
10.188, 11822.8, 5320.59
10.189, 11823.8, 5320.97
10.19, 11824.8, 5321.36
10.191, 11825.7, 5321.75
10.192, 11826.7, 5322.13
10.193, 11827.6, 5322.52
10.194, 11828.6, 5322.91
10.195, 11829.6, 5323.29
10.196, 11830.5, 5323.68
10.197, 11831.5, 5324.06
10.198, 11832.5, 5324.45
10.199, 11833.4, 5324.84
10.2, 11834.4, 5325.22
10.201, 11835.4, 5325.61
10.202, 11836.3, 5326
10.203, 11837.3, 5326.38
10.204, 11838.3, 5326.77
10.205, 11839.2, 5327.16
10.206, 11840.2, 5327.54
10.207, 11841.2, 5327.93
10.208, 11842.1, 5328.32
10.209, 11843.1, 5328.7
10.21, 11844.1, 5329.09
10.211, 11845, 5329.47
10.212, 11846, 5329.86
10.213, 11847, 5330.25
10.214, 11847.9, 5330.63
10.215, 11848.9, 5331.02
10.216, 11849.9, 5331.4
10.217, 11850.8, 5331.79
10.218, 11851.8, 5332.18
10.219, 11852.7, 5332.56
10.22, 11853.7, 5332.95
10.221, 11854.7, 5333.34
10.222, 11855.6, 5333.72
10.223, 11856.6, 5334.11
10.224, 11857.6, 5334.49
10.225, 11858.5, 5334.88
10.226, 11859.5, 5335.27
10.227, 11860.5, 5335.65
10.228, 11861.4, 5336.04
10.229, 11862.4, 5336.42
10.23, 11863.4, 5336.81
10.231, 11864.3, 5337.19
10.232, 11865.3, 5337.58
10.233, 11866.3, 5337.97
10.234, 11867.2, 5338.35
10.235, 11868.2, 5338.74
10.236, 11869.1, 5339.12
10.237, 11870.1, 5339.51
10.238, 11871.1, 5339.89
10.239, 11872, 5340.28
10.24, 11873, 5340.67
10.241, 11874, 5341.05
10.242, 11874.9, 5341.44
10.243, 11875.9, 5341.82
10.244, 11876.9, 5342.21
10.245, 11877.8, 5342.59
10.246, 11878.8, 5342.98
10.247, 11879.8, 5343.37
10.248, 11880.7, 5343.75
10.249, 11881.7, 5344.14
10.25, 11882.6, 5344.52
10.251, 11883.6, 5344.91
10.252, 11884.6, 5345.29
10.253, 11885.5, 5345.68
10.254, 11886.5, 5346.06
10.255, 11887.5, 5346.45
10.256, 11888.4, 5346.83
10.257, 11889.4, 5347.22
10.258, 11890.4, 5347.6
10.259, 11891.3, 5347.99
10.26, 11892.3, 5348.38
10.261, 11893.3, 5348.76
10.262, 11894.2, 5349.15
10.263, 11895.2, 5349.53
10.264, 11896.1, 5349.92
10.265, 11897.1, 5350.3
10.266, 11898.1, 5350.69
10.267, 11899, 5351.07
10.268, 11900, 5351.46
10.269, 11901, 5351.84
10.27, 11901.9, 5352.23
10.271, 11902.9, 5352.61
10.272, 11903.9, 5353
10.273, 11904.8, 5353.38
10.274, 11905.8, 5353.77
10.275, 11906.7, 5354.15
10.276, 11907.7, 5354.54
10.277, 11908.7, 5354.92
10.278, 11909.6, 5355.31
10.279, 11910.6, 5355.69
10.28, 11911.6, 5356.08
10.281, 11912.5, 5356.46
10.282, 11913.5, 5356.85
10.283, 11914.4, 5357.23
10.284, 11915.4, 5357.62
10.285, 11916.4, 5358
10.286, 11917.3, 5358.39
10.287, 11918.3, 5358.77
10.288, 11919.3, 5359.15
10.289, 11920.2, 5359.54
10.29, 11921.2, 5359.92
10.291, 11922.2, 5360.31
10.292, 11923.1, 5360.69
10.293, 11924.1, 5361.08
10.294, 11925, 5361.46
10.295, 11926, 5361.85
10.296, 11927, 5362.23
10.297, 11927.9, 5362.62
10.298, 11928.9, 5363
10.299, 11929.9, 5363.39
10.3, 11930.8, 5363.77
10.301, 11931.8, 5364.15
10.302, 11932.7, 5364.54
10.303, 11933.7, 5364.92
10.304, 11934.7, 5365.31
10.305, 11935.6, 5365.69
10.306, 11936.6, 5366.08
10.307, 11937.6, 5366.46
10.308, 11938.5, 5366.84
10.309, 11939.5, 5367.23
10.31, 11940.5, 5367.61
10.311, 11941.4, 5368
10.312, 11942.4, 5368.38
10.313, 11943.3, 5368.77
10.314, 11944.3, 5369.15
10.315, 11945.3, 5369.53
10.316, 11946.2, 5369.92
10.317, 11947.2, 5370.3
10.318, 11948.2, 5370.69
10.319, 11949.1, 5371.07
10.32, 11950.1, 5371.46
10.321, 11951, 5371.84
10.322, 11952, 5372.22
10.323, 11953, 5372.61
10.324, 11953.9, 5372.99
10.325, 11954.9, 5373.38
10.326, 11955.9, 5373.76
10.327, 11956.8, 5374.14
10.328, 11957.8, 5374.53
10.329, 11958.7, 5374.91
10.33, 11959.7, 5375.3
10.331, 11960.7, 5375.68
10.332, 11961.6, 5376.06
10.333, 11962.6, 5376.45
10.334, 11963.5, 5376.83
10.335, 11964.5, 5377.21
10.336, 11965.5, 5377.6
10.337, 11966.4, 5377.98
10.338, 11967.4, 5378.37
10.339, 11968.4, 5378.75
10.34, 11969.3, 5379.13
10.341, 11970.3, 5379.52
10.342, 11971.2, 5379.9
10.343, 11972.2, 5380.28
10.344, 11973.2, 5380.67
10.345, 11974.1, 5381.05
10.346, 11975.1, 5381.43
10.347, 11976.1, 5381.82
10.348, 11977, 5382.2
10.349, 11978, 5382.59
10.35, 11978.9, 5382.97
10.351, 11979.9, 5383.35
10.352, 11980.9, 5383.74
10.353, 11981.8, 5384.12
10.354, 11982.8, 5384.5
10.355, 11983.7, 5384.89
10.356, 11984.7, 5385.27
10.357, 11985.7, 5385.65
10.358, 11986.6, 5386.04
10.359, 11987.6, 5386.42
10.36, 11988.6, 5386.8
10.361, 11989.5, 5387.19
10.362, 11990.5, 5387.57
10.363, 11991.4, 5387.95
10.364, 11992.4, 5388.34
10.365, 11993.4, 5388.72
10.366, 11994.3, 5389.1
10.367, 11995.3, 5389.49
10.368, 11996.2, 5389.87
10.369, 11997.2, 5390.25
10.37, 11998.2, 5390.64
10.371, 11999.1, 5391.02
10.372, 12000.1, 5391.4
10.373, 12001.1, 5391.78
10.374, 12002, 5392.17
10.375, 12003, 5392.55
10.376, 12003.9, 5392.93
10.377, 12004.9, 5393.32
10.378, 12005.9, 5393.7
10.379, 12006.8, 5394.08
10.38, 12007.8, 5394.47
10.381, 12008.7, 5394.85
10.382, 12009.7, 5395.23
10.383, 12010.7, 5395.61
10.384, 12011.6, 5396
10.385, 12012.6, 5396.38
10.386, 12013.5, 5396.76
10.387, 12014.5, 5397.15
10.388, 12015.5, 5397.53
10.389, 12016.4, 5397.91
10.39, 12017.4, 5398.29
10.391, 12018.3, 5398.68
10.392, 12019.3, 5399.06
10.393, 12020.3, 5399.44
10.394, 12021.2, 5399.82
10.395, 12022.2, 5400.21
10.396, 12023.2, 5400.59
10.397, 12024.1, 5400.97
10.398, 12025.1, 5401.35
10.399, 12026, 5401.74
10.4, 12027, 5402.12
10.401, 12028, 5402.5
10.402, 12028.9, 5402.88
10.403, 12029.9, 5403.27
10.404, 12030.8, 5403.65
10.405, 12031.8, 5404.03
10.406, 12032.8, 5404.41
10.407, 12033.7, 5404.8
10.408, 12034.7, 5405.18
10.409, 12035.6, 5405.56
10.41, 12036.6, 5405.94
10.411, 12037.6, 5406.33
10.412, 12038.5, 5406.71
10.413, 12039.5, 5407.09
10.414, 12040.4, 5407.47
10.415, 12041.4, 5407.86
10.416, 12042.4, 5408.24
10.417, 12043.3, 5408.62
10.418, 12044.3, 5409
10.419, 12045.2, 5409.38
10.42, 12046.2, 5409.77
10.421, 12047.2, 5410.15
10.422, 12048.1, 5410.53
10.423, 12049.1, 5410.91
10.424, 12050, 5411.29
10.425, 12051, 5411.68
10.426, 12052, 5412.06
10.427, 12052.9, 5412.44
10.428, 12053.9, 5412.82
10.429, 12054.8, 5413.2
10.43, 12055.8, 5413.59
10.431, 12056.8, 5413.97
10.432, 12057.7, 5414.35
10.433, 12058.7, 5414.73
10.434, 12059.6, 5415.11
10.435, 12060.6, 5415.5
10.436, 12061.6, 5415.88
10.437, 12062.5, 5416.26
10.438, 12063.5, 5416.64
10.439, 12064.4, 5417.02
10.44, 12065.4, 5417.41
10.441, 12066.4, 5417.79
10.442, 12067.3, 5418.17
10.443, 12068.3, 5418.55
10.444, 12069.2, 5418.93
10.445, 12070.2, 5419.31
10.446, 12071.2, 5419.7
10.447, 12072.1, 5420.08
10.448, 12073.1, 5420.46
10.449, 12074, 5420.84
10.45, 12075, 5421.22
10.451, 12075.9, 5421.6
10.452, 12076.9, 5421.98
10.453, 12077.9, 5422.37
10.454, 12078.8, 5422.75
10.455, 12079.8, 5423.13
10.456, 12080.7, 5423.51
10.457, 12081.7, 5423.89
10.458, 12082.7, 5424.27
10.459, 12083.6, 5424.65
10.46, 12084.6, 5425.04
10.461, 12085.5, 5425.42
10.462, 12086.5, 5425.8
10.463, 12087.5, 5426.18
10.464, 12088.4, 5426.56
10.465, 12089.4, 5426.94
10.466, 12090.3, 5427.32
10.467, 12091.3, 5427.71
10.468, 12092.3, 5428.09
10.469, 12093.2, 5428.47
10.47, 12094.2, 5428.85
10.471, 12095.1, 5429.23
10.472, 12096.1, 5429.61
10.473, 12097, 5429.99
10.474, 12098, 5430.37
10.475, 12099, 5430.75
10.476, 12099.9, 5431.14
10.477, 12100.9, 5431.52
10.478, 12101.8, 5431.9
10.479, 12102.8, 5432.28
10.48, 12103.8, 5432.66
10.481, 12104.7, 5433.04
10.482, 12105.7, 5433.42
10.483, 12106.6, 5433.8
10.484, 12107.6, 5434.18
10.485, 12108.5, 5434.56
10.486, 12109.5, 5434.94
10.487, 12110.5, 5435.33
10.488, 12111.4, 5435.71
10.489, 12112.4, 5436.09
10.49, 12113.3, 5436.47
10.491, 12114.3, 5436.85
10.492, 12115.3, 5437.23
10.493, 12116.2, 5437.61
10.494, 12117.2, 5437.99
10.495, 12118.1, 5438.37
10.496, 12119.1, 5438.75
10.497, 12120, 5439.13
10.498, 12121, 5439.51
10.499, 12122, 5439.89
10.5, 12122.9, 5440.28
10.501, 12123.9, 5440.66
10.502, 12124.8, 5441.04
10.503, 12125.8, 5441.42
10.504, 12126.8, 5441.8
10.505, 12127.7, 5442.18
10.506, 12128.7, 5442.56
10.507, 12129.6, 5442.94
10.508, 12130.6, 5443.32
10.509, 12131.5, 5443.7
10.51, 12132.5, 5444.08
10.511, 12133.5, 5444.46
10.512, 12134.4, 5444.84
10.513, 12135.4, 5445.22
10.514, 12136.3, 5445.6
10.515, 12137.3, 5445.98
10.516, 12138.3, 5446.36
10.517, 12139.2, 5446.74
10.518, 12140.2, 5447.12
10.519, 12141.1, 5447.5
10.52, 12142.1, 5447.88
10.521, 12143, 5448.26
10.522, 12144, 5448.64
10.523, 12145, 5449.02
10.524, 12145.9, 5449.4
10.525, 12146.9, 5449.78
10.526, 12147.8, 5450.16
10.527, 12148.8, 5450.54
10.528, 12149.7, 5450.92
10.529, 12150.7, 5451.3
10.53, 12151.7, 5451.68
10.531, 12152.6, 5452.06
10.532, 12153.6, 5452.44
10.533, 12154.5, 5452.82
10.534, 12155.5, 5453.2
10.535, 12156.4, 5453.58
10.536, 12157.4, 5453.96
10.537, 12158.4, 5454.34
10.538, 12159.3, 5454.72
10.539, 12160.3, 5455.1
10.54, 12161.2, 5455.48
10.541, 12162.2, 5455.86
10.542, 12163.1, 5456.24
10.543, 12164.1, 5456.62
10.544, 12165.1, 5457
10.545, 12166, 5457.38
10.546, 12167, 5457.76
10.547, 12167.9, 5458.14
10.548, 12168.9, 5458.52
10.549, 12169.8, 5458.9
10.55, 12170.8, 5459.28
10.551, 12171.8, 5459.66
10.552, 12172.7, 5460.04
10.553, 12173.7, 5460.42
10.554, 12174.6, 5460.8
10.555, 12175.6, 5461.18
10.556, 12176.5, 5461.56
10.557, 12177.5, 5461.94
10.558, 12178.5, 5462.32
10.559, 12179.4, 5462.7
10.56, 12180.4, 5463.08
10.561, 12181.3, 5463.45
10.562, 12182.3, 5463.83
10.563, 12183.2, 5464.21
10.564, 12184.2, 5464.59
10.565, 12185.1, 5464.97
10.566, 12186.1, 5465.35
10.567, 12187.1, 5465.73
10.568, 12188, 5466.11
10.569, 12189, 5466.49
10.57, 12189.9, 5466.87
10.571, 12190.9, 5467.25
10.572, 12191.8, 5467.63
10.573, 12192.8, 5468.01
10.574, 12193.8, 5468.39
10.575, 12194.7, 5468.76
10.576, 12195.7, 5469.14
10.577, 12196.6, 5469.52
10.578, 12197.6, 5469.9
10.579, 12198.5, 5470.28
10.58, 12199.5, 5470.66
10.581, 12200.5, 5471.04
10.582, 12201.4, 5471.42
10.583, 12202.4, 5471.8
10.584, 12203.3, 5472.18
10.585, 12204.3, 5472.56
10.586, 12205.2, 5472.93
10.587, 12206.2, 5473.31
10.588, 12207.1, 5473.69
10.589, 12208.1, 5474.07
10.59, 12209.1, 5474.45
10.591, 12210, 5474.83
10.592, 12211, 5475.21
10.593, 12211.9, 5475.59
10.594, 12212.9, 5475.96
10.595, 12213.8, 5476.34
10.596, 12214.8, 5476.72
10.597, 12215.7, 5477.1
10.598, 12216.7, 5477.48
10.599, 12217.7, 5477.86
10.6, 12218.6, 5478.24
10.601, 12219.6, 5478.62
10.602, 12220.5, 5478.99
10.603, 12221.5, 5479.37
10.604, 12222.4, 5479.75
10.605, 12223.4, 5480.13
10.606, 12224.3, 5480.51
10.607, 12225.3, 5480.89
10.608, 12226.3, 5481.27
10.609, 12227.2, 5481.64
10.61, 12228.2, 5482.02
10.611, 12229.1, 5482.4
10.612, 12230.1, 5482.78
10.613, 12231, 5483.16
10.614, 12232, 5483.54
10.615, 12232.9, 5483.92
10.616, 12233.9, 5484.29
10.617, 12234.9, 5484.67
10.618, 12235.8, 5485.05
10.619, 12236.8, 5485.43
10.62, 12237.7, 5485.81
10.621, 12238.7, 5486.18
10.622, 12239.6, 5486.56
10.623, 12240.6, 5486.94
10.624, 12241.5, 5487.32
10.625, 12242.5, 5487.7
10.626, 12243.5, 5488.08
10.627, 12244.4, 5488.45
10.628, 12245.4, 5488.83
10.629, 12246.3, 5489.21
10.63, 12247.3, 5489.59
10.631, 12248.2, 5489.97
10.632, 12249.2, 5490.34
10.633, 12250.1, 5490.72
10.634, 12251.1, 5491.1
10.635, 12252, 5491.48
10.636, 12253, 5491.86
10.637, 12254, 5492.23
10.638, 12254.9, 5492.61
10.639, 12255.9, 5492.99
10.64, 12256.8, 5493.37
10.641, 12257.8, 5493.75
10.642, 12258.7, 5494.12
10.643, 12259.7, 5494.5
10.644, 12260.6, 5494.88
10.645, 12261.6, 5495.26
10.646, 12262.6, 5495.64
10.647, 12263.5, 5496.01
10.648, 12264.5, 5496.39
10.649, 12265.4, 5496.77
10.65, 12266.4, 5497.15
10.651, 12267.3, 5497.52
10.652, 12268.3, 5497.9
10.653, 12269.2, 5498.28
10.654, 12270.2, 5498.66
10.655, 12271.1, 5499.03
10.656, 12272.1, 5499.41
10.657, 12273.1, 5499.79
10.658, 12274, 5500.17
10.659, 12275, 5500.54
10.66, 12275.9, 5500.92
10.661, 12276.9, 5501.3
10.662, 12277.8, 5501.68
10.663, 12278.8, 5502.05
10.664, 12279.7, 5502.43
10.665, 12280.7, 5502.81
10.666, 12281.6, 5503.19
10.667, 12282.6, 5503.56
10.668, 12283.5, 5503.94
10.669, 12284.5, 5504.32
10.67, 12285.5, 5504.7
10.671, 12286.4, 5505.07
10.672, 12287.4, 5505.45
10.673, 12288.3, 5505.83
10.674, 12289.3, 5506.21
10.675, 12290.2, 5506.58
10.676, 12291.2, 5506.96
10.677, 12292.1, 5507.34
10.678, 12293.1, 5507.71
10.679, 12294, 5508.09
10.68, 12295, 5508.47
10.681, 12295.9, 5508.85
10.682, 12296.9, 5509.22
10.683, 12297.9, 5509.6
10.684, 12298.8, 5509.98
10.685, 12299.8, 5510.35
10.686, 12300.7, 5510.73
10.687, 12301.7, 5511.11
10.688, 12302.6, 5511.49
10.689, 12303.6, 5511.86
10.69, 12304.5, 5512.24
10.691, 12305.5, 5512.62
10.692, 12306.4, 5512.99
10.693, 12307.4, 5513.37
10.694, 12308.3, 5513.75
10.695, 12309.3, 5514.12
10.696, 12310.3, 5514.5
10.697, 12311.2, 5514.88
10.698, 12312.2, 5515.25
10.699, 12313.1, 5515.63
10.7, 12314.1, 5516.01
10.701, 12315, 5516.38
10.702, 12316, 5516.76
10.703, 12316.9, 5517.14
10.704, 12317.9, 5517.51
10.705, 12318.8, 5517.89
10.706, 12319.8, 5518.27
10.707, 12320.7, 5518.64
10.708, 12321.7, 5519.02
10.709, 12322.6, 5519.4
10.71, 12323.6, 5519.77
10.711, 12324.6, 5520.15
10.712, 12325.5, 5520.53
10.713, 12326.5, 5520.9
10.714, 12327.4, 5521.28
10.715, 12328.4, 5521.66
10.716, 12329.3, 5522.03
10.717, 12330.3, 5522.41
10.718, 12331.2, 5522.79
10.719, 12332.2, 5523.16
10.72, 12333.1, 5523.54
10.721, 12334.1, 5523.91
10.722, 12335, 5524.29
10.723, 12336, 5524.67
10.724, 12336.9, 5525.04
10.725, 12337.9, 5525.42
10.726, 12338.8, 5525.8
10.727, 12339.8, 5526.17
10.728, 12340.8, 5526.55
10.729, 12341.7, 5526.92
10.73, 12342.7, 5527.3
10.731, 12343.6, 5527.68
10.732, 12344.6, 5528.05
10.733, 12345.5, 5528.43
10.734, 12346.5, 5528.81
10.735, 12347.4, 5529.18
10.736, 12348.4, 5529.56
10.737, 12349.3, 5529.93
10.738, 12350.3, 5530.31
10.739, 12351.2, 5530.69
10.74, 12352.2, 5531.06
10.741, 12353.1, 5531.44
10.742, 12354.1, 5531.81
10.743, 12355, 5532.19
10.744, 12356, 5532.57
10.745, 12356.9, 5532.94
10.746, 12357.9, 5533.32
10.747, 12358.8, 5533.69
10.748, 12359.8, 5534.07
10.749, 12360.8, 5534.44
10.75, 12361.7, 5534.82
10.751, 12362.7, 5535.2
10.752, 12363.6, 5535.57
10.753, 12364.6, 5535.95
10.754, 12365.5, 5536.32
10.755, 12366.5, 5536.7
10.756, 12367.4, 5537.08
10.757, 12368.4, 5537.45
10.758, 12369.3, 5537.83
10.759, 12370.3, 5538.2
10.76, 12371.2, 5538.58
10.761, 12372.2, 5538.95
10.762, 12373.1, 5539.33
10.763, 12374.1, 5539.7
10.764, 12375, 5540.08
10.765, 12376, 5540.46
10.766, 12376.9, 5540.83
10.767, 12377.9, 5541.21
10.768, 12378.8, 5541.58
10.769, 12379.8, 5541.96
10.77, 12380.7, 5542.33
10.771, 12381.7, 5542.71
10.772, 12382.6, 5543.08
10.773, 12383.6, 5543.46
10.774, 12384.5, 5543.83
10.775, 12385.5, 5544.21
10.776, 12386.5, 5544.58
10.777, 12387.4, 5544.96
10.778, 12388.4, 5545.34
10.779, 12389.3, 5545.71
10.78, 12390.3, 5546.09
10.781, 12391.2, 5546.46
10.782, 12392.2, 5546.84
10.783, 12393.1, 5547.21
10.784, 12394.1, 5547.59
10.785, 12395, 5547.96
10.786, 12396, 5548.34
10.787, 12396.9, 5548.71
10.788, 12397.9, 5549.09
10.789, 12398.8, 5549.46
10.79, 12399.8, 5549.84
10.791, 12400.7, 5550.21
10.792, 12401.7, 5550.59
10.793, 12402.6, 5550.96
10.794, 12403.6, 5551.34
10.795, 12404.5, 5551.71
10.796, 12405.5, 5552.09
10.797, 12406.4, 5552.46
10.798, 12407.4, 5552.84
10.799, 12408.3, 5553.21
10.8, 12409.3, 5553.59
10.801, 12410.2, 5553.96
10.802, 12411.2, 5554.34
10.803, 12412.1, 5554.71
10.804, 12413.1, 5555.09
10.805, 12414, 5555.46
10.806, 12415, 5555.84
10.807, 12415.9, 5556.21
10.808, 12416.9, 5556.58
10.809, 12417.8, 5556.96
10.81, 12418.8, 5557.33
10.811, 12419.7, 5557.71
10.812, 12420.7, 5558.08
10.813, 12421.6, 5558.46
10.814, 12422.6, 5558.83
10.815, 12423.5, 5559.21
10.816, 12424.5, 5559.58
10.817, 12425.4, 5559.96
10.818, 12426.4, 5560.33
10.819, 12427.3, 5560.71
10.82, 12428.3, 5561.08
10.821, 12429.3, 5561.45
10.822, 12430.2, 5561.83
10.823, 12431.2, 5562.2
10.824, 12432.1, 5562.58
10.825, 12433.1, 5562.95
10.826, 12434, 5563.33
10.827, 12435, 5563.7
10.828, 12435.9, 5564.07
10.829, 12436.9, 5564.45
10.83, 12437.8, 5564.82
10.831, 12438.8, 5565.2
10.832, 12439.7, 5565.57
10.833, 12440.7, 5565.95
10.834, 12441.6, 5566.32
10.835, 12442.6, 5566.69
10.836, 12443.5, 5567.07
10.837, 12444.5, 5567.44
10.838, 12445.4, 5567.82
10.839, 12446.4, 5568.19
10.84, 12447.3, 5568.56
10.841, 12448.3, 5568.94
10.842, 12449.2, 5569.31
10.843, 12450.2, 5569.69
10.844, 12451.1, 5570.06
10.845, 12452.1, 5570.44
10.846, 12453, 5570.81
10.847, 12454, 5571.18
10.848, 12454.9, 5571.56
10.849, 12455.9, 5571.93
10.85, 12456.8, 5572.3
10.851, 12457.8, 5572.68
10.852, 12458.7, 5573.05
10.853, 12459.7, 5573.43
10.854, 12460.6, 5573.8
10.855, 12461.6, 5574.17
10.856, 12462.5, 5574.55
10.857, 12463.5, 5574.92
10.858, 12464.4, 5575.3
10.859, 12465.4, 5575.67
10.86, 12466.3, 5576.04
10.861, 12467.3, 5576.42
10.862, 12468.2, 5576.79
10.863, 12469.2, 5577.16
10.864, 12470.1, 5577.54
10.865, 12471.1, 5577.91
10.866, 12472, 5578.28
10.867, 12472.9, 5578.66
10.868, 12473.9, 5579.03
10.869, 12474.8, 5579.41
10.87, 12475.8, 5579.78
10.871, 12476.7, 5580.15
10.872, 12477.7, 5580.53
10.873, 12478.6, 5580.9
10.874, 12479.6, 5581.27
10.875, 12480.5, 5581.65
10.876, 12481.5, 5582.02
10.877, 12482.4, 5582.39
10.878, 12483.4, 5582.77
10.879, 12484.3, 5583.14
10.88, 12485.3, 5583.51
10.881, 12486.2, 5583.89
10.882, 12487.2, 5584.26
10.883, 12488.1, 5584.63
10.884, 12489.1, 5585.01
10.885, 12490, 5585.38
10.886, 12491, 5585.75
10.887, 12491.9, 5586.13
10.888, 12492.9, 5586.5
10.889, 12493.8, 5586.87
10.89, 12494.8, 5587.25
10.891, 12495.7, 5587.62
10.892, 12496.7, 5587.99
10.893, 12497.6, 5588.36
10.894, 12498.6, 5588.74
10.895, 12499.5, 5589.11
10.896, 12500.5, 5589.48
10.897, 12501.4, 5589.86
10.898, 12502.4, 5590.23
10.899, 12503.3, 5590.6
10.9, 12504.3, 5590.98
10.901, 12505.2, 5591.35
10.902, 12506.2, 5591.72
10.903, 12507.1, 5592.09
10.904, 12508.1, 5592.47
10.905, 12509, 5592.84
10.906, 12510, 5593.21
10.907, 12510.9, 5593.59
10.908, 12511.9, 5593.96
10.909, 12512.8, 5594.33
10.91, 12513.8, 5594.7
10.911, 12514.7, 5595.08
10.912, 12515.7, 5595.45
10.913, 12516.6, 5595.82
10.914, 12517.5, 5596.2
10.915, 12518.5, 5596.57
10.916, 12519.4, 5596.94
10.917, 12520.4, 5597.31
10.918, 12521.3, 5597.69
10.919, 12522.3, 5598.06
10.92, 12523.2, 5598.43
10.921, 12524.2, 5598.8
10.922, 12525.1, 5599.18
10.923, 12526.1, 5599.55
10.924, 12527, 5599.92
10.925, 12528, 5600.29
10.926, 12528.9, 5600.67
10.927, 12529.9, 5601.04
10.928, 12530.8, 5601.41
10.929, 12531.8, 5601.78
10.93, 12532.7, 5602.16
10.931, 12533.7, 5602.53
10.932, 12534.6, 5602.9
10.933, 12535.6, 5603.27
10.934, 12536.5, 5603.65
10.935, 12537.5, 5604.02
10.936, 12538.4, 5604.39
10.937, 12539.4, 5604.76
10.938, 12540.3, 5605.13
10.939, 12541.2, 5605.51
10.94, 12542.2, 5605.88
10.941, 12543.1, 5606.25
10.942, 12544.1, 5606.62
10.943, 12545, 5607
10.944, 12546, 5607.37
10.945, 12546.9, 5607.74
10.946, 12547.9, 5608.11
10.947, 12548.8, 5608.48
10.948, 12549.8, 5608.86
10.949, 12550.7, 5609.23
10.95, 12551.7, 5609.6
10.951, 12552.6, 5609.97
10.952, 12553.6, 5610.34
10.953, 12554.5, 5610.72
10.954, 12555.5, 5611.09
10.955, 12556.4, 5611.46
10.956, 12557.4, 5611.83
10.957, 12558.3, 5612.2
10.958, 12559.3, 5612.58
10.959, 12560.2, 5612.95
10.96, 12561.1, 5613.32
10.961, 12562.1, 5613.69
10.962, 12563, 5614.06
10.963, 12564, 5614.43
10.964, 12564.9, 5614.81
10.965, 12565.9, 5615.18
10.966, 12566.8, 5615.55
10.967, 12567.8, 5615.92
10.968, 12568.7, 5616.29
10.969, 12569.7, 5616.66
10.97, 12570.6, 5617.04
10.971, 12571.6, 5617.41
10.972, 12572.5, 5617.78
10.973, 12573.5, 5618.15
10.974, 12574.4, 5618.52
10.975, 12575.4, 5618.89
10.976, 12576.3, 5619.27
10.977, 12577.2, 5619.64
10.978, 12578.2, 5620.01
10.979, 12579.1, 5620.38
10.98, 12580.1, 5620.75
10.981, 12581, 5621.12
10.982, 12582, 5621.49
10.983, 12582.9, 5621.87
10.984, 12583.9, 5622.24
10.985, 12584.8, 5622.61
10.986, 12585.8, 5622.98
10.987, 12586.7, 5623.35
10.988, 12587.7, 5623.72
10.989, 12588.6, 5624.09
10.99, 12589.6, 5624.46
10.991, 12590.5, 5624.84
10.992, 12591.5, 5625.21
10.993, 12592.4, 5625.58
10.994, 12593.3, 5625.95
10.995, 12594.3, 5626.32
10.996, 12595.2, 5626.69
10.997, 12596.2, 5627.06
10.998, 12597.1, 5627.43
10.999, 12598.1, 5627.81
11, 12599, 5628.18
11.001, 12600, 5628.55
11.002, 12600.9, 5628.92
11.003, 12601.9, 5629.29
11.004, 12602.8, 5629.66
11.005, 12603.8, 5630.03
11.006, 12604.7, 5630.4
11.007, 12605.6, 5630.77
11.008, 12606.6, 5631.14
11.009, 12607.5, 5631.52
11.01, 12608.5, 5631.89
11.011, 12609.4, 5632.26
11.012, 12610.4, 5632.63
11.013, 12611.3, 5633
11.014, 12612.3, 5633.37
11.015, 12613.2, 5633.74
11.016, 12614.2, 5634.11
11.017, 12615.1, 5634.48
11.018, 12616.1, 5634.85
11.019, 12617, 5635.22
11.02, 12617.9, 5635.59
11.021, 12618.9, 5635.96
11.022, 12619.8, 5636.34
11.023, 12620.8, 5636.71
11.024, 12621.7, 5637.08
11.025, 12622.7, 5637.45
11.026, 12623.6, 5637.82
11.027, 12624.6, 5638.19
11.028, 12625.5, 5638.56
11.029, 12626.5, 5638.93
11.03, 12627.4, 5639.3
11.031, 12628.3, 5639.67
11.032, 12629.3, 5640.04
11.033, 12630.2, 5640.41
11.034, 12631.2, 5640.78
11.035, 12632.1, 5641.15
11.036, 12633.1, 5641.52
11.037, 12634, 5641.89
11.038, 12635, 5642.26
11.039, 12635.9, 5642.63
11.04, 12636.9, 5643
11.041, 12637.8, 5643.37
11.042, 12638.8, 5643.74
11.043, 12639.7, 5644.11
11.044, 12640.6, 5644.49
11.045, 12641.6, 5644.86
11.046, 12642.5, 5645.23
11.047, 12643.5, 5645.6
11.048, 12644.4, 5645.97
11.049, 12645.4, 5646.34
11.05, 12646.3, 5646.71
11.051, 12647.3, 5647.08
11.052, 12648.2, 5647.45
11.053, 12649.1, 5647.82
11.054, 12650.1, 5648.19
11.055, 12651, 5648.56
11.056, 12652, 5648.93
11.057, 12652.9, 5649.3
11.058, 12653.9, 5649.67
11.059, 12654.8, 5650.04
11.06, 12655.8, 5650.41
11.061, 12656.7, 5650.78
11.062, 12657.7, 5651.15
11.063, 12658.6, 5651.52
11.064, 12659.5, 5651.89
11.065, 12660.5, 5652.26
11.066, 12661.4, 5652.63
11.067, 12662.4, 5653
11.068, 12663.3, 5653.37
11.069, 12664.3, 5653.74
11.07, 12665.2, 5654.1
11.071, 12666.2, 5654.47
11.072, 12667.1, 5654.84
11.073, 12668, 5655.21
11.074, 12669, 5655.58
11.075, 12669.9, 5655.95
11.076, 12670.9, 5656.32
11.077, 12671.8, 5656.69
11.078, 12672.8, 5657.06
11.079, 12673.7, 5657.43
11.08, 12674.7, 5657.8
11.081, 12675.6, 5658.17
11.082, 12676.5, 5658.54
11.083, 12677.5, 5658.91
11.084, 12678.4, 5659.28
11.085, 12679.4, 5659.65
11.086, 12680.3, 5660.02
11.087, 12681.3, 5660.39
11.088, 12682.2, 5660.76
11.089, 12683.2, 5661.13
11.09, 12684.1, 5661.5
11.091, 12685, 5661.87
11.092, 12686, 5662.24
11.093, 12686.9, 5662.6
11.094, 12687.9, 5662.97
11.095, 12688.8, 5663.34
11.096, 12689.8, 5663.71
11.097, 12690.7, 5664.08
11.098, 12691.7, 5664.45
11.099, 12692.6, 5664.82
11.1, 12693.5, 5665.19
11.101, 12694.5, 5665.56
11.102, 12695.4, 5665.93
11.103, 12696.4, 5666.3
11.104, 12697.3, 5666.67
11.105, 12698.3, 5667.03
11.106, 12699.2, 5667.4
11.107, 12700.2, 5667.77
11.108, 12701.1, 5668.14
11.109, 12702, 5668.51
11.11, 12703, 5668.88
11.111, 12703.9, 5669.25
11.112, 12704.9, 5669.62
11.113, 12705.8, 5669.99
11.114, 12706.8, 5670.36
11.115, 12707.7, 5670.72
11.116, 12708.7, 5671.09
11.117, 12709.6, 5671.46
11.118, 12710.5, 5671.83
11.119, 12711.5, 5672.2
11.12, 12712.4, 5672.57
11.121, 12713.4, 5672.94
11.122, 12714.3, 5673.31
11.123, 12715.3, 5673.68
11.124, 12716.2, 5674.04
11.125, 12717.1, 5674.41
11.126, 12718.1, 5674.78
11.127, 12719, 5675.15
11.128, 12720, 5675.52
11.129, 12720.9, 5675.89
11.13, 12721.9, 5676.26
11.131, 12722.8, 5676.63
11.132, 12723.7, 5676.99
11.133, 12724.7, 5677.36
11.134, 12725.6, 5677.73
11.135, 12726.6, 5678.1
11.136, 12727.5, 5678.47
11.137, 12728.5, 5678.84
11.138, 12729.4, 5679.21
11.139, 12730.4, 5679.57
11.14, 12731.3, 5679.94
11.141, 12732.2, 5680.31
11.142, 12733.2, 5680.68
11.143, 12734.1, 5681.05
11.144, 12735.1, 5681.42
11.145, 12736, 5681.78
11.146, 12737, 5682.15
11.147, 12737.9, 5682.52
11.148, 12738.8, 5682.89
11.149, 12739.8, 5683.26
11.15, 12740.7, 5683.63
11.151, 12741.7, 5683.99
11.152, 12742.6, 5684.36
11.153, 12743.6, 5684.73
11.154, 12744.5, 5685.1
11.155, 12745.4, 5685.47
11.156, 12746.4, 5685.83
11.157, 12747.3, 5686.2
11.158, 12748.3, 5686.57
11.159, 12749.2, 5686.94
11.16, 12750.2, 5687.31
11.161, 12751.1, 5687.68
11.162, 12752, 5688.04
11.163, 12753, 5688.41
11.164, 12753.9, 5688.78
11.165, 12754.9, 5689.15
11.166, 12755.8, 5689.52
11.167, 12756.8, 5689.88
11.168, 12757.7, 5690.25
11.169, 12758.6, 5690.62
11.17, 12759.6, 5690.99
11.171, 12760.5, 5691.35
11.172, 12761.5, 5691.72
11.173, 12762.4, 5692.09
11.174, 12763.4, 5692.46
11.175, 12764.3, 5692.83
11.176, 12765.2, 5693.19
11.177, 12766.2, 5693.56
11.178, 12767.1, 5693.93
11.179, 12768.1, 5694.3
11.18, 12769, 5694.66
11.181, 12769.9, 5695.03
11.182, 12770.9, 5695.4
11.183, 12771.8, 5695.77
11.184, 12772.8, 5696.14
11.185, 12773.7, 5696.5
11.186, 12774.7, 5696.87
11.187, 12775.6, 5697.24
11.188, 12776.5, 5697.61
11.189, 12777.5, 5697.97
11.19, 12778.4, 5698.34
11.191, 12779.4, 5698.71
11.192, 12780.3, 5699.08
11.193, 12781.3, 5699.44
11.194, 12782.2, 5699.81
11.195, 12783.1, 5700.18
11.196, 12784.1, 5700.55
11.197, 12785, 5700.91
11.198, 12786, 5701.28
11.199, 12786.9, 5701.65
11.2, 12787.8, 5702.02
11.201, 12788.8, 5702.38
11.202, 12789.7, 5702.75
11.203, 12790.7, 5703.12
11.204, 12791.6, 5703.48
11.205, 12792.6, 5703.85
11.206, 12793.5, 5704.22
11.207, 12794.4, 5704.59
11.208, 12795.4, 5704.95
11.209, 12796.3, 5705.32
11.21, 12797.3, 5705.69
11.211, 12798.2, 5706.05
11.212, 12799.1, 5706.42
11.213, 12800.1, 5706.79
11.214, 12801, 5707.16
11.215, 12802, 5707.52
11.216, 12802.9, 5707.89
11.217, 12803.9, 5708.26
11.218, 12804.8, 5708.62
11.219, 12805.7, 5708.99
11.22, 12806.7, 5709.36
11.221, 12807.6, 5709.73
11.222, 12808.6, 5710.09
11.223, 12809.5, 5710.46
11.224, 12810.4, 5710.83
11.225, 12811.4, 5711.19
11.226, 12812.3, 5711.56
11.227, 12813.3, 5711.93
11.228, 12814.2, 5712.29
11.229, 12815.2, 5712.66
11.23, 12816.1, 5713.03
11.231, 12817, 5713.39
11.232, 12818, 5713.76
11.233, 12818.9, 5714.13
11.234, 12819.9, 5714.49
11.235, 12820.8, 5714.86
11.236, 12821.7, 5715.23
11.237, 12822.7, 5715.59
11.238, 12823.6, 5715.96
11.239, 12824.6, 5716.33
11.24, 12825.5, 5716.69
11.241, 12826.4, 5717.06
11.242, 12827.4, 5717.43
11.243, 12828.3, 5717.79
11.244, 12829.3, 5718.16
11.245, 12830.2, 5718.53
11.246, 12831.1, 5718.89
11.247, 12832.1, 5719.26
11.248, 12833, 5719.63
11.249, 12834, 5719.99
11.25, 12834.9, 5720.36
11.251, 12835.9, 5720.73
11.252, 12836.8, 5721.09
11.253, 12837.7, 5721.46
11.254, 12838.7, 5721.82
11.255, 12839.6, 5722.19
11.256, 12840.6, 5722.56
11.257, 12841.5, 5722.92
11.258, 12842.4, 5723.29
11.259, 12843.4, 5723.66
11.26, 12844.3, 5724.02
11.261, 12845.3, 5724.39
11.262, 12846.2, 5724.75
11.263, 12847.1, 5725.12
11.264, 12848.1, 5725.49
11.265, 12849, 5725.85
11.266, 12850, 5726.22
11.267, 12850.9, 5726.58
11.268, 12851.8, 5726.95
11.269, 12852.8, 5727.32
11.27, 12853.7, 5727.68
11.271, 12854.7, 5728.05
11.272, 12855.6, 5728.42
11.273, 12856.5, 5728.78
11.274, 12857.5, 5729.15
11.275, 12858.4, 5729.51
11.276, 12859.4, 5729.88
11.277, 12860.3, 5730.24
11.278, 12861.2, 5730.61
11.279, 12862.2, 5730.98
11.28, 12863.1, 5731.34
11.281, 12864.1, 5731.71
11.282, 12865, 5732.07
11.283, 12865.9, 5732.44
11.284, 12866.9, 5732.81
11.285, 12867.8, 5733.17
11.286, 12868.8, 5733.54
11.287, 12869.7, 5733.9
11.288, 12870.6, 5734.27
11.289, 12871.6, 5734.63
11.29, 12872.5, 5735
11.291, 12873.5, 5735.37
11.292, 12874.4, 5735.73
11.293, 12875.3, 5736.1
11.294, 12876.3, 5736.46
11.295, 12877.2, 5736.83
11.296, 12878.2, 5737.19
11.297, 12879.1, 5737.56
11.298, 12880, 5737.92
11.299, 12881, 5738.29
11.3, 12881.9, 5738.66
11.301, 12882.9, 5739.02
11.302, 12883.8, 5739.39
11.303, 12884.7, 5739.75
11.304, 12885.7, 5740.12
11.305, 12886.6, 5740.48
11.306, 12887.6, 5740.85
11.307, 12888.5, 5741.21
11.308, 12889.4, 5741.58
11.309, 12890.4, 5741.94
11.31, 12891.3, 5742.31
11.311, 12892.3, 5742.68
11.312, 12893.2, 5743.04
11.313, 12894.1, 5743.41
11.314, 12895.1, 5743.77
11.315, 12896, 5744.14
11.316, 12897, 5744.5
11.317, 12897.9, 5744.87
11.318, 12898.8, 5745.23
11.319, 12899.8, 5745.6
11.32, 12900.7, 5745.96
11.321, 12901.6, 5746.33
11.322, 12902.6, 5746.69
11.323, 12903.5, 5747.06
11.324, 12904.5, 5747.42
11.325, 12905.4, 5747.79
11.326, 12906.3, 5748.15
11.327, 12907.3, 5748.52
11.328, 12908.2, 5748.88
11.329, 12909.2, 5749.25
11.33, 12910.1, 5749.61
11.331, 12911, 5749.98
11.332, 12912, 5750.34
11.333, 12912.9, 5750.71
11.334, 12913.9, 5751.07
11.335, 12914.8, 5751.44
11.336, 12915.7, 5751.8
11.337, 12916.7, 5752.17
11.338, 12917.6, 5752.53
11.339, 12918.5, 5752.9
11.34, 12919.5, 5753.26
11.341, 12920.4, 5753.63
11.342, 12921.4, 5753.99
11.343, 12922.3, 5754.35
11.344, 12923.2, 5754.72
11.345, 12924.2, 5755.08
11.346, 12925.1, 5755.45
11.347, 12926.1, 5755.81
11.348, 12927, 5756.18
11.349, 12927.9, 5756.54
11.35, 12928.9, 5756.91
11.351, 12929.8, 5757.27
11.352, 12930.8, 5757.64
11.353, 12931.7, 5758
11.354, 12932.6, 5758.37
11.355, 12933.6, 5758.73
11.356, 12934.5, 5759.09
11.357, 12935.4, 5759.46
11.358, 12936.4, 5759.82
11.359, 12937.3, 5760.19
11.36, 12938.3, 5760.55
11.361, 12939.2, 5760.92
11.362, 12940.1, 5761.28
11.363, 12941.1, 5761.64
11.364, 12942, 5762.01
11.365, 12942.9, 5762.37
11.366, 12943.9, 5762.74
11.367, 12944.8, 5763.1
11.368, 12945.8, 5763.47
11.369, 12946.7, 5763.83
11.37, 12947.6, 5764.19
11.371, 12948.6, 5764.56
11.372, 12949.5, 5764.92
11.373, 12950.5, 5765.29
11.374, 12951.4, 5765.65
11.375, 12952.3, 5766.02
11.376, 12953.3, 5766.38
11.377, 12954.2, 5766.74
11.378, 12955.1, 5767.11
11.379, 12956.1, 5767.47
11.38, 12957, 5767.84
11.381, 12958, 5768.2
11.382, 12958.9, 5768.56
11.383, 12959.8, 5768.93
11.384, 12960.8, 5769.29
11.385, 12961.7, 5769.66
11.386, 12962.6, 5770.02
11.387, 12963.6, 5770.38
11.388, 12964.5, 5770.75
11.389, 12965.5, 5771.11
11.39, 12966.4, 5771.47
11.391, 12967.3, 5771.84
11.392, 12968.3, 5772.2
11.393, 12969.2, 5772.57
11.394, 12970.1, 5772.93
11.395, 12971.1, 5773.29
11.396, 12972, 5773.66
11.397, 12973, 5774.02
11.398, 12973.9, 5774.38
11.399, 12974.8, 5774.75
11.4, 12975.8, 5775.11
11.401, 12976.7, 5775.48
11.402, 12977.6, 5775.84
11.403, 12978.6, 5776.2
11.404, 12979.5, 5776.57
11.405, 12980.5, 5776.93
11.406, 12981.4, 5777.29
11.407, 12982.3, 5777.66
11.408, 12983.3, 5778.02
11.409, 12984.2, 5778.38
11.41, 12985.1, 5778.75
11.411, 12986.1, 5779.11
11.412, 12987, 5779.47
11.413, 12988, 5779.84
11.414, 12988.9, 5780.2
11.415, 12989.8, 5780.56
11.416, 12990.8, 5780.93
11.417, 12991.7, 5781.29
11.418, 12992.6, 5781.65
11.419, 12993.6, 5782.02
11.42, 12994.5, 5782.38
11.421, 12995.5, 5782.74
11.422, 12996.4, 5783.11
11.423, 12997.3, 5783.47
11.424, 12998.3, 5783.83
11.425, 12999.2, 5784.2
11.426, 13000.1, 5784.56
11.427, 13001.1, 5784.92
11.428, 13002, 5785.29
11.429, 13002.9, 5785.65
11.43, 13003.9, 5786.01
11.431, 13004.8, 5786.38
11.432, 13005.8, 5786.74
11.433, 13006.7, 5787.1
11.434, 13007.6, 5787.47
11.435, 13008.6, 5787.83
11.436, 13009.5, 5788.19
11.437, 13010.4, 5788.55
11.438, 13011.4, 5788.92
11.439, 13012.3, 5789.28
11.44, 13013.3, 5789.64
11.441, 13014.2, 5790.01
11.442, 13015.1, 5790.37
11.443, 13016.1, 5790.73
11.444, 13017, 5791.09
11.445, 13017.9, 5791.46
11.446, 13018.9, 5791.82
11.447, 13019.8, 5792.18
11.448, 13020.7, 5792.55
11.449, 13021.7, 5792.91
11.45, 13022.6, 5793.27
11.451, 13023.6, 5793.63
11.452, 13024.5, 5794
11.453, 13025.4, 5794.36
11.454, 13026.4, 5794.72
11.455, 13027.3, 5795.08
11.456, 13028.2, 5795.45
11.457, 13029.2, 5795.81
11.458, 13030.1, 5796.17
11.459, 13031, 5796.53
11.46, 13032, 5796.9
11.461, 13032.9, 5797.26
11.462, 13033.9, 5797.62
11.463, 13034.8, 5797.98
11.464, 13035.7, 5798.35
11.465, 13036.7, 5798.71
11.466, 13037.6, 5799.07
11.467, 13038.5, 5799.43
11.468, 13039.5, 5799.8
11.469, 13040.4, 5800.16
11.47, 13041.3, 5800.52
11.471, 13042.3, 5800.88
11.472, 13043.2, 5801.25
11.473, 13044.1, 5801.61
11.474, 13045.1, 5801.97
11.475, 13046, 5802.33
11.476, 13047, 5802.7
11.477, 13047.9, 5803.06
11.478, 13048.8, 5803.42
11.479, 13049.8, 5803.78
11.48, 13050.7, 5804.14
11.481, 13051.6, 5804.51
11.482, 13052.6, 5804.87
11.483, 13053.5, 5805.23
11.484, 13054.4, 5805.59
11.485, 13055.4, 5805.96
11.486, 13056.3, 5806.32
11.487, 13057.2, 5806.68
11.488, 13058.2, 5807.04
11.489, 13059.1, 5807.4
11.49, 13060.1, 5807.77
11.491, 13061, 5808.13
11.492, 13061.9, 5808.49
11.493, 13062.9, 5808.85
11.494, 13063.8, 5809.21
11.495, 13064.7, 5809.58
11.496, 13065.7, 5809.94
11.497, 13066.6, 5810.3
11.498, 13067.5, 5810.66
11.499, 13068.5, 5811.02
11.5, 13069.4, 5811.38
11.501, 13070.3, 5811.75
11.502, 13071.3, 5812.11
11.503, 13072.2, 5812.47
11.504, 13073.1, 5812.83
11.505, 13074.1, 5813.19
11.506, 13075, 5813.55
11.507, 13076, 5813.92
11.508, 13076.9, 5814.28
11.509, 13077.8, 5814.64
11.51, 13078.8, 5815
11.511, 13079.7, 5815.36
11.512, 13080.6, 5815.72
11.513, 13081.6, 5816.09
11.514, 13082.5, 5816.45
11.515, 13083.4, 5816.81
11.516, 13084.4, 5817.17
11.517, 13085.3, 5817.53
11.518, 13086.2, 5817.89
11.519, 13087.2, 5818.26
11.52, 13088.1, 5818.62
11.521, 13089, 5818.98
11.522, 13090, 5819.34
11.523, 13090.9, 5819.7
11.524, 13091.8, 5820.06
11.525, 13092.8, 5820.42
11.526, 13093.7, 5820.79
11.527, 13094.6, 5821.15
11.528, 13095.6, 5821.51
11.529, 13096.5, 5821.87
11.53, 13097.5, 5822.23
11.531, 13098.4, 5822.59
11.532, 13099.3, 5822.95
11.533, 13100.3, 5823.31
11.534, 13101.2, 5823.68
11.535, 13102.1, 5824.04
11.536, 13103.1, 5824.4
11.537, 13104, 5824.76
11.538, 13104.9, 5825.12
11.539, 13105.9, 5825.48
11.54, 13106.8, 5825.84
11.541, 13107.7, 5826.2
11.542, 13108.7, 5826.56
11.543, 13109.6, 5826.93
11.544, 13110.5, 5827.29
11.545, 13111.5, 5827.65
11.546, 13112.4, 5828.01
11.547, 13113.3, 5828.37
11.548, 13114.3, 5828.73
11.549, 13115.2, 5829.09
11.55, 13116.1, 5829.45
11.551, 13117.1, 5829.81
11.552, 13118, 5830.17
11.553, 13118.9, 5830.53
11.554, 13119.9, 5830.9
11.555, 13120.8, 5831.26
11.556, 13121.7, 5831.62
11.557, 13122.7, 5831.98
11.558, 13123.6, 5832.34
11.559, 13124.5, 5832.7
11.56, 13125.5, 5833.06
11.561, 13126.4, 5833.42
11.562, 13127.3, 5833.78
11.563, 13128.3, 5834.14
11.564, 13129.2, 5834.5
11.565, 13130.1, 5834.86
11.566, 13131.1, 5835.22
11.567, 13132, 5835.58
11.568, 13132.9, 5835.95
11.569, 13133.9, 5836.31
11.57, 13134.8, 5836.67
11.571, 13135.7, 5837.03
11.572, 13136.7, 5837.39
11.573, 13137.6, 5837.75
11.574, 13138.6, 5838.11
11.575, 13139.5, 5838.47
11.576, 13140.4, 5838.83
11.577, 13141.4, 5839.19
11.578, 13142.3, 5839.55
11.579, 13143.2, 5839.91
11.58, 13144.2, 5840.27
11.581, 13145.1, 5840.63
11.582, 13146, 5840.99
11.583, 13147, 5841.35
11.584, 13147.9, 5841.71
11.585, 13148.8, 5842.07
11.586, 13149.8, 5842.43
11.587, 13150.7, 5842.79
11.588, 13151.6, 5843.15
11.589, 13152.6, 5843.51
11.59, 13153.5, 5843.87
11.591, 13154.4, 5844.23
11.592, 13155.4, 5844.59
11.593, 13156.3, 5844.95
11.594, 13157.2, 5845.31
11.595, 13158.2, 5845.67
11.596, 13159.1, 5846.03
11.597, 13160, 5846.39
11.598, 13161, 5846.75
11.599, 13161.9, 5847.11
11.6, 13162.8, 5847.47
11.601, 13163.8, 5847.83
11.602, 13164.7, 5848.19
11.603, 13165.6, 5848.55
11.604, 13166.5, 5848.91
11.605, 13167.5, 5849.27
11.606, 13168.4, 5849.63
11.607, 13169.3, 5849.99
11.608, 13170.3, 5850.35
11.609, 13171.2, 5850.71
11.61, 13172.1, 5851.07
11.611, 13173.1, 5851.43
11.612, 13174, 5851.79
11.613, 13174.9, 5852.15
11.614, 13175.9, 5852.51
11.615, 13176.8, 5852.87
11.616, 13177.7, 5853.23
11.617, 13178.7, 5853.59
11.618, 13179.6, 5853.95
11.619, 13180.5, 5854.31
11.62, 13181.5, 5854.67
11.621, 13182.4, 5855.03
11.622, 13183.3, 5855.39
11.623, 13184.3, 5855.75
11.624, 13185.2, 5856.11
11.625, 13186.1, 5856.47
11.626, 13187.1, 5856.83
11.627, 13188, 5857.19
11.628, 13188.9, 5857.55
11.629, 13189.9, 5857.91
11.63, 13190.8, 5858.27
11.631, 13191.7, 5858.63
11.632, 13192.7, 5858.98
11.633, 13193.6, 5859.34
11.634, 13194.5, 5859.7
11.635, 13195.5, 5860.06
11.636, 13196.4, 5860.42
11.637, 13197.3, 5860.78
11.638, 13198.3, 5861.14
11.639, 13199.2, 5861.5
11.64, 13200.1, 5861.86
11.641, 13201.1, 5862.22
11.642, 13202, 5862.58
11.643, 13202.9, 5862.94
11.644, 13203.9, 5863.3
11.645, 13204.8, 5863.66
11.646, 13205.7, 5864.01
11.647, 13206.6, 5864.37
11.648, 13207.6, 5864.73
11.649, 13208.5, 5865.09
11.65, 13209.4, 5865.45
11.651, 13210.4, 5865.81
11.652, 13211.3, 5866.17
11.653, 13212.2, 5866.53
11.654, 13213.2, 5866.89
11.655, 13214.1, 5867.25
11.656, 13215, 5867.61
11.657, 13216, 5867.96
11.658, 13216.9, 5868.32
11.659, 13217.8, 5868.68
11.66, 13218.8, 5869.04
11.661, 13219.7, 5869.4
11.662, 13220.6, 5869.76
11.663, 13221.6, 5870.12
11.664, 13222.5, 5870.48
11.665, 13223.4, 5870.84
11.666, 13224.4, 5871.19
11.667, 13225.3, 5871.55
11.668, 13226.2, 5871.91
11.669, 13227.1, 5872.27
11.67, 13228.1, 5872.63
11.671, 13229, 5872.99
11.672, 13229.9, 5873.35
11.673, 13230.9, 5873.71
11.674, 13231.8, 5874.06
11.675, 13232.7, 5874.42
11.676, 13233.7, 5874.78
11.677, 13234.6, 5875.14
11.678, 13235.5, 5875.5
11.679, 13236.5, 5875.86
11.68, 13237.4, 5876.22
11.681, 13238.3, 5876.57
11.682, 13239.3, 5876.93
11.683, 13240.2, 5877.29
11.684, 13241.1, 5877.65
11.685, 13242, 5878.01
11.686, 13243, 5878.37
11.687, 13243.9, 5878.72
11.688, 13244.8, 5879.08
11.689, 13245.8, 5879.44
11.69, 13246.7, 5879.8
11.691, 13247.6, 5880.16
11.692, 13248.6, 5880.52
11.693, 13249.5, 5880.87
11.694, 13250.4, 5881.23
11.695, 13251.4, 5881.59
11.696, 13252.3, 5881.95
11.697, 13253.2, 5882.31
11.698, 13254.2, 5882.67
11.699, 13255.1, 5883.02
11.7, 13256, 5883.38
11.701, 13256.9, 5883.74
11.702, 13257.9, 5884.1
11.703, 13258.8, 5884.46
11.704, 13259.7, 5884.82
11.705, 13260.7, 5885.17
11.706, 13261.6, 5885.53
11.707, 13262.5, 5885.89
11.708, 13263.5, 5886.25
11.709, 13264.4, 5886.61
11.71, 13265.3, 5886.96
11.711, 13266.3, 5887.32
11.712, 13267.2, 5887.68
11.713, 13268.1, 5888.04
11.714, 13269, 5888.4
11.715, 13270, 5888.75
11.716, 13270.9, 5889.11
11.717, 13271.8, 5889.47
11.718, 13272.8, 5889.83
11.719, 13273.7, 5890.18
11.72, 13274.6, 5890.54
11.721, 13275.6, 5890.9
11.722, 13276.5, 5891.26
11.723, 13277.4, 5891.62
11.724, 13278.3, 5891.97
11.725, 13279.3, 5892.33
11.726, 13280.2, 5892.69
11.727, 13281.1, 5893.05
11.728, 13282.1, 5893.4
11.729, 13283, 5893.76
11.73, 13283.9, 5894.12
11.731, 13284.9, 5894.48
11.732, 13285.8, 5894.84
11.733, 13286.7, 5895.19
11.734, 13287.7, 5895.55
11.735, 13288.6, 5895.91
11.736, 13289.5, 5896.27
11.737, 13290.4, 5896.62
11.738, 13291.4, 5896.98
11.739, 13292.3, 5897.34
11.74, 13293.2, 5897.7
11.741, 13294.2, 5898.05
11.742, 13295.1, 5898.41
11.743, 13296, 5898.77
11.744, 13297, 5899.13
11.745, 13297.9, 5899.48
11.746, 13298.8, 5899.84
11.747, 13299.7, 5900.2
11.748, 13300.7, 5900.55
11.749, 13301.6, 5900.91
11.75, 13302.5, 5901.27
11.751, 13303.5, 5901.63
11.752, 13304.4, 5901.98
11.753, 13305.3, 5902.34
11.754, 13306.3, 5902.7
11.755, 13307.2, 5903.06
11.756, 13308.1, 5903.41
11.757, 13309, 5903.77
11.758, 13310, 5904.13
11.759, 13310.9, 5904.48
11.76, 13311.8, 5904.84
11.761, 13312.8, 5905.2
11.762, 13313.7, 5905.56
11.763, 13314.6, 5905.91
11.764, 13315.5, 5906.27
11.765, 13316.5, 5906.63
11.766, 13317.4, 5906.98
11.767, 13318.3, 5907.34
11.768, 13319.3, 5907.7
11.769, 13320.2, 5908.05
11.77, 13321.1, 5908.41
11.771, 13322.1, 5908.77
11.772, 13323, 5909.12
11.773, 13323.9, 5909.48
11.774, 13324.8, 5909.84
11.775, 13325.8, 5910.2
11.776, 13326.7, 5910.55
11.777, 13327.6, 5910.91
11.778, 13328.6, 5911.27
11.779, 13329.5, 5911.62
11.78, 13330.4, 5911.98
11.781, 13331.3, 5912.34
11.782, 13332.3, 5912.69
11.783, 13333.2, 5913.05
11.784, 13334.1, 5913.41
11.785, 13335.1, 5913.76
11.786, 13336, 5914.12
11.787, 13336.9, 5914.48
11.788, 13337.8, 5914.83
11.789, 13338.8, 5915.19
11.79, 13339.7, 5915.55
11.791, 13340.6, 5915.9
11.792, 13341.6, 5916.26
11.793, 13342.5, 5916.62
11.794, 13343.4, 5916.97
11.795, 13344.4, 5917.33
11.796, 13345.3, 5917.68
11.797, 13346.2, 5918.04
11.798, 13347.1, 5918.4
11.799, 13348.1, 5918.75
11.8, 13349, 5919.11
11.801, 13349.9, 5919.47
11.802, 13350.9, 5919.82
11.803, 13351.8, 5920.18
11.804, 13352.7, 5920.54
11.805, 13353.6, 5920.89
11.806, 13354.6, 5921.25
11.807, 13355.5, 5921.6
11.808, 13356.4, 5921.96
11.809, 13357.4, 5922.32
11.81, 13358.3, 5922.67
11.811, 13359.2, 5923.03
11.812, 13360.1, 5923.39
11.813, 13361.1, 5923.74
11.814, 13362, 5924.1
11.815, 13362.9, 5924.45
11.816, 13363.9, 5924.81
11.817, 13364.8, 5925.17
11.818, 13365.7, 5925.52
11.819, 13366.6, 5925.88
11.82, 13367.6, 5926.23
11.821, 13368.5, 5926.59
11.822, 13369.4, 5926.95
11.823, 13370.4, 5927.3
11.824, 13371.3, 5927.66
11.825, 13372.2, 5928.01
11.826, 13373.1, 5928.37
11.827, 13374.1, 5928.73
11.828, 13375, 5929.08
11.829, 13375.9, 5929.44
11.83, 13376.8, 5929.79
11.831, 13377.8, 5930.15
11.832, 13378.7, 5930.51
11.833, 13379.6, 5930.86
11.834, 13380.6, 5931.22
11.835, 13381.5, 5931.57
11.836, 13382.4, 5931.93
11.837, 13383.3, 5932.28
11.838, 13384.3, 5932.64
11.839, 13385.2, 5933
11.84, 13386.1, 5933.35
11.841, 13387.1, 5933.71
11.842, 13388, 5934.06
11.843, 13388.9, 5934.42
11.844, 13389.8, 5934.77
11.845, 13390.8, 5935.13
11.846, 13391.7, 5935.48
11.847, 13392.6, 5935.84
11.848, 13393.6, 5936.2
11.849, 13394.5, 5936.55
11.85, 13395.4, 5936.91
11.851, 13396.3, 5937.26
11.852, 13397.3, 5937.62
11.853, 13398.2, 5937.97
11.854, 13399.1, 5938.33
11.855, 13400, 5938.68
11.856, 13401, 5939.04
11.857, 13401.9, 5939.39
11.858, 13402.8, 5939.75
11.859, 13403.8, 5940.11
11.86, 13404.7, 5940.46
11.861, 13405.6, 5940.82
11.862, 13406.5, 5941.17
11.863, 13407.5, 5941.53
11.864, 13408.4, 5941.88
11.865, 13409.3, 5942.24
11.866, 13410.2, 5942.59
11.867, 13411.2, 5942.95
11.868, 13412.1, 5943.3
11.869, 13413, 5943.66
11.87, 13414, 5944.01
11.871, 13414.9, 5944.37
11.872, 13415.8, 5944.72
11.873, 13416.7, 5945.08
11.874, 13417.7, 5945.43
11.875, 13418.6, 5945.79
11.876, 13419.5, 5946.14
11.877, 13420.4, 5946.5
11.878, 13421.4, 5946.85
11.879, 13422.3, 5947.21
11.88, 13423.2, 5947.56
11.881, 13424.2, 5947.92
11.882, 13425.1, 5948.27
11.883, 13426, 5948.63
11.884, 13426.9, 5948.98
11.885, 13427.9, 5949.34
11.886, 13428.8, 5949.69
11.887, 13429.7, 5950.05
11.888, 13430.6, 5950.4
11.889, 13431.6, 5950.76
11.89, 13432.5, 5951.11
11.891, 13433.4, 5951.47
11.892, 13434.4, 5951.82
11.893, 13435.3, 5952.18
11.894, 13436.2, 5952.53
11.895, 13437.1, 5952.89
11.896, 13438.1, 5953.24
11.897, 13439, 5953.59
11.898, 13439.9, 5953.95
11.899, 13440.8, 5954.3
11.9, 13441.8, 5954.66
11.901, 13442.7, 5955.01
11.902, 13443.6, 5955.37
11.903, 13444.5, 5955.72
11.904, 13445.5, 5956.08
11.905, 13446.4, 5956.43
11.906, 13447.3, 5956.79
11.907, 13448.3, 5957.14
11.908, 13449.2, 5957.49
11.909, 13450.1, 5957.85
11.91, 13451, 5958.2
11.911, 13452, 5958.56
11.912, 13452.9, 5958.91
11.913, 13453.8, 5959.27
11.914, 13454.7, 5959.62
11.915, 13455.7, 5959.98
11.916, 13456.6, 5960.33
11.917, 13457.5, 5960.68
11.918, 13458.4, 5961.04
11.919, 13459.4, 5961.39
11.92, 13460.3, 5961.75
11.921, 13461.2, 5962.1
11.922, 13462.1, 5962.46
11.923, 13463.1, 5962.81
11.924, 13464, 5963.16
11.925, 13464.9, 5963.52
11.926, 13465.9, 5963.87
11.927, 13466.8, 5964.23
11.928, 13467.7, 5964.58
11.929, 13468.6, 5964.93
11.93, 13469.6, 5965.29
11.931, 13470.5, 5965.64
11.932, 13471.4, 5966
11.933, 13472.3, 5966.35
11.934, 13473.3, 5966.7
11.935, 13474.2, 5967.06
11.936, 13475.1, 5967.41
11.937, 13476, 5967.77
11.938, 13477, 5968.12
11.939, 13477.9, 5968.47
11.94, 13478.8, 5968.83
11.941, 13479.7, 5969.18
11.942, 13480.7, 5969.54
11.943, 13481.6, 5969.89
11.944, 13482.5, 5970.24
11.945, 13483.4, 5970.6
11.946, 13484.4, 5970.95
11.947, 13485.3, 5971.3
11.948, 13486.2, 5971.66
11.949, 13487.1, 5972.01
11.95, 13488.1, 5972.37
11.951, 13489, 5972.72
11.952, 13489.9, 5973.07
11.953, 13490.8, 5973.43
11.954, 13491.8, 5973.78
11.955, 13492.7, 5974.13
11.956, 13493.6, 5974.49
11.957, 13494.6, 5974.84
11.958, 13495.5, 5975.19
11.959, 13496.4, 5975.55
11.96, 13497.3, 5975.9
11.961, 13498.3, 5976.26
11.962, 13499.2, 5976.61
11.963, 13500.1, 5976.96
11.964, 13501, 5977.32
11.965, 13502, 5977.67
11.966, 13502.9, 5978.02
11.967, 13503.8, 5978.38
11.968, 13504.7, 5978.73
11.969, 13505.7, 5979.08
11.97, 13506.6, 5979.44
11.971, 13507.5, 5979.79
11.972, 13508.4, 5980.14
11.973, 13509.4, 5980.5
11.974, 13510.3, 5980.85
11.975, 13511.2, 5981.2
11.976, 13512.1, 5981.56
11.977, 13513.1, 5981.91
11.978, 13514, 5982.26
11.979, 13514.9, 5982.62
11.98, 13515.8, 5982.97
11.981, 13516.8, 5983.32
11.982, 13517.7, 5983.67
11.983, 13518.6, 5984.03
11.984, 13519.5, 5984.38
11.985, 13520.5, 5984.73
11.986, 13521.4, 5985.09
11.987, 13522.3, 5985.44
11.988, 13523.2, 5985.79
11.989, 13524.2, 5986.15
11.99, 13525.1, 5986.5
11.991, 13526, 5986.85
11.992, 13526.9, 5987.2
11.993, 13527.9, 5987.56
11.994, 13528.8, 5987.91
11.995, 13529.7, 5988.26
11.996, 13530.6, 5988.62
11.997, 13531.6, 5988.97
11.998, 13532.5, 5989.32
11.999, 13533.4, 5989.68
12, 13534.3, 5990.03
12.001, 13535.2, 5990.38
12.002, 13536.2, 5990.73
12.003, 13537.1, 5991.09
12.004, 13538, 5991.44
12.005, 13538.9, 5991.79
12.006, 13539.9, 5992.14
12.007, 13540.8, 5992.5
12.008, 13541.7, 5992.85
12.009, 13542.6, 5993.2
12.01, 13543.6, 5993.56
12.011, 13544.5, 5993.91
12.012, 13545.4, 5994.26
12.013, 13546.3, 5994.61
12.014, 13547.3, 5994.97
12.015, 13548.2, 5995.32
12.016, 13549.1, 5995.67
12.017, 13550, 5996.02
12.018, 13551, 5996.38
12.019, 13551.9, 5996.73
12.02, 13552.8, 5997.08
12.021, 13553.7, 5997.43
12.022, 13554.7, 5997.79
12.023, 13555.6, 5998.14
12.024, 13556.5, 5998.49
12.025, 13557.4, 5998.84
12.026, 13558.4, 5999.19
12.027, 13559.3, 5999.55
12.028, 13560.2, 5999.9
12.029, 13561.1, 6000.25
12.03, 13562.1, 6000.6
12.031, 13563, 6000.96
12.032, 13563.9, 6001.31
12.033, 13564.8, 6001.66
12.034, 13565.7, 6002.01
12.035, 13566.7, 6002.37
12.036, 13567.6, 6002.72
12.037, 13568.5, 6003.07
12.038, 13569.4, 6003.42
12.039, 13570.4, 6003.77
12.04, 13571.3, 6004.13
12.041, 13572.2, 6004.48
12.042, 13573.1, 6004.83
12.043, 13574.1, 6005.18
12.044, 13575, 6005.53
12.045, 13575.9, 6005.89
12.046, 13576.8, 6006.24
12.047, 13577.8, 6006.59
12.048, 13578.7, 6006.94
12.049, 13579.6, 6007.29
12.05, 13580.5, 6007.65
12.051, 13581.4, 6008
12.052, 13582.4, 6008.35
12.053, 13583.3, 6008.7
12.054, 13584.2, 6009.05
12.055, 13585.1, 6009.41
12.056, 13586.1, 6009.76
12.057, 13587, 6010.11
12.058, 13587.9, 6010.46
12.059, 13588.8, 6010.81
12.06, 13589.8, 6011.16
12.061, 13590.7, 6011.52
12.062, 13591.6, 6011.87
12.063, 13592.5, 6012.22
12.064, 13593.5, 6012.57
12.065, 13594.4, 6012.92
12.066, 13595.3, 6013.27
12.067, 13596.2, 6013.63
12.068, 13597.1, 6013.98
12.069, 13598.1, 6014.33
12.07, 13599, 6014.68
12.071, 13599.9, 6015.03
12.072, 13600.8, 6015.38
12.073, 13601.8, 6015.74
12.074, 13602.7, 6016.09
12.075, 13603.6, 6016.44
12.076, 13604.5, 6016.79
12.077, 13605.5, 6017.14
12.078, 13606.4, 6017.49
12.079, 13607.3, 6017.84
12.08, 13608.2, 6018.2
12.081, 13609.1, 6018.55
12.082, 13610.1, 6018.9
12.083, 13611, 6019.25
12.084, 13611.9, 6019.6
12.085, 13612.8, 6019.95
12.086, 13613.8, 6020.3
12.087, 13614.7, 6020.65
12.088, 13615.6, 6021.01
12.089, 13616.5, 6021.36
12.09, 13617.4, 6021.71
12.091, 13618.4, 6022.06
12.092, 13619.3, 6022.41
12.093, 13620.2, 6022.76
12.094, 13621.1, 6023.11
12.095, 13622.1, 6023.46
12.096, 13623, 6023.82
12.097, 13623.9, 6024.17
12.098, 13624.8, 6024.52
12.099, 13625.8, 6024.87
12.1, 13626.7, 6025.22
12.101, 13627.6, 6025.57
12.102, 13628.5, 6025.92
12.103, 13629.4, 6026.27
12.104, 13630.4, 6026.62
12.105, 13631.3, 6026.97
12.106, 13632.2, 6027.33
12.107, 13633.1, 6027.68
12.108, 13634.1, 6028.03
12.109, 13635, 6028.38
12.11, 13635.9, 6028.73
12.111, 13636.8, 6029.08
12.112, 13637.7, 6029.43
12.113, 13638.7, 6029.78
12.114, 13639.6, 6030.13
12.115, 13640.5, 6030.48
12.116, 13641.4, 6030.83
12.117, 13642.4, 6031.18
12.118, 13643.3, 6031.54
12.119, 13644.2, 6031.89
12.12, 13645.1, 6032.24
12.121, 13646, 6032.59
12.122, 13647, 6032.94
12.123, 13647.9, 6033.29
12.124, 13648.8, 6033.64
12.125, 13649.7, 6033.99
12.126, 13650.7, 6034.34
12.127, 13651.6, 6034.69
12.128, 13652.5, 6035.04
12.129, 13653.4, 6035.39
12.13, 13654.3, 6035.74
12.131, 13655.3, 6036.09
12.132, 13656.2, 6036.44
12.133, 13657.1, 6036.79
12.134, 13658, 6037.14
12.135, 13658.9, 6037.49
12.136, 13659.9, 6037.85
12.137, 13660.8, 6038.2
12.138, 13661.7, 6038.55
12.139, 13662.6, 6038.9
12.14, 13663.6, 6039.25
12.141, 13664.5, 6039.6
12.142, 13665.4, 6039.95
12.143, 13666.3, 6040.3
12.144, 13667.2, 6040.65
12.145, 13668.2, 6041
12.146, 13669.1, 6041.35
12.147, 13670, 6041.7
12.148, 13670.9, 6042.05
12.149, 13671.9, 6042.4
12.15, 13672.8, 6042.75
12.151, 13673.7, 6043.1
12.152, 13674.6, 6043.45
12.153, 13675.5, 6043.8
12.154, 13676.5, 6044.15
12.155, 13677.4, 6044.5
12.156, 13678.3, 6044.85
12.157, 13679.2, 6045.2
12.158, 13680.1, 6045.55
12.159, 13681.1, 6045.9
12.16, 13682, 6046.25
12.161, 13682.9, 6046.6
12.162, 13683.8, 6046.95
12.163, 13684.7, 6047.3
12.164, 13685.7, 6047.65
12.165, 13686.6, 6048
12.166, 13687.5, 6048.35
12.167, 13688.4, 6048.7
12.168, 13689.4, 6049.05
12.169, 13690.3, 6049.4
12.17, 13691.2, 6049.75
12.171, 13692.1, 6050.1
12.172, 13693, 6050.45
12.173, 13694, 6050.8
12.174, 13694.9, 6051.15
12.175, 13695.8, 6051.5
12.176, 13696.7, 6051.85
12.177, 13697.6, 6052.2
12.178, 13698.6, 6052.55
12.179, 13699.5, 6052.9
12.18, 13700.4, 6053.25
12.181, 13701.3, 6053.6
12.182, 13702.2, 6053.94
12.183, 13703.2, 6054.29
12.184, 13704.1, 6054.64
12.185, 13705, 6054.99
12.186, 13705.9, 6055.34
12.187, 13706.9, 6055.69
12.188, 13707.8, 6056.04
12.189, 13708.7, 6056.39
12.19, 13709.6, 6056.74
12.191, 13710.5, 6057.09
12.192, 13711.5, 6057.44
12.193, 13712.4, 6057.79
12.194, 13713.3, 6058.14
12.195, 13714.2, 6058.49
12.196, 13715.1, 6058.84
12.197, 13716.1, 6059.19
12.198, 13717, 6059.54
12.199, 13717.9, 6059.88
12.2, 13718.8, 6060.23
12.201, 13719.7, 6060.58
12.202, 13720.7, 6060.93
12.203, 13721.6, 6061.28
12.204, 13722.5, 6061.63
12.205, 13723.4, 6061.98
12.206, 13724.3, 6062.33
12.207, 13725.3, 6062.68
12.208, 13726.2, 6063.03
12.209, 13727.1, 6063.38
12.21, 13728, 6063.73
12.211, 13728.9, 6064.08
12.212, 13729.9, 6064.42
12.213, 13730.8, 6064.77
12.214, 13731.7, 6065.12
12.215, 13732.6, 6065.47
12.216, 13733.5, 6065.82
12.217, 13734.5, 6066.17
12.218, 13735.4, 6066.52
12.219, 13736.3, 6066.87
12.22, 13737.2, 6067.22
12.221, 13738.1, 6067.56
12.222, 13739.1, 6067.91
12.223, 13740, 6068.26
12.224, 13740.9, 6068.61
12.225, 13741.8, 6068.96
12.226, 13742.7, 6069.31
12.227, 13743.7, 6069.66
12.228, 13744.6, 6070.01
12.229, 13745.5, 6070.36
12.23, 13746.4, 6070.7
12.231, 13747.3, 6071.05
12.232, 13748.3, 6071.4
12.233, 13749.2, 6071.75
12.234, 13750.1, 6072.1
12.235, 13751, 6072.45
12.236, 13751.9, 6072.8
12.237, 13752.9, 6073.15
12.238, 13753.8, 6073.49
12.239, 13754.7, 6073.84
12.24, 13755.6, 6074.19
12.241, 13756.5, 6074.54
12.242, 13757.5, 6074.89
12.243, 13758.4, 6075.24
12.244, 13759.3, 6075.58
12.245, 13760.2, 6075.93
12.246, 13761.1, 6076.28
12.247, 13762.1, 6076.63
12.248, 13763, 6076.98
12.249, 13763.9, 6077.33
12.25, 13764.8, 6077.68
12.251, 13765.7, 6078.02
12.252, 13766.7, 6078.37
12.253, 13767.6, 6078.72
12.254, 13768.5, 6079.07
12.255, 13769.4, 6079.42
12.256, 13770.3, 6079.77
12.257, 13771.2, 6080.11
12.258, 13772.2, 6080.46
12.259, 13773.1, 6080.81
12.26, 13774, 6081.16
12.261, 13774.9, 6081.51
12.262, 13775.8, 6081.85
12.263, 13776.8, 6082.2
12.264, 13777.7, 6082.55
12.265, 13778.6, 6082.9
12.266, 13779.5, 6083.25
12.267, 13780.4, 6083.6
12.268, 13781.4, 6083.94
12.269, 13782.3, 6084.29
12.27, 13783.2, 6084.64
12.271, 13784.1, 6084.99
12.272, 13785, 6085.34
12.273, 13786, 6085.68
12.274, 13786.9, 6086.03
12.275, 13787.8, 6086.38
12.276, 13788.7, 6086.73
12.277, 13789.6, 6087.08
12.278, 13790.5, 6087.42
12.279, 13791.5, 6087.77
12.28, 13792.4, 6088.12
12.281, 13793.3, 6088.47
12.282, 13794.2, 6088.82
12.283, 13795.1, 6089.16
12.284, 13796.1, 6089.51
12.285, 13797, 6089.86
12.286, 13797.9, 6090.21
12.287, 13798.8, 6090.55
12.288, 13799.7, 6090.9
12.289, 13800.7, 6091.25
12.29, 13801.6, 6091.6
12.291, 13802.5, 6091.94
12.292, 13803.4, 6092.29
12.293, 13804.3, 6092.64
12.294, 13805.2, 6092.99
12.295, 13806.2, 6093.34
12.296, 13807.1, 6093.68
12.297, 13808, 6094.03
12.298, 13808.9, 6094.38
12.299, 13809.8, 6094.73
12.3, 13810.8, 6095.07
12.301, 13811.7, 6095.42
12.302, 13812.6, 6095.77
12.303, 13813.5, 6096.12
12.304, 13814.4, 6096.46
12.305, 13815.3, 6096.81
12.306, 13816.3, 6097.16
12.307, 13817.2, 6097.51
12.308, 13818.1, 6097.85
12.309, 13819, 6098.2
12.31, 13819.9, 6098.55
12.311, 13820.9, 6098.89
12.312, 13821.8, 6099.24
12.313, 13822.7, 6099.59
12.314, 13823.6, 6099.94
12.315, 13824.5, 6100.28
12.316, 13825.4, 6100.63
12.317, 13826.4, 6100.98
12.318, 13827.3, 6101.33
12.319, 13828.2, 6101.67
12.32, 13829.1, 6102.02
12.321, 13830, 6102.37
12.322, 13831, 6102.71
12.323, 13831.9, 6103.06
12.324, 13832.8, 6103.41
12.325, 13833.7, 6103.76
12.326, 13834.6, 6104.1
12.327, 13835.5, 6104.45
12.328, 13836.5, 6104.8
12.329, 13837.4, 6105.14
12.33, 13838.3, 6105.49
12.331, 13839.2, 6105.84
12.332, 13840.1, 6106.18
12.333, 13841.1, 6106.53
12.334, 13842, 6106.88
12.335, 13842.9, 6107.23
12.336, 13843.8, 6107.57
12.337, 13844.7, 6107.92
12.338, 13845.6, 6108.27
12.339, 13846.6, 6108.61
12.34, 13847.5, 6108.96
12.341, 13848.4, 6109.31
12.342, 13849.3, 6109.65
12.343, 13850.2, 6110
12.344, 13851.1, 6110.35
12.345, 13852.1, 6110.69
12.346, 13853, 6111.04
12.347, 13853.9, 6111.39
12.348, 13854.8, 6111.73
12.349, 13855.7, 6112.08
12.35, 13856.6, 6112.43
12.351, 13857.6, 6112.77
12.352, 13858.5, 6113.12
12.353, 13859.4, 6113.47
12.354, 13860.3, 6113.81
12.355, 13861.2, 6114.16
12.356, 13862.2, 6114.51
12.357, 13863.1, 6114.85
12.358, 13864, 6115.2
12.359, 13864.9, 6115.55
12.36, 13865.8, 6115.89
12.361, 13866.7, 6116.24
12.362, 13867.7, 6116.59
12.363, 13868.6, 6116.93
12.364, 13869.5, 6117.28
12.365, 13870.4, 6117.62
12.366, 13871.3, 6117.97
12.367, 13872.2, 6118.32
12.368, 13873.2, 6118.66
12.369, 13874.1, 6119.01
12.37, 13875, 6119.36
12.371, 13875.9, 6119.7
12.372, 13876.8, 6120.05
12.373, 13877.7, 6120.39
12.374, 13878.7, 6120.74
12.375, 13879.6, 6121.09
12.376, 13880.5, 6121.43
12.377, 13881.4, 6121.78
12.378, 13882.3, 6122.13
12.379, 13883.2, 6122.47
12.38, 13884.2, 6122.82
12.381, 13885.1, 6123.16
12.382, 13886, 6123.51
12.383, 13886.9, 6123.86
12.384, 13887.8, 6124.2
12.385, 13888.7, 6124.55
12.386, 13889.7, 6124.89
12.387, 13890.6, 6125.24
12.388, 13891.5, 6125.59
12.389, 13892.4, 6125.93
12.39, 13893.3, 6126.28
12.391, 13894.2, 6126.62
12.392, 13895.2, 6126.97
12.393, 13896.1, 6127.32
12.394, 13897, 6127.66
12.395, 13897.9, 6128.01
12.396, 13898.8, 6128.35
12.397, 13899.7, 6128.7
12.398, 13900.7, 6129.05
12.399, 13901.6, 6129.39
12.4, 13902.5, 6129.74
12.401, 13903.4, 6130.08
12.402, 13904.3, 6130.43
12.403, 13905.2, 6130.77
12.404, 13906.2, 6131.12
12.405, 13907.1, 6131.47
12.406, 13908, 6131.81
12.407, 13908.9, 6132.16
12.408, 13909.8, 6132.5
12.409, 13910.7, 6132.85
12.41, 13911.7, 6133.19
12.411, 13912.6, 6133.54
12.412, 13913.5, 6133.88
12.413, 13914.4, 6134.23
12.414, 13915.3, 6134.58
12.415, 13916.2, 6134.92
12.416, 13917.1, 6135.27
12.417, 13918.1, 6135.61
12.418, 13919, 6135.96
12.419, 13919.9, 6136.3
12.42, 13920.8, 6136.65
12.421, 13921.7, 6136.99
12.422, 13922.6, 6137.34
12.423, 13923.6, 6137.68
12.424, 13924.5, 6138.03
12.425, 13925.4, 6138.38
12.426, 13926.3, 6138.72
12.427, 13927.2, 6139.07
12.428, 13928.1, 6139.41
12.429, 13929.1, 6139.76
12.43, 13930, 6140.1
12.431, 13930.9, 6140.45
12.432, 13931.8, 6140.79
12.433, 13932.7, 6141.14
12.434, 13933.6, 6141.48
12.435, 13934.5, 6141.83
12.436, 13935.5, 6142.17
12.437, 13936.4, 6142.52
12.438, 13937.3, 6142.86
12.439, 13938.2, 6143.21
12.44, 13939.1, 6143.55
12.441, 13940, 6143.9
12.442, 13941, 6144.24
12.443, 13941.9, 6144.59
12.444, 13942.8, 6144.93
12.445, 13943.7, 6145.28
12.446, 13944.6, 6145.62
12.447, 13945.5, 6145.97
12.448, 13946.5, 6146.31
12.449, 13947.4, 6146.66
12.45, 13948.3, 6147
12.451, 13949.2, 6147.35
12.452, 13950.1, 6147.69
12.453, 13951, 6148.04
12.454, 13951.9, 6148.38
12.455, 13952.9, 6148.73
12.456, 13953.8, 6149.07
12.457, 13954.7, 6149.42
12.458, 13955.6, 6149.76
12.459, 13956.5, 6150.11
12.46, 13957.4, 6150.45
12.461, 13958.3, 6150.8
12.462, 13959.3, 6151.14
12.463, 13960.2, 6151.49
12.464, 13961.1, 6151.83
12.465, 13962, 6152.17
12.466, 13962.9, 6152.52
12.467, 13963.8, 6152.86
12.468, 13964.8, 6153.21
12.469, 13965.7, 6153.55
12.47, 13966.6, 6153.9
12.471, 13967.5, 6154.24
12.472, 13968.4, 6154.59
12.473, 13969.3, 6154.93
12.474, 13970.2, 6155.28
12.475, 13971.2, 6155.62
12.476, 13972.1, 6155.96
12.477, 13973, 6156.31
12.478, 13973.9, 6156.65
12.479, 13974.8, 6157
12.48, 13975.7, 6157.34
12.481, 13976.6, 6157.69
12.482, 13977.6, 6158.03
12.483, 13978.5, 6158.38
12.484, 13979.4, 6158.72
12.485, 13980.3, 6159.06
12.486, 13981.2, 6159.41
12.487, 13982.1, 6159.75
12.488, 13983, 6160.1
12.489, 13984, 6160.44
12.49, 13984.9, 6160.79
12.491, 13985.8, 6161.13
12.492, 13986.7, 6161.47
12.493, 13987.6, 6161.82
12.494, 13988.5, 6162.16
12.495, 13989.5, 6162.51
12.496, 13990.4, 6162.85
12.497, 13991.3, 6163.19
12.498, 13992.2, 6163.54
12.499, 13993.1, 6163.88
12.5, 13994, 6164.23
12.501, 13994.9, 6164.57
12.502, 13995.9, 6164.91
12.503, 13996.8, 6165.26
12.504, 13997.7, 6165.6
12.505, 13998.6, 6165.95
12.506, 13999.5, 6166.29
12.507, 14000.4, 6166.63
12.508, 14001.3, 6166.98
12.509, 14002.3, 6167.32
12.51, 14003.2, 6167.67
12.511, 14004.1, 6168.01
12.512, 14005, 6168.35
12.513, 14005.9, 6168.7
12.514, 14006.8, 6169.04
12.515, 14007.7, 6169.38
12.516, 14008.6, 6169.73
12.517, 14009.6, 6170.07
12.518, 14010.5, 6170.42
12.519, 14011.4, 6170.76
12.52, 14012.3, 6171.1
12.521, 14013.2, 6171.45
12.522, 14014.1, 6171.79
12.523, 14015, 6172.13
12.524, 14016, 6172.48
12.525, 14016.9, 6172.82
12.526, 14017.8, 6173.17
12.527, 14018.7, 6173.51
12.528, 14019.6, 6173.85
12.529, 14020.5, 6174.2
12.53, 14021.4, 6174.54
12.531, 14022.4, 6174.88
12.532, 14023.3, 6175.23
12.533, 14024.2, 6175.57
12.534, 14025.1, 6175.91
12.535, 14026, 6176.26
12.536, 14026.9, 6176.6
12.537, 14027.8, 6176.94
12.538, 14028.8, 6177.29
12.539, 14029.7, 6177.63
12.54, 14030.6, 6177.97
12.541, 14031.5, 6178.32
12.542, 14032.4, 6178.66
12.543, 14033.3, 6179
12.544, 14034.2, 6179.35
12.545, 14035.1, 6179.69
12.546, 14036.1, 6180.03
12.547, 14037, 6180.38
12.548, 14037.9, 6180.72
12.549, 14038.8, 6181.06
12.55, 14039.7, 6181.41
12.551, 14040.6, 6181.75
12.552, 14041.5, 6182.09
12.553, 14042.5, 6182.44
12.554, 14043.4, 6182.78
12.555, 14044.3, 6183.12
12.556, 14045.2, 6183.46
12.557, 14046.1, 6183.81
12.558, 14047, 6184.15
12.559, 14047.9, 6184.49
12.56, 14048.8, 6184.84
12.561, 14049.8, 6185.18
12.562, 14050.7, 6185.52
12.563, 14051.6, 6185.87
12.564, 14052.5, 6186.21
12.565, 14053.4, 6186.55
12.566, 14054.3, 6186.89
12.567, 14055.2, 6187.24
12.568, 14056.1, 6187.58
12.569, 14057.1, 6187.92
12.57, 14058, 6188.27
12.571, 14058.9, 6188.61
12.572, 14059.8, 6188.95
12.573, 14060.7, 6189.29
12.574, 14061.6, 6189.64
12.575, 14062.5, 6189.98
12.576, 14063.5, 6190.32
12.577, 14064.4, 6190.67
12.578, 14065.3, 6191.01
12.579, 14066.2, 6191.35
12.58, 14067.1, 6191.69
12.581, 14068, 6192.04
12.582, 14068.9, 6192.38
12.583, 14069.8, 6192.72
12.584, 14070.8, 6193.06
12.585, 14071.7, 6193.41
12.586, 14072.6, 6193.75
12.587, 14073.5, 6194.09
12.588, 14074.4, 6194.43
12.589, 14075.3, 6194.78
12.59, 14076.2, 6195.12
12.591, 14077.1, 6195.46
12.592, 14078.1, 6195.8
12.593, 14079, 6196.15
12.594, 14079.9, 6196.49
12.595, 14080.8, 6196.83
12.596, 14081.7, 6197.17
12.597, 14082.6, 6197.52
12.598, 14083.5, 6197.86
12.599, 14084.4, 6198.2
12.6, 14085.4, 6198.54
12.601, 14086.3, 6198.88
12.602, 14087.2, 6199.23
12.603, 14088.1, 6199.57
12.604, 14089, 6199.91
12.605, 14089.9, 6200.25
12.606, 14090.8, 6200.6
12.607, 14091.7, 6200.94
12.608, 14092.7, 6201.28
12.609, 14093.6, 6201.62
12.61, 14094.5, 6201.96
12.611, 14095.4, 6202.31
12.612, 14096.3, 6202.65
12.613, 14097.2, 6202.99
12.614, 14098.1, 6203.33
12.615, 14099, 6203.68
12.616, 14099.9, 6204.02
12.617, 14100.9, 6204.36
12.618, 14101.8, 6204.7
12.619, 14102.7, 6205.04
12.62, 14103.6, 6205.39
12.621, 14104.5, 6205.73
12.622, 14105.4, 6206.07
12.623, 14106.3, 6206.41
12.624, 14107.2, 6206.75
12.625, 14108.2, 6207.09
12.626, 14109.1, 6207.44
12.627, 14110, 6207.78
12.628, 14110.9, 6208.12
12.629, 14111.8, 6208.46
12.63, 14112.7, 6208.8
12.631, 14113.6, 6209.15
12.632, 14114.5, 6209.49
12.633, 14115.5, 6209.83
12.634, 14116.4, 6210.17
12.635, 14117.3, 6210.51
12.636, 14118.2, 6210.85
12.637, 14119.1, 6211.2
12.638, 14120, 6211.54
12.639, 14120.9, 6211.88
12.64, 14121.8, 6212.22
12.641, 14122.7, 6212.56
12.642, 14123.7, 6212.9
12.643, 14124.6, 6213.25
12.644, 14125.5, 6213.59
12.645, 14126.4, 6213.93
12.646, 14127.3, 6214.27
12.647, 14128.2, 6214.61
12.648, 14129.1, 6214.95
12.649, 14130, 6215.29
12.65, 14130.9, 6215.64
12.651, 14131.9, 6215.98
12.652, 14132.8, 6216.32
12.653, 14133.7, 6216.66
12.654, 14134.6, 6217
12.655, 14135.5, 6217.34
12.656, 14136.4, 6217.68
12.657, 14137.3, 6218.03
12.658, 14138.2, 6218.37
12.659, 14139.1, 6218.71
12.66, 14140.1, 6219.05
12.661, 14141, 6219.39
12.662, 14141.9, 6219.73
12.663, 14142.8, 6220.07
12.664, 14143.7, 6220.41
12.665, 14144.6, 6220.76
12.666, 14145.5, 6221.1
12.667, 14146.4, 6221.44
12.668, 14147.3, 6221.78
12.669, 14148.3, 6222.12
12.67, 14149.2, 6222.46
12.671, 14150.1, 6222.8
12.672, 14151, 6223.14
12.673, 14151.9, 6223.48
12.674, 14152.8, 6223.83
12.675, 14153.7, 6224.17
12.676, 14154.6, 6224.51
12.677, 14155.5, 6224.85
12.678, 14156.5, 6225.19
12.679, 14157.4, 6225.53
12.68, 14158.3, 6225.87
12.681, 14159.2, 6226.21
12.682, 14160.1, 6226.55
12.683, 14161, 6226.89
12.684, 14161.9, 6227.23
12.685, 14162.8, 6227.58
12.686, 14163.7, 6227.92
12.687, 14164.7, 6228.26
12.688, 14165.6, 6228.6
12.689, 14166.5, 6228.94
12.69, 14167.4, 6229.28
12.691, 14168.3, 6229.62
12.692, 14169.2, 6229.96
12.693, 14170.1, 6230.3
12.694, 14171, 6230.64
12.695, 14171.9, 6230.98
12.696, 14172.8, 6231.32
12.697, 14173.8, 6231.66
12.698, 14174.7, 6232.01
12.699, 14175.6, 6232.35
12.7, 14176.5, 6232.69
12.701, 14177.4, 6233.03
12.702, 14178.3, 6233.37
12.703, 14179.2, 6233.71
12.704, 14180.1, 6234.05
12.705, 14181, 6234.39
12.706, 14182, 6234.73
12.707, 14182.9, 6235.07
12.708, 14183.8, 6235.41
12.709, 14184.7, 6235.75
12.71, 14185.6, 6236.09
12.711, 14186.5, 6236.43
12.712, 14187.4, 6236.77
12.713, 14188.3, 6237.11
12.714, 14189.2, 6237.45
12.715, 14190.1, 6237.79
12.716, 14191.1, 6238.13
12.717, 14192, 6238.47
12.718, 14192.9, 6238.81
12.719, 14193.8, 6239.15
12.72, 14194.7, 6239.49
12.721, 14195.6, 6239.83
12.722, 14196.5, 6240.17
12.723, 14197.4, 6240.52
12.724, 14198.3, 6240.86
12.725, 14199.2, 6241.2
12.726, 14200.2, 6241.54
12.727, 14201.1, 6241.88
12.728, 14202, 6242.22
12.729, 14202.9, 6242.56
12.73, 14203.8, 6242.9
12.731, 14204.7, 6243.24
12.732, 14205.6, 6243.58
12.733, 14206.5, 6243.92
12.734, 14207.4, 6244.26
12.735, 14208.3, 6244.6
12.736, 14209.2, 6244.94
12.737, 14210.2, 6245.28
12.738, 14211.1, 6245.62
12.739, 14212, 6245.96
12.74, 14212.9, 6246.3
12.741, 14213.8, 6246.64
12.742, 14214.7, 6246.98
12.743, 14215.6, 6247.32
12.744, 14216.5, 6247.66
12.745, 14217.4, 6247.99
12.746, 14218.3, 6248.33
12.747, 14219.3, 6248.67
12.748, 14220.2, 6249.01
12.749, 14221.1, 6249.35
12.75, 14222, 6249.69
12.751, 14222.9, 6250.03
12.752, 14223.8, 6250.37
12.753, 14224.7, 6250.71
12.754, 14225.6, 6251.05
12.755, 14226.5, 6251.39
12.756, 14227.4, 6251.73
12.757, 14228.3, 6252.07
12.758, 14229.3, 6252.41
12.759, 14230.2, 6252.75
12.76, 14231.1, 6253.09
12.761, 14232, 6253.43
12.762, 14232.9, 6253.77
12.763, 14233.8, 6254.11
12.764, 14234.7, 6254.45
12.765, 14235.6, 6254.79
12.766, 14236.5, 6255.13
12.767, 14237.4, 6255.47
12.768, 14238.3, 6255.81
12.769, 14239.3, 6256.15
12.77, 14240.2, 6256.48
12.771, 14241.1, 6256.82
12.772, 14242, 6257.16
12.773, 14242.9, 6257.5
12.774, 14243.8, 6257.84
12.775, 14244.7, 6258.18
12.776, 14245.6, 6258.52
12.777, 14246.5, 6258.86
12.778, 14247.4, 6259.2
12.779, 14248.3, 6259.54
12.78, 14249.3, 6259.88
12.781, 14250.2, 6260.22
12.782, 14251.1, 6260.56
12.783, 14252, 6260.9
12.784, 14252.9, 6261.23
12.785, 14253.8, 6261.57
12.786, 14254.7, 6261.91
12.787, 14255.6, 6262.25
12.788, 14256.5, 6262.59
12.789, 14257.4, 6262.93
12.79, 14258.3, 6263.27
12.791, 14259.2, 6263.61
12.792, 14260.2, 6263.95
12.793, 14261.1, 6264.29
12.794, 14262, 6264.62
12.795, 14262.9, 6264.96
12.796, 14263.8, 6265.3
12.797, 14264.7, 6265.64
12.798, 14265.6, 6265.98
12.799, 14266.5, 6266.32
12.8, 14267.4, 6266.66
12.801, 14268.3, 6267
12.802, 14269.2, 6267.34
12.803, 14270.2, 6267.67
12.804, 14271.1, 6268.01
12.805, 14272, 6268.35
12.806, 14272.9, 6268.69
12.807, 14273.8, 6269.03
12.808, 14274.7, 6269.37
12.809, 14275.6, 6269.71
12.81, 14276.5, 6270.05
12.811, 14277.4, 6270.38
12.812, 14278.3, 6270.72
12.813, 14279.2, 6271.06
12.814, 14280.1, 6271.4
12.815, 14281.1, 6271.74
12.816, 14282, 6272.08
12.817, 14282.9, 6272.42
12.818, 14283.8, 6272.76
12.819, 14284.7, 6273.09
12.82, 14285.6, 6273.43
12.821, 14286.5, 6273.77
12.822, 14287.4, 6274.11
12.823, 14288.3, 6274.45
12.824, 14289.2, 6274.79
12.825, 14290.1, 6275.12
12.826, 14291, 6275.46
12.827, 14291.9, 6275.8
12.828, 14292.9, 6276.14
12.829, 14293.8, 6276.48
12.83, 14294.7, 6276.82
12.831, 14295.6, 6277.16
12.832, 14296.5, 6277.49
12.833, 14297.4, 6277.83
12.834, 14298.3, 6278.17
12.835, 14299.2, 6278.51
12.836, 14300.1, 6278.85
12.837, 14301, 6279.18
12.838, 14301.9, 6279.52
12.839, 14302.8, 6279.86
12.84, 14303.7, 6280.2
12.841, 14304.7, 6280.54
12.842, 14305.6, 6280.88
12.843, 14306.5, 6281.21
12.844, 14307.4, 6281.55
12.845, 14308.3, 6281.89
12.846, 14309.2, 6282.23
12.847, 14310.1, 6282.57
12.848, 14311, 6282.9
12.849, 14311.9, 6283.24
12.85, 14312.8, 6283.58
12.851, 14313.7, 6283.92
12.852, 14314.6, 6284.26
12.853, 14315.5, 6284.59
12.854, 14316.5, 6284.93
12.855, 14317.4, 6285.27
12.856, 14318.3, 6285.61
12.857, 14319.2, 6285.95
12.858, 14320.1, 6286.28
12.859, 14321, 6286.62
12.86, 14321.9, 6286.96
12.861, 14322.8, 6287.3
12.862, 14323.7, 6287.64
12.863, 14324.6, 6287.97
12.864, 14325.5, 6288.31
12.865, 14326.4, 6288.65
12.866, 14327.3, 6288.99
12.867, 14328.2, 6289.32
12.868, 14329.2, 6289.66
12.869, 14330.1, 6290
12.87, 14331, 6290.34
12.871, 14331.9, 6290.67
12.872, 14332.8, 6291.01
12.873, 14333.7, 6291.35
12.874, 14334.6, 6291.69
12.875, 14335.5, 6292.03
12.876, 14336.4, 6292.36
12.877, 14337.3, 6292.7
12.878, 14338.2, 6293.04
12.879, 14339.1, 6293.38
12.88, 14340, 6293.71
12.881, 14340.9, 6294.05
12.882, 14341.8, 6294.39
12.883, 14342.8, 6294.73
12.884, 14343.7, 6295.06
12.885, 14344.6, 6295.4
12.886, 14345.5, 6295.74
12.887, 14346.4, 6296.08
12.888, 14347.3, 6296.41
12.889, 14348.2, 6296.75
12.89, 14349.1, 6297.09
12.891, 14350, 6297.42
12.892, 14350.9, 6297.76
12.893, 14351.8, 6298.1
12.894, 14352.7, 6298.44
12.895, 14353.6, 6298.77
12.896, 14354.5, 6299.11
12.897, 14355.4, 6299.45
12.898, 14356.4, 6299.79
12.899, 14357.3, 6300.12
12.9, 14358.2, 6300.46
12.901, 14359.1, 6300.8
12.902, 14360, 6301.13
12.903, 14360.9, 6301.47
12.904, 14361.8, 6301.81
12.905, 14362.7, 6302.15
12.906, 14363.6, 6302.48
12.907, 14364.5, 6302.82
12.908, 14365.4, 6303.16
12.909, 14366.3, 6303.49
12.91, 14367.2, 6303.83
12.911, 14368.1, 6304.17
12.912, 14369, 6304.5
12.913, 14370, 6304.84
12.914, 14370.9, 6305.18
12.915, 14371.8, 6305.52
12.916, 14372.7, 6305.85
12.917, 14373.6, 6306.19
12.918, 14374.5, 6306.53
12.919, 14375.4, 6306.86
12.92, 14376.3, 6307.2
12.921, 14377.2, 6307.54
12.922, 14378.1, 6307.87
12.923, 14379, 6308.21
12.924, 14379.9, 6308.55
12.925, 14380.8, 6308.88
12.926, 14381.7, 6309.22
12.927, 14382.6, 6309.56
12.928, 14383.5, 6309.89
12.929, 14384.4, 6310.23
12.93, 14385.4, 6310.57
12.931, 14386.3, 6310.9
12.932, 14387.2, 6311.24
12.933, 14388.1, 6311.58
12.934, 14389, 6311.91
12.935, 14389.9, 6312.25
12.936, 14390.8, 6312.59
12.937, 14391.7, 6312.92
12.938, 14392.6, 6313.26
12.939, 14393.5, 6313.6
12.94, 14394.4, 6313.93
12.941, 14395.3, 6314.27
12.942, 14396.2, 6314.61
12.943, 14397.1, 6314.94
12.944, 14398, 6315.28
12.945, 14398.9, 6315.61
12.946, 14399.8, 6315.95
12.947, 14400.8, 6316.29
12.948, 14401.7, 6316.62
12.949, 14402.6, 6316.96
12.95, 14403.5, 6317.3
12.951, 14404.4, 6317.63
12.952, 14405.3, 6317.97
12.953, 14406.2, 6318.31
12.954, 14407.1, 6318.64
12.955, 14408, 6318.98
12.956, 14408.9, 6319.31
12.957, 14409.8, 6319.65
12.958, 14410.7, 6319.99
12.959, 14411.6, 6320.32
12.96, 14412.5, 6320.66
12.961, 14413.4, 6321
12.962, 14414.3, 6321.33
12.963, 14415.2, 6321.67
12.964, 14416.1, 6322
12.965, 14417, 6322.34
12.966, 14418, 6322.68
12.967, 14418.9, 6323.01
12.968, 14419.8, 6323.35
12.969, 14420.7, 6323.68
12.97, 14421.6, 6324.02
12.971, 14422.5, 6324.36
12.972, 14423.4, 6324.69
12.973, 14424.3, 6325.03
12.974, 14425.2, 6325.36
12.975, 14426.1, 6325.7
12.976, 14427, 6326.04
12.977, 14427.9, 6326.37
12.978, 14428.8, 6326.71
12.979, 14429.7, 6327.04
12.98, 14430.6, 6327.38
12.981, 14431.5, 6327.71
12.982, 14432.4, 6328.05
12.983, 14433.3, 6328.39
12.984, 14434.2, 6328.72
12.985, 14435.1, 6329.06
12.986, 14436.1, 6329.39
12.987, 14437, 6329.73
12.988, 14437.9, 6330.06
12.989, 14438.8, 6330.4
12.99, 14439.7, 6330.74
12.991, 14440.6, 6331.07
12.992, 14441.5, 6331.41
12.993, 14442.4, 6331.74
12.994, 14443.3, 6332.08
12.995, 14444.2, 6332.41
12.996, 14445.1, 6332.75
12.997, 14446, 6333.08
12.998, 14446.9, 6333.42
12.999, 14447.8, 6333.76
13, 14448.7, 6334.09
13.001, 14449.6, 6334.43
13.002, 14450.5, 6334.76
13.003, 14451.4, 6335.1
13.004, 14452.3, 6335.43
13.005, 14453.2, 6335.77
13.006, 14454.1, 6336.1
13.007, 14455, 6336.44
13.008, 14456, 6336.77
13.009, 14456.9, 6337.11
13.01, 14457.8, 6337.44
13.011, 14458.7, 6337.78
13.012, 14459.6, 6338.12
13.013, 14460.5, 6338.45
13.014, 14461.4, 6338.79
13.015, 14462.3, 6339.12
13.016, 14463.2, 6339.46
13.017, 14464.1, 6339.79
13.018, 14465, 6340.13
13.019, 14465.9, 6340.46
13.02, 14466.8, 6340.8
13.021, 14467.7, 6341.13
13.022, 14468.6, 6341.47
13.023, 14469.5, 6341.8
13.024, 14470.4, 6342.14
13.025, 14471.3, 6342.47
13.026, 14472.2, 6342.81
13.027, 14473.1, 6343.14
13.028, 14474, 6343.48
13.029, 14474.9, 6343.81
13.03, 14475.8, 6344.15
13.031, 14476.7, 6344.48
13.032, 14477.7, 6344.82
13.033, 14478.6, 6345.15
13.034, 14479.5, 6345.49
13.035, 14480.4, 6345.82
13.036, 14481.3, 6346.16
13.037, 14482.2, 6346.49
13.038, 14483.1, 6346.83
13.039, 14484, 6347.16
13.04, 14484.9, 6347.5
13.041, 14485.8, 6347.83
13.042, 14486.7, 6348.17
13.043, 14487.6, 6348.5
13.044, 14488.5, 6348.84
13.045, 14489.4, 6349.17
13.046, 14490.3, 6349.5
13.047, 14491.2, 6349.84
13.048, 14492.1, 6350.17
13.049, 14493, 6350.51
13.05, 14493.9, 6350.84
13.051, 14494.8, 6351.18
13.052, 14495.7, 6351.51
13.053, 14496.6, 6351.85
13.054, 14497.5, 6352.18
13.055, 14498.4, 6352.52
13.056, 14499.3, 6352.85
13.057, 14500.2, 6353.19
13.058, 14501.1, 6353.52
13.059, 14502.1, 6353.85
13.06, 14503, 6354.19
13.061, 14503.9, 6354.52
13.062, 14504.8, 6354.86
13.063, 14505.7, 6355.19
13.064, 14506.6, 6355.53
13.065, 14507.5, 6355.86
13.066, 14508.4, 6356.2
13.067, 14509.3, 6356.53
13.068, 14510.2, 6356.86
13.069, 14511.1, 6357.2
13.07, 14512, 6357.53
13.071, 14512.9, 6357.87
13.072, 14513.8, 6358.2
13.073, 14514.7, 6358.54
13.074, 14515.6, 6358.87
13.075, 14516.5, 6359.2
13.076, 14517.4, 6359.54
13.077, 14518.3, 6359.87
13.078, 14519.2, 6360.21
13.079, 14520.1, 6360.54
13.08, 14521, 6360.87
13.081, 14521.9, 6361.21
13.082, 14522.8, 6361.54
13.083, 14523.7, 6361.88
13.084, 14524.6, 6362.21
13.085, 14525.5, 6362.54
13.086, 14526.4, 6362.88
13.087, 14527.3, 6363.21
13.088, 14528.2, 6363.55
13.089, 14529.1, 6363.88
13.09, 14530, 6364.21
13.091, 14531, 6364.55
13.092, 14531.9, 6364.88
13.093, 14532.8, 6365.22
13.094, 14533.7, 6365.55
13.095, 14534.6, 6365.88
13.096, 14535.5, 6366.22
13.097, 14536.4, 6366.55
13.098, 14537.3, 6366.89
13.099, 14538.2, 6367.22
13.1, 14539.1, 6367.55
13.101, 14540, 6367.89
13.102, 14540.9, 6368.22
13.103, 14541.8, 6368.55
13.104, 14542.7, 6368.89
13.105, 14543.6, 6369.22
13.106, 14544.5, 6369.56
13.107, 14545.4, 6369.89
13.108, 14546.3, 6370.22
13.109, 14547.2, 6370.56
13.11, 14548.1, 6370.89
13.111, 14549, 6371.22
13.112, 14549.9, 6371.56
13.113, 14550.8, 6371.89
13.114, 14551.7, 6372.22
13.115, 14552.6, 6372.56
13.116, 14553.5, 6372.89
13.117, 14554.4, 6373.23
13.118, 14555.3, 6373.56
13.119, 14556.2, 6373.89
13.12, 14557.1, 6374.23
13.121, 14558, 6374.56
13.122, 14558.9, 6374.89
13.123, 14559.8, 6375.23
13.124, 14560.7, 6375.56
13.125, 14561.6, 6375.89
13.126, 14562.5, 6376.23
13.127, 14563.4, 6376.56
13.128, 14564.3, 6376.89
13.129, 14565.2, 6377.23
13.13, 14566.1, 6377.56
13.131, 14567, 6377.89
13.132, 14567.9, 6378.23
13.133, 14568.9, 6378.56
13.134, 14569.8, 6378.89
13.135, 14570.7, 6379.23
13.136, 14571.6, 6379.56
13.137, 14572.5, 6379.89
13.138, 14573.4, 6380.22
13.139, 14574.3, 6380.56
13.14, 14575.2, 6380.89
13.141, 14576.1, 6381.22
13.142, 14577, 6381.56
13.143, 14577.9, 6381.89
13.144, 14578.8, 6382.22
13.145, 14579.7, 6382.56
13.146, 14580.6, 6382.89
13.147, 14581.5, 6383.22
13.148, 14582.4, 6383.56
13.149, 14583.3, 6383.89
13.15, 14584.2, 6384.22
13.151, 14585.1, 6384.55
13.152, 14586, 6384.89
13.153, 14586.9, 6385.22
13.154, 14587.8, 6385.55
13.155, 14588.7, 6385.89
13.156, 14589.6, 6386.22
13.157, 14590.5, 6386.55
13.158, 14591.4, 6386.88
13.159, 14592.3, 6387.22
13.16, 14593.2, 6387.55
13.161, 14594.1, 6387.88
13.162, 14595, 6388.22
13.163, 14595.9, 6388.55
13.164, 14596.8, 6388.88
13.165, 14597.7, 6389.21
13.166, 14598.6, 6389.55
13.167, 14599.5, 6389.88
13.168, 14600.4, 6390.21
13.169, 14601.3, 6390.54
13.17, 14602.2, 6390.88
13.171, 14603.1, 6391.21
13.172, 14604, 6391.54
13.173, 14604.9, 6391.87
13.174, 14605.8, 6392.21
13.175, 14606.7, 6392.54
13.176, 14607.6, 6392.87
13.177, 14608.5, 6393.2
13.178, 14609.4, 6393.54
13.179, 14610.3, 6393.87
13.18, 14611.2, 6394.2
13.181, 14612.1, 6394.53
13.182, 14613, 6394.87
13.183, 14613.9, 6395.2
13.184, 14614.8, 6395.53
13.185, 14615.7, 6395.86
13.186, 14616.6, 6396.2
13.187, 14617.5, 6396.53
13.188, 14618.4, 6396.86
13.189, 14619.3, 6397.19
13.19, 14620.2, 6397.53
13.191, 14621.1, 6397.86
13.192, 14622, 6398.19
13.193, 14622.9, 6398.52
13.194, 14623.8, 6398.85
13.195, 14624.7, 6399.19
13.196, 14625.6, 6399.52
13.197, 14626.5, 6399.85
13.198, 14627.4, 6400.18
13.199, 14628.3, 6400.51
13.2, 14629.2, 6400.85
13.201, 14630.1, 6401.18
13.202, 14631, 6401.51
13.203, 14631.9, 6401.84
13.204, 14632.8, 6402.18
13.205, 14633.7, 6402.51
13.206, 14634.6, 6402.84
13.207, 14635.5, 6403.17
13.208, 14636.4, 6403.5
13.209, 14637.3, 6403.84
13.21, 14638.2, 6404.17
13.211, 14639.1, 6404.5
13.212, 14640.1, 6404.83
13.213, 14641, 6405.16
13.214, 14641.9, 6405.49
13.215, 14642.8, 6405.83
13.216, 14643.7, 6406.16
13.217, 14644.6, 6406.49
13.218, 14645.5, 6406.82
13.219, 14646.4, 6407.15
13.22, 14647.3, 6407.49
13.221, 14648.2, 6407.82
13.222, 14649.1, 6408.15
13.223, 14650, 6408.48
13.224, 14650.9, 6408.81
13.225, 14651.8, 6409.14
13.226, 14652.7, 6409.48
13.227, 14653.6, 6409.81
13.228, 14654.5, 6410.14
13.229, 14655.4, 6410.47
13.23, 14656.3, 6410.8
13.231, 14657.2, 6411.13
13.232, 14658.1, 6411.47
13.233, 14659, 6411.8
13.234, 14659.9, 6412.13
13.235, 14660.8, 6412.46
13.236, 14661.7, 6412.79
13.237, 14662.6, 6413.12
13.238, 14663.5, 6413.45
13.239, 14664.4, 6413.79
13.24, 14665.3, 6414.12
13.241, 14666.2, 6414.45
13.242, 14667.1, 6414.78
13.243, 14668, 6415.11
13.244, 14668.9, 6415.44
13.245, 14669.8, 6415.77
13.246, 14670.7, 6416.11
13.247, 14671.6, 6416.44
13.248, 14672.5, 6416.77
13.249, 14673.4, 6417.1
13.25, 14674.3, 6417.43
13.251, 14675.2, 6417.76
13.252, 14676.1, 6418.09
13.253, 14677, 6418.42
13.254, 14677.9, 6418.76
13.255, 14678.8, 6419.09
13.256, 14679.7, 6419.42
13.257, 14680.6, 6419.75
13.258, 14681.5, 6420.08
13.259, 14682.4, 6420.41
13.26, 14683.3, 6420.74
13.261, 14684.2, 6421.07
13.262, 14685.1, 6421.41
13.263, 14686, 6421.74
13.264, 14686.9, 6422.07
13.265, 14687.8, 6422.4
13.266, 14688.6, 6422.73
13.267, 14689.5, 6423.06
13.268, 14690.4, 6423.39
13.269, 14691.3, 6423.72
13.27, 14692.2, 6424.05
13.271, 14693.1, 6424.38
13.272, 14694, 6424.71
13.273, 14694.9, 6425.05
13.274, 14695.8, 6425.38
13.275, 14696.7, 6425.71
13.276, 14697.6, 6426.04
13.277, 14698.5, 6426.37
13.278, 14699.4, 6426.7
13.279, 14700.3, 6427.03
13.28, 14701.2, 6427.36
13.281, 14702.1, 6427.69
13.282, 14703, 6428.02
13.283, 14703.9, 6428.35
13.284, 14704.8, 6428.68
13.285, 14705.7, 6429.01
13.286, 14706.6, 6429.35
13.287, 14707.5, 6429.68
13.288, 14708.4, 6430.01
13.289, 14709.3, 6430.34
13.29, 14710.2, 6430.67
13.291, 14711.1, 6431
13.292, 14712, 6431.33
13.293, 14712.9, 6431.66
13.294, 14713.8, 6431.99
13.295, 14714.7, 6432.32
13.296, 14715.6, 6432.65
13.297, 14716.5, 6432.98
13.298, 14717.4, 6433.31
13.299, 14718.3, 6433.64
13.3, 14719.2, 6433.97
13.301, 14720.1, 6434.3
13.302, 14721, 6434.63
13.303, 14721.9, 6434.96
13.304, 14722.8, 6435.29
13.305, 14723.7, 6435.63
13.306, 14724.6, 6435.96
13.307, 14725.5, 6436.29
13.308, 14726.4, 6436.62
13.309, 14727.3, 6436.95
13.31, 14728.2, 6437.28
13.311, 14729.1, 6437.61
13.312, 14730, 6437.94
13.313, 14730.9, 6438.27
13.314, 14731.8, 6438.6
13.315, 14732.7, 6438.93
13.316, 14733.6, 6439.26
13.317, 14734.5, 6439.59
13.318, 14735.4, 6439.92
13.319, 14736.3, 6440.25
13.32, 14737.2, 6440.58
13.321, 14738.1, 6440.91
13.322, 14739, 6441.24
13.323, 14739.9, 6441.57
13.324, 14740.8, 6441.9
13.325, 14741.7, 6442.23
13.326, 14742.6, 6442.56
13.327, 14743.5, 6442.89
13.328, 14744.4, 6443.22
13.329, 14745.3, 6443.55
13.33, 14746.2, 6443.88
13.331, 14747.1, 6444.21
13.332, 14748, 6444.54
13.333, 14748.9, 6444.87
13.334, 14749.8, 6445.2
13.335, 14750.7, 6445.53
13.336, 14751.6, 6445.86
13.337, 14752.5, 6446.19
13.338, 14753.4, 6446.52
13.339, 14754.3, 6446.85
13.34, 14755.2, 6447.18
13.341, 14756.1, 6447.51
13.342, 14757, 6447.84
13.343, 14757.9, 6448.17
13.344, 14758.8, 6448.5
13.345, 14759.7, 6448.83
13.346, 14760.5, 6449.16
13.347, 14761.4, 6449.48
13.348, 14762.3, 6449.81
13.349, 14763.2, 6450.14
13.35, 14764.1, 6450.47
13.351, 14765, 6450.8
13.352, 14765.9, 6451.13
13.353, 14766.8, 6451.46
13.354, 14767.7, 6451.79
13.355, 14768.6, 6452.12
13.356, 14769.5, 6452.45
13.357, 14770.4, 6452.78
13.358, 14771.3, 6453.11
13.359, 14772.2, 6453.44
13.36, 14773.1, 6453.77
13.361, 14774, 6454.1
13.362, 14774.9, 6454.43
13.363, 14775.8, 6454.76
13.364, 14776.7, 6455.09
13.365, 14777.6, 6455.42
13.366, 14778.5, 6455.75
13.367, 14779.4, 6456.07
13.368, 14780.3, 6456.4
13.369, 14781.2, 6456.73
13.37, 14782.1, 6457.06
13.371, 14783, 6457.39
13.372, 14783.9, 6457.72
13.373, 14784.8, 6458.05
13.374, 14785.7, 6458.38
13.375, 14786.6, 6458.71
13.376, 14787.5, 6459.04
13.377, 14788.4, 6459.37
13.378, 14789.3, 6459.7
13.379, 14790.2, 6460.02
13.38, 14791.1, 6460.35
13.381, 14792, 6460.68
13.382, 14792.9, 6461.01
13.383, 14793.8, 6461.34
13.384, 14794.7, 6461.67
13.385, 14795.6, 6462
13.386, 14796.5, 6462.33
13.387, 14797.4, 6462.66
13.388, 14798.2, 6462.99
13.389, 14799.1, 6463.32
13.39, 14800, 6463.64
13.391, 14800.9, 6463.97
13.392, 14801.8, 6464.3
13.393, 14802.7, 6464.63
13.394, 14803.6, 6464.96
13.395, 14804.5, 6465.29
13.396, 14805.4, 6465.62
13.397, 14806.3, 6465.95
13.398, 14807.2, 6466.28
13.399, 14808.1, 6466.6
13.4, 14809, 6466.93
13.401, 14809.9, 6467.26
13.402, 14810.8, 6467.59
13.403, 14811.7, 6467.92
13.404, 14812.6, 6468.25
13.405, 14813.5, 6468.58
13.406, 14814.4, 6468.9
13.407, 14815.3, 6469.23
13.408, 14816.2, 6469.56
13.409, 14817.1, 6469.89
13.41, 14818, 6470.22
13.411, 14818.9, 6470.55
13.412, 14819.8, 6470.88
13.413, 14820.7, 6471.21
13.414, 14821.6, 6471.53
13.415, 14822.5, 6471.86
13.416, 14823.4, 6472.19
13.417, 14824.3, 6472.52
13.418, 14825.2, 6472.85
13.419, 14826.1, 6473.18
13.42, 14826.9, 6473.5
13.421, 14827.8, 6473.83
13.422, 14828.7, 6474.16
13.423, 14829.6, 6474.49
13.424, 14830.5, 6474.82
13.425, 14831.4, 6475.15
13.426, 14832.3, 6475.47
13.427, 14833.2, 6475.8
13.428, 14834.1, 6476.13
13.429, 14835, 6476.46
13.43, 14835.9, 6476.79
13.431, 14836.8, 6477.12
13.432, 14837.7, 6477.44
13.433, 14838.6, 6477.77
13.434, 14839.5, 6478.1
13.435, 14840.4, 6478.43
13.436, 14841.3, 6478.76
13.437, 14842.2, 6479.09
13.438, 14843.1, 6479.41
13.439, 14844, 6479.74
13.44, 14844.9, 6480.07
13.441, 14845.8, 6480.4
13.442, 14846.7, 6480.73
13.443, 14847.6, 6481.05
13.444, 14848.5, 6481.38
13.445, 14849.4, 6481.71
13.446, 14850.3, 6482.04
13.447, 14851.2, 6482.37
13.448, 14852, 6482.69
13.449, 14852.9, 6483.02
13.45, 14853.8, 6483.35
13.451, 14854.7, 6483.68
13.452, 14855.6, 6484.01
13.453, 14856.5, 6484.33
13.454, 14857.4, 6484.66
13.455, 14858.3, 6484.99
13.456, 14859.2, 6485.32
13.457, 14860.1, 6485.65
13.458, 14861, 6485.97
13.459, 14861.9, 6486.3
13.46, 14862.8, 6486.63
13.461, 14863.7, 6486.96
13.462, 14864.6, 6487.28
13.463, 14865.5, 6487.61
13.464, 14866.4, 6487.94
13.465, 14867.3, 6488.27
13.466, 14868.2, 6488.59
13.467, 14869.1, 6488.92
13.468, 14870, 6489.25
13.469, 14870.9, 6489.58
13.47, 14871.8, 6489.91
13.471, 14872.7, 6490.23
13.472, 14873.5, 6490.56
13.473, 14874.4, 6490.89
13.474, 14875.3, 6491.22
13.475, 14876.2, 6491.54
13.476, 14877.1, 6491.87
13.477, 14878, 6492.2
13.478, 14878.9, 6492.53
13.479, 14879.8, 6492.85
13.48, 14880.7, 6493.18
13.481, 14881.6, 6493.51
13.482, 14882.5, 6493.84
13.483, 14883.4, 6494.16
13.484, 14884.3, 6494.49
13.485, 14885.2, 6494.82
13.486, 14886.1, 6495.14
13.487, 14887, 6495.47
13.488, 14887.9, 6495.8
13.489, 14888.8, 6496.13
13.49, 14889.7, 6496.45
13.491, 14890.6, 6496.78
13.492, 14891.5, 6497.11
13.493, 14892.4, 6497.44
13.494, 14893.2, 6497.76
13.495, 14894.1, 6498.09
13.496, 14895, 6498.42
13.497, 14895.9, 6498.74
13.498, 14896.8, 6499.07
13.499, 14897.7, 6499.4
13.5, 14898.6, 6499.73
13.501, 14899.5, 6500.05
13.502, 14900.4, 6500.38
13.503, 14901.3, 6500.71
13.504, 14902.2, 6501.03
13.505, 14903.1, 6501.36
13.506, 14904, 6501.69
13.507, 14904.9, 6502.02
13.508, 14905.8, 6502.34
13.509, 14906.7, 6502.67
13.51, 14907.6, 6503
13.511, 14908.5, 6503.32
13.512, 14909.4, 6503.65
13.513, 14910.3, 6503.98
13.514, 14911.1, 6504.3
13.515, 14912, 6504.63
13.516, 14912.9, 6504.96
13.517, 14913.8, 6505.28
13.518, 14914.7, 6505.61
13.519, 14915.6, 6505.94
13.52, 14916.5, 6506.26
13.521, 14917.4, 6506.59
13.522, 14918.3, 6506.92
13.523, 14919.2, 6507.25
13.524, 14920.1, 6507.57
13.525, 14921, 6507.9
13.526, 14921.9, 6508.23
13.527, 14922.8, 6508.55
13.528, 14923.7, 6508.88
13.529, 14924.6, 6509.21
13.53, 14925.5, 6509.53
13.531, 14926.4, 6509.86
13.532, 14927.3, 6510.18
13.533, 14928.1, 6510.51
13.534, 14929, 6510.84
13.535, 14929.9, 6511.16
13.536, 14930.8, 6511.49
13.537, 14931.7, 6511.82
13.538, 14932.6, 6512.14
13.539, 14933.5, 6512.47
13.54, 14934.4, 6512.8
13.541, 14935.3, 6513.12
13.542, 14936.2, 6513.45
13.543, 14937.1, 6513.78
13.544, 14938, 6514.1
13.545, 14938.9, 6514.43
13.546, 14939.8, 6514.76
13.547, 14940.7, 6515.08
13.548, 14941.6, 6515.41
13.549, 14942.5, 6515.73
13.55, 14943.4, 6516.06
13.551, 14944.2, 6516.39
13.552, 14945.1, 6516.71
13.553, 14946, 6517.04
13.554, 14946.9, 6517.37
13.555, 14947.8, 6517.69
13.556, 14948.7, 6518.02
13.557, 14949.6, 6518.34
13.558, 14950.5, 6518.67
13.559, 14951.4, 6519
13.56, 14952.3, 6519.32
13.561, 14953.2, 6519.65
13.562, 14954.1, 6519.97
13.563, 14955, 6520.3
13.564, 14955.9, 6520.63
13.565, 14956.8, 6520.95
13.566, 14957.7, 6521.28
13.567, 14958.6, 6521.6
13.568, 14959.4, 6521.93
13.569, 14960.3, 6522.26
13.57, 14961.2, 6522.58
13.571, 14962.1, 6522.91
13.572, 14963, 6523.23
13.573, 14963.9, 6523.56
13.574, 14964.8, 6523.89
13.575, 14965.7, 6524.21
13.576, 14966.6, 6524.54
13.577, 14967.5, 6524.86
13.578, 14968.4, 6525.19
13.579, 14969.3, 6525.52
13.58, 14970.2, 6525.84
13.581, 14971.1, 6526.17
13.582, 14972, 6526.49
13.583, 14972.9, 6526.82
13.584, 14973.7, 6527.14
13.585, 14974.6, 6527.47
13.586, 14975.5, 6527.8
13.587, 14976.4, 6528.12
13.588, 14977.3, 6528.45
13.589, 14978.2, 6528.77
13.59, 14979.1, 6529.1
13.591, 14980, 6529.42
13.592, 14980.9, 6529.75
13.593, 14981.8, 6530.08
13.594, 14982.7, 6530.4
13.595, 14983.6, 6530.73
13.596, 14984.5, 6531.05
13.597, 14985.4, 6531.38
13.598, 14986.3, 6531.7
13.599, 14987.1, 6532.03
13.6, 14988, 6532.35
13.601, 14988.9, 6532.68
13.602, 14989.8, 6533
13.603, 14990.7, 6533.33
13.604, 14991.6, 6533.66
13.605, 14992.5, 6533.98
13.606, 14993.4, 6534.31
13.607, 14994.3, 6534.63
13.608, 14995.2, 6534.96
13.609, 14996.1, 6535.28
13.61, 14997, 6535.61
13.611, 14997.9, 6535.93
13.612, 14998.8, 6536.26
13.613, 14999.7, 6536.58
13.614, 15000.5, 6536.91
13.615, 15001.4, 6537.23
13.616, 15002.3, 6537.56
13.617, 15003.2, 6537.88
13.618, 15004.1, 6538.21
13.619, 15005, 6538.53
13.62, 15005.9, 6538.86
13.621, 15006.8, 6539.18
13.622, 15007.7, 6539.51
13.623, 15008.6, 6539.84
13.624, 15009.5, 6540.16
13.625, 15010.4, 6540.49
13.626, 15011.3, 6540.81
13.627, 15012.2, 6541.14
13.628, 15013, 6541.46
13.629, 15013.9, 6541.79
13.63, 15014.8, 6542.11
13.631, 15015.7, 6542.44
13.632, 15016.6, 6542.76
13.633, 15017.5, 6543.09
13.634, 15018.4, 6543.41
13.635, 15019.3, 6543.73
13.636, 15020.2, 6544.06
13.637, 15021.1, 6544.38
13.638, 15022, 6544.71
13.639, 15022.9, 6545.03
13.64, 15023.8, 6545.36
13.641, 15024.7, 6545.68
13.642, 15025.5, 6546.01
13.643, 15026.4, 6546.33
13.644, 15027.3, 6546.66
13.645, 15028.2, 6546.98
13.646, 15029.1, 6547.31
13.647, 15030, 6547.63
13.648, 15030.9, 6547.96
13.649, 15031.8, 6548.28
13.65, 15032.7, 6548.61
13.651, 15033.6, 6548.93
13.652, 15034.5, 6549.26
13.653, 15035.4, 6549.58
13.654, 15036.3, 6549.9
13.655, 15037.1, 6550.23
13.656, 15038, 6550.55
13.657, 15038.9, 6550.88
13.658, 15039.8, 6551.2
13.659, 15040.7, 6551.53
13.66, 15041.6, 6551.85
13.661, 15042.5, 6552.18
13.662, 15043.4, 6552.5
13.663, 15044.3, 6552.83
13.664, 15045.2, 6553.15
13.665, 15046.1, 6553.47
13.666, 15047, 6553.8
13.667, 15047.9, 6554.12
13.668, 15048.7, 6554.45
13.669, 15049.6, 6554.77
13.67, 15050.5, 6555.1
13.671, 15051.4, 6555.42
13.672, 15052.3, 6555.74
13.673, 15053.2, 6556.07
13.674, 15054.1, 6556.39
13.675, 15055, 6556.72
13.676, 15055.9, 6557.04
13.677, 15056.8, 6557.37
13.678, 15057.7, 6557.69
13.679, 15058.6, 6558.01
13.68, 15059.4, 6558.34
13.681, 15060.3, 6558.66
13.682, 15061.2, 6558.99
13.683, 15062.1, 6559.31
13.684, 15063, 6559.63
13.685, 15063.9, 6559.96
13.686, 15064.8, 6560.28
13.687, 15065.7, 6560.61
13.688, 15066.6, 6560.93
13.689, 15067.5, 6561.25
13.69, 15068.4, 6561.58
13.691, 15069.3, 6561.9
13.692, 15070.1, 6562.23
13.693, 15071, 6562.55
13.694, 15071.9, 6562.87
13.695, 15072.8, 6563.2
13.696, 15073.7, 6563.52
13.697, 15074.6, 6563.85
13.698, 15075.5, 6564.17
13.699, 15076.4, 6564.49
13.7, 15077.3, 6564.82
13.701, 15078.2, 6565.14
13.702, 15079.1, 6565.47
13.703, 15080, 6565.79
13.704, 15080.8, 6566.11
13.705, 15081.7, 6566.44
13.706, 15082.6, 6566.76
13.707, 15083.5, 6567.08
13.708, 15084.4, 6567.41
13.709, 15085.3, 6567.73
13.71, 15086.2, 6568.05
13.711, 15087.1, 6568.38
13.712, 15088, 6568.7
13.713, 15088.9, 6569.03
13.714, 15089.8, 6569.35
13.715, 15090.7, 6569.67
13.716, 15091.5, 6570
13.717, 15092.4, 6570.32
13.718, 15093.3, 6570.64
13.719, 15094.2, 6570.97
13.72, 15095.1, 6571.29
13.721, 15096, 6571.61
13.722, 15096.9, 6571.94
13.723, 15097.8, 6572.26
13.724, 15098.7, 6572.58
13.725, 15099.6, 6572.91
13.726, 15100.5, 6573.23
13.727, 15101.3, 6573.55
13.728, 15102.2, 6573.88
13.729, 15103.1, 6574.2
13.73, 15104, 6574.52
13.731, 15104.9, 6574.85
13.732, 15105.8, 6575.17
13.733, 15106.7, 6575.49
13.734, 15107.6, 6575.82
13.735, 15108.5, 6576.14
13.736, 15109.4, 6576.46
13.737, 15110.3, 6576.79
13.738, 15111.1, 6577.11
13.739, 15112, 6577.43
13.74, 15112.9, 6577.76
13.741, 15113.8, 6578.08
13.742, 15114.7, 6578.4
13.743, 15115.6, 6578.73
13.744, 15116.5, 6579.05
13.745, 15117.4, 6579.37
13.746, 15118.3, 6579.7
13.747, 15119.2, 6580.02
13.748, 15120.1, 6580.34
13.749, 15120.9, 6580.66
13.75, 15121.8, 6580.99
13.751, 15122.7, 6581.31
13.752, 15123.6, 6581.63
13.753, 15124.5, 6581.96
13.754, 15125.4, 6582.28
13.755, 15126.3, 6582.6
13.756, 15127.2, 6582.93
13.757, 15128.1, 6583.25
13.758, 15129, 6583.57
13.759, 15129.8, 6583.89
13.76, 15130.7, 6584.22
13.761, 15131.6, 6584.54
13.762, 15132.5, 6584.86
13.763, 15133.4, 6585.19
13.764, 15134.3, 6585.51
13.765, 15135.2, 6585.83
13.766, 15136.1, 6586.15
13.767, 15137, 6586.48
13.768, 15137.9, 6586.8
13.769, 15138.8, 6587.12
13.77, 15139.6, 6587.44
13.771, 15140.5, 6587.77
13.772, 15141.4, 6588.09
13.773, 15142.3, 6588.41
13.774, 15143.2, 6588.73
13.775, 15144.1, 6589.06
13.776, 15145, 6589.38
13.777, 15145.9, 6589.7
13.778, 15146.8, 6590.03
13.779, 15147.7, 6590.35
13.78, 15148.5, 6590.67
13.781, 15149.4, 6590.99
13.782, 15150.3, 6591.32
13.783, 15151.2, 6591.64
13.784, 15152.1, 6591.96
13.785, 15153, 6592.28
13.786, 15153.9, 6592.61
13.787, 15154.8, 6592.93
13.788, 15155.7, 6593.25
13.789, 15156.6, 6593.57
13.79, 15157.4, 6593.89
13.791, 15158.3, 6594.22
13.792, 15159.2, 6594.54
13.793, 15160.1, 6594.86
13.794, 15161, 6595.18
13.795, 15161.9, 6595.51
13.796, 15162.8, 6595.83
13.797, 15163.7, 6596.15
13.798, 15164.6, 6596.47
13.799, 15165.5, 6596.79
13.8, 15166.3, 6597.12
13.801, 15167.2, 6597.44
13.802, 15168.1, 6597.76
13.803, 15169, 6598.08
13.804, 15169.9, 6598.41
13.805, 15170.8, 6598.73
13.806, 15171.7, 6599.05
13.807, 15172.6, 6599.37
13.808, 15173.5, 6599.69
13.809, 15174.3, 6600.02
13.81, 15175.2, 6600.34
13.811, 15176.1, 6600.66
13.812, 15177, 6600.98
13.813, 15177.9, 6601.3
13.814, 15178.8, 6601.63
13.815, 15179.7, 6601.95
13.816, 15180.6, 6602.27
13.817, 15181.5, 6602.59
13.818, 15182.4, 6602.91
13.819, 15183.2, 6603.24
13.82, 15184.1, 6603.56
13.821, 15185, 6603.88
13.822, 15185.9, 6604.2
13.823, 15186.8, 6604.52
13.824, 15187.7, 6604.84
13.825, 15188.6, 6605.17
13.826, 15189.5, 6605.49
13.827, 15190.4, 6605.81
13.828, 15191.2, 6606.13
13.829, 15192.1, 6606.45
13.83, 15193, 6606.78
13.831, 15193.9, 6607.1
13.832, 15194.8, 6607.42
13.833, 15195.7, 6607.74
13.834, 15196.6, 6608.06
13.835, 15197.5, 6608.38
13.836, 15198.4, 6608.71
13.837, 15199.2, 6609.03
13.838, 15200.1, 6609.35
13.839, 15201, 6609.67
13.84, 15201.9, 6609.99
13.841, 15202.8, 6610.31
13.842, 15203.7, 6610.63
13.843, 15204.6, 6610.96
13.844, 15205.5, 6611.28
13.845, 15206.4, 6611.6
13.846, 15207.2, 6611.92
13.847, 15208.1, 6612.24
13.848, 15209, 6612.56
13.849, 15209.9, 6612.88
13.85, 15210.8, 6613.21
13.851, 15211.7, 6613.53
13.852, 15212.6, 6613.85
13.853, 15213.5, 6614.17
13.854, 15214.4, 6614.49
13.855, 15215.2, 6614.81
13.856, 15216.1, 6615.13
13.857, 15217, 6615.45
13.858, 15217.9, 6615.78
13.859, 15218.8, 6616.1
13.86, 15219.7, 6616.42
13.861, 15220.6, 6616.74
13.862, 15221.5, 6617.06
13.863, 15222.4, 6617.38
13.864, 15223.2, 6617.7
13.865, 15224.1, 6618.02
13.866, 15225, 6618.35
13.867, 15225.9, 6618.67
13.868, 15226.8, 6618.99
13.869, 15227.7, 6619.31
13.87, 15228.6, 6619.63
13.871, 15229.5, 6619.95
13.872, 15230.4, 6620.27
13.873, 15231.2, 6620.59
13.874, 15232.1, 6620.91
13.875, 15233, 6621.23
13.876, 15233.9, 6621.56
13.877, 15234.8, 6621.88
13.878, 15235.7, 6622.2
13.879, 15236.6, 6622.52
13.88, 15237.5, 6622.84
13.881, 15238.3, 6623.16
13.882, 15239.2, 6623.48
13.883, 15240.1, 6623.8
13.884, 15241, 6624.12
13.885, 15241.9, 6624.44
13.886, 15242.8, 6624.76
13.887, 15243.7, 6625.09
13.888, 15244.6, 6625.41
13.889, 15245.5, 6625.73
13.89, 15246.3, 6626.05
13.891, 15247.2, 6626.37
13.892, 15248.1, 6626.69
13.893, 15249, 6627.01
13.894, 15249.9, 6627.33
13.895, 15250.8, 6627.65
13.896, 15251.7, 6627.97
13.897, 15252.6, 6628.29
13.898, 15253.4, 6628.61
13.899, 15254.3, 6628.93
13.9, 15255.2, 6629.25
13.901, 15256.1, 6629.57
13.902, 15257, 6629.89
13.903, 15257.9, 6630.22
13.904, 15258.8, 6630.54
13.905, 15259.7, 6630.86
13.906, 15260.5, 6631.18
13.907, 15261.4, 6631.5
13.908, 15262.3, 6631.82
13.909, 15263.2, 6632.14
13.91, 15264.1, 6632.46
13.911, 15265, 6632.78
13.912, 15265.9, 6633.1
13.913, 15266.8, 6633.42
13.914, 15267.6, 6633.74
13.915, 15268.5, 6634.06
13.916, 15269.4, 6634.38
13.917, 15270.3, 6634.7
13.918, 15271.2, 6635.02
13.919, 15272.1, 6635.34
13.92, 15273, 6635.66
13.921, 15273.9, 6635.98
13.922, 15274.7, 6636.3
13.923, 15275.6, 6636.62
13.924, 15276.5, 6636.94
13.925, 15277.4, 6637.26
13.926, 15278.3, 6637.58
13.927, 15279.2, 6637.9
13.928, 15280.1, 6638.22
13.929, 15281, 6638.54
13.93, 15281.8, 6638.86
13.931, 15282.7, 6639.18
13.932, 15283.6, 6639.5
13.933, 15284.5, 6639.82
13.934, 15285.4, 6640.14
13.935, 15286.3, 6640.46
13.936, 15287.2, 6640.78
13.937, 15288.1, 6641.1
13.938, 15288.9, 6641.42
13.939, 15289.8, 6641.74
13.94, 15290.7, 6642.06
13.941, 15291.6, 6642.38
13.942, 15292.5, 6642.7
13.943, 15293.4, 6643.02
13.944, 15294.3, 6643.34
13.945, 15295.2, 6643.66
13.946, 15296, 6643.98
13.947, 15296.9, 6644.3
13.948, 15297.8, 6644.62
13.949, 15298.7, 6644.94
13.95, 15299.6, 6645.26
13.951, 15300.5, 6645.58
13.952, 15301.4, 6645.9
13.953, 15302.3, 6646.22
13.954, 15303.1, 6646.54
13.955, 15304, 6646.86
13.956, 15304.9, 6647.18
13.957, 15305.8, 6647.5
13.958, 15306.7, 6647.82
13.959, 15307.6, 6648.14
13.96, 15308.5, 6648.46
13.961, 15309.3, 6648.78
13.962, 15310.2, 6649.1
13.963, 15311.1, 6649.42
13.964, 15312, 6649.74
13.965, 15312.9, 6650.06
13.966, 15313.8, 6650.37
13.967, 15314.7, 6650.69
13.968, 15315.6, 6651.01
13.969, 15316.4, 6651.33
13.97, 15317.3, 6651.65
13.971, 15318.2, 6651.97
13.972, 15319.1, 6652.29
13.973, 15320, 6652.61
13.974, 15320.9, 6652.93
13.975, 15321.8, 6653.25
13.976, 15322.6, 6653.57
13.977, 15323.5, 6653.89
13.978, 15324.4, 6654.21
13.979, 15325.3, 6654.53
13.98, 15326.2, 6654.85
13.981, 15327.1, 6655.17
13.982, 15328, 6655.48
13.983, 15328.9, 6655.8
13.984, 15329.7, 6656.12
13.985, 15330.6, 6656.44
13.986, 15331.5, 6656.76
13.987, 15332.4, 6657.08
13.988, 15333.3, 6657.4
13.989, 15334.2, 6657.72
13.99, 15335.1, 6658.04
13.991, 15335.9, 6658.36
13.992, 15336.8, 6658.68
13.993, 15337.7, 6658.99
13.994, 15338.6, 6659.31
13.995, 15339.5, 6659.63
13.996, 15340.4, 6659.95
13.997, 15341.3, 6660.27
13.998, 15342.1, 6660.59
13.999, 15343, 6660.91
14, 15343.9, 6661.23
14.001, 15344.8, 6661.55
14.002, 15345.7, 6661.87
14.003, 15346.6, 6662.18
14.004, 15347.5, 6662.5
14.005, 15348.4, 6662.82
14.006, 15349.2, 6663.14
14.007, 15350.1, 6663.46
14.008, 15351, 6663.78
14.009, 15351.9, 6664.1
14.01, 15352.8, 6664.42
14.011, 15353.7, 6664.74
14.012, 15354.6, 6665.05
14.013, 15355.4, 6665.37
14.014, 15356.3, 6665.69
14.015, 15357.2, 6666.01
14.016, 15358.1, 6666.33
14.017, 15359, 6666.65
14.018, 15359.9, 6666.97
14.019, 15360.8, 6667.28
14.02, 15361.6, 6667.6
14.021, 15362.5, 6667.92
14.022, 15363.4, 6668.24
14.023, 15364.3, 6668.56
14.024, 15365.2, 6668.88
14.025, 15366.1, 6669.2
14.026, 15367, 6669.51
14.027, 15367.8, 6669.83
14.028, 15368.7, 6670.15
14.029, 15369.6, 6670.47
14.03, 15370.5, 6670.79
14.031, 15371.4, 6671.11
14.032, 15372.3, 6671.43
14.033, 15373.2, 6671.74
14.034, 15374, 6672.06
14.035, 15374.9, 6672.38
14.036, 15375.8, 6672.7
14.037, 15376.7, 6673.02
14.038, 15377.6, 6673.34
14.039, 15378.5, 6673.65
14.04, 15379.4, 6673.97
14.041, 15380.2, 6674.29
14.042, 15381.1, 6674.61
14.043, 15382, 6674.93
14.044, 15382.9, 6675.25
14.045, 15383.8, 6675.56
14.046, 15384.7, 6675.88
14.047, 15385.5, 6676.2
14.048, 15386.4, 6676.52
14.049, 15387.3, 6676.84
14.05, 15388.2, 6677.15
14.051, 15389.1, 6677.47
14.052, 15390, 6677.79
14.053, 15390.9, 6678.11
14.054, 15391.7, 6678.43
14.055, 15392.6, 6678.74
14.056, 15393.5, 6679.06
14.057, 15394.4, 6679.38
14.058, 15395.3, 6679.7
14.059, 15396.2, 6680.02
14.06, 15397.1, 6680.33
14.061, 15397.9, 6680.65
14.062, 15398.8, 6680.97
14.063, 15399.7, 6681.29
14.064, 15400.6, 6681.61
14.065, 15401.5, 6681.92
14.066, 15402.4, 6682.24
14.067, 15403.3, 6682.56
14.068, 15404.1, 6682.88
14.069, 15405, 6683.2
14.07, 15405.9, 6683.51
14.071, 15406.8, 6683.83
14.072, 15407.7, 6684.15
14.073, 15408.6, 6684.47
14.074, 15409.4, 6684.78
14.075, 15410.3, 6685.1
14.076, 15411.2, 6685.42
14.077, 15412.1, 6685.74
14.078, 15413, 6686.06
14.079, 15413.9, 6686.37
14.08, 15414.8, 6686.69
14.081, 15415.6, 6687.01
14.082, 15416.5, 6687.33
14.083, 15417.4, 6687.64
14.084, 15418.3, 6687.96
14.085, 15419.2, 6688.28
14.086, 15420.1, 6688.6
14.087, 15420.9, 6688.91
14.088, 15421.8, 6689.23
14.089, 15422.7, 6689.55
14.09, 15423.6, 6689.87
14.091, 15424.5, 6690.18
14.092, 15425.4, 6690.5
14.093, 15426.3, 6690.82
14.094, 15427.1, 6691.14
14.095, 15428, 6691.45
14.096, 15428.9, 6691.77
14.097, 15429.8, 6692.09
14.098, 15430.7, 6692.41
14.099, 15431.6, 6692.72
14.1, 15432.4, 6693.04
14.101, 15433.3, 6693.36
14.102, 15434.2, 6693.67
14.103, 15435.1, 6693.99
14.104, 15436, 6694.31
14.105, 15436.9, 6694.63
14.106, 15437.8, 6694.94
14.107, 15438.6, 6695.26
14.108, 15439.5, 6695.58
14.109, 15440.4, 6695.9
14.11, 15441.3, 6696.21
14.111, 15442.2, 6696.53
14.112, 15443.1, 6696.85
14.113, 15443.9, 6697.16
14.114, 15444.8, 6697.48
14.115, 15445.7, 6697.8
14.116, 15446.6, 6698.12
14.117, 15447.5, 6698.43
14.118, 15448.4, 6698.75
14.119, 15449.2, 6699.07
14.12, 15450.1, 6699.38
14.121, 15451, 6699.7
14.122, 15451.9, 6700.02
14.123, 15452.8, 6700.33
14.124, 15453.7, 6700.65
14.125, 15454.5, 6700.97
14.126, 15455.4, 6701.29
14.127, 15456.3, 6701.6
14.128, 15457.2, 6701.92
14.129, 15458.1, 6702.24
14.13, 15459, 6702.55
14.131, 15459.9, 6702.87
14.132, 15460.7, 6703.19
14.133, 15461.6, 6703.5
14.134, 15462.5, 6703.82
14.135, 15463.4, 6704.14
14.136, 15464.3, 6704.45
14.137, 15465.2, 6704.77
14.138, 15466, 6705.09
14.139, 15466.9, 6705.4
14.14, 15467.8, 6705.72
14.141, 15468.7, 6706.04
14.142, 15469.6, 6706.35
14.143, 15470.5, 6706.67
14.144, 15471.3, 6706.99
14.145, 15472.2, 6707.3
14.146, 15473.1, 6707.62
14.147, 15474, 6707.94
14.148, 15474.9, 6708.25
14.149, 15475.8, 6708.57
14.15, 15476.6, 6708.89
14.151, 15477.5, 6709.2
14.152, 15478.4, 6709.52
14.153, 15479.3, 6709.84
14.154, 15480.2, 6710.15
14.155, 15481.1, 6710.47
14.156, 15481.9, 6710.79
14.157, 15482.8, 6711.1
14.158, 15483.7, 6711.42
14.159, 15484.6, 6711.73
14.16, 15485.5, 6712.05
14.161, 15486.4, 6712.37
14.162, 15487.2, 6712.68
14.163, 15488.1, 6713
14.164, 15489, 6713.32
14.165, 15489.9, 6713.63
14.166, 15490.8, 6713.95
14.167, 15491.7, 6714.26
14.168, 15492.5, 6714.58
14.169, 15493.4, 6714.9
14.17, 15494.3, 6715.21
14.171, 15495.2, 6715.53
14.172, 15496.1, 6715.85
14.173, 15497, 6716.16
14.174, 15497.8, 6716.48
14.175, 15498.7, 6716.79
14.176, 15499.6, 6717.11
14.177, 15500.5, 6717.43
14.178, 15501.4, 6717.74
14.179, 15502.3, 6718.06
14.18, 15503.1, 6718.37
14.181, 15504, 6718.69
14.182, 15504.9, 6719.01
14.183, 15505.8, 6719.32
14.184, 15506.7, 6719.64
14.185, 15507.6, 6719.95
14.186, 15508.4, 6720.27
14.187, 15509.3, 6720.59
14.188, 15510.2, 6720.9
14.189, 15511.1, 6721.22
14.19, 15512, 6721.53
14.191, 15512.8, 6721.85
14.192, 15513.7, 6722.17
14.193, 15514.6, 6722.48
14.194, 15515.5, 6722.8
14.195, 15516.4, 6723.11
14.196, 15517.3, 6723.43
14.197, 15518.1, 6723.74
14.198, 15519, 6724.06
14.199, 15519.9, 6724.38
14.2, 15520.8, 6724.69
14.201, 15521.7, 6725.01
14.202, 15522.6, 6725.32
14.203, 15523.4, 6725.64
14.204, 15524.3, 6725.95
14.205, 15525.2, 6726.27
14.206, 15526.1, 6726.59
14.207, 15527, 6726.9
14.208, 15527.9, 6727.22
14.209, 15528.7, 6727.53
14.21, 15529.6, 6727.85
14.211, 15530.5, 6728.16
14.212, 15531.4, 6728.48
14.213, 15532.3, 6728.79
14.214, 15533.1, 6729.11
14.215, 15534, 6729.43
14.216, 15534.9, 6729.74
14.217, 15535.8, 6730.06
14.218, 15536.7, 6730.37
14.219, 15537.6, 6730.69
14.22, 15538.4, 6731
14.221, 15539.3, 6731.32
14.222, 15540.2, 6731.63
14.223, 15541.1, 6731.95
14.224, 15542, 6732.26
14.225, 15542.9, 6732.58
14.226, 15543.7, 6732.9
14.227, 15544.6, 6733.21
14.228, 15545.5, 6733.53
14.229, 15546.4, 6733.84
14.23, 15547.3, 6734.16
14.231, 15548.1, 6734.47
14.232, 15549, 6734.79
14.233, 15549.9, 6735.1
14.234, 15550.8, 6735.42
14.235, 15551.7, 6735.73
14.236, 15552.6, 6736.05
14.237, 15553.4, 6736.36
14.238, 15554.3, 6736.68
14.239, 15555.2, 6736.99
14.24, 15556.1, 6737.31
14.241, 15557, 6737.62
14.242, 15557.8, 6737.94
14.243, 15558.7, 6738.25
14.244, 15559.6, 6738.57
14.245, 15560.5, 6738.88
14.246, 15561.4, 6739.2
14.247, 15562.3, 6739.51
14.248, 15563.1, 6739.83
14.249, 15564, 6740.14
14.25, 15564.9, 6740.46
14.251, 15565.8, 6740.77
14.252, 15566.7, 6741.09
14.253, 15567.5, 6741.4
14.254, 15568.4, 6741.72
14.255, 15569.3, 6742.03
14.256, 15570.2, 6742.35
14.257, 15571.1, 6742.66
14.258, 15572, 6742.98
14.259, 15572.8, 6743.29
14.26, 15573.7, 6743.61
14.261, 15574.6, 6743.92
14.262, 15575.5, 6744.24
14.263, 15576.4, 6744.55
14.264, 15577.2, 6744.86
14.265, 15578.1, 6745.18
14.266, 15579, 6745.49
14.267, 15579.9, 6745.81
14.268, 15580.8, 6746.12
14.269, 15581.7, 6746.44
14.27, 15582.5, 6746.75
14.271, 15583.4, 6747.07
14.272, 15584.3, 6747.38
14.273, 15585.2, 6747.7
14.274, 15586.1, 6748.01
14.275, 15586.9, 6748.33
14.276, 15587.8, 6748.64
14.277, 15588.7, 6748.95
14.278, 15589.6, 6749.27
14.279, 15590.5, 6749.58
14.28, 15591.3, 6749.9
14.281, 15592.2, 6750.21
14.282, 15593.1, 6750.53
14.283, 15594, 6750.84
14.284, 15594.9, 6751.16
14.285, 15595.8, 6751.47
14.286, 15596.6, 6751.78
14.287, 15597.5, 6752.1
14.288, 15598.4, 6752.41
14.289, 15599.3, 6752.73
14.29, 15600.2, 6753.04
14.291, 15601, 6753.36
14.292, 15601.9, 6753.67
14.293, 15602.8, 6753.98
14.294, 15603.7, 6754.3
14.295, 15604.6, 6754.61
14.296, 15605.4, 6754.93
14.297, 15606.3, 6755.24
14.298, 15607.2, 6755.55
14.299, 15608.1, 6755.87
14.3, 15609, 6756.18
14.301, 15609.8, 6756.5
14.302, 15610.7, 6756.81
14.303, 15611.6, 6757.13
14.304, 15612.5, 6757.44
14.305, 15613.4, 6757.75
14.306, 15614.3, 6758.07
14.307, 15615.1, 6758.38
14.308, 15616, 6758.7
14.309, 15616.9, 6759.01
14.31, 15617.8, 6759.32
14.311, 15618.7, 6759.64
14.312, 15619.5, 6759.95
14.313, 15620.4, 6760.27
14.314, 15621.3, 6760.58
14.315, 15622.2, 6760.89
14.316, 15623.1, 6761.21
14.317, 15623.9, 6761.52
14.318, 15624.8, 6761.83
14.319, 15625.7, 6762.15
14.32, 15626.6, 6762.46
14.321, 15627.5, 6762.78
14.322, 15628.3, 6763.09
14.323, 15629.2, 6763.4
14.324, 15630.1, 6763.72
14.325, 15631, 6764.03
14.326, 15631.9, 6764.34
14.327, 15632.7, 6764.66
14.328, 15633.6, 6764.97
14.329, 15634.5, 6765.29
14.33, 15635.4, 6765.6
14.331, 15636.3, 6765.91
14.332, 15637.1, 6766.23
14.333, 15638, 6766.54
14.334, 15638.9, 6766.85
14.335, 15639.8, 6767.17
14.336, 15640.7, 6767.48
14.337, 15641.5, 6767.79
14.338, 15642.4, 6768.11
14.339, 15643.3, 6768.42
14.34, 15644.2, 6768.73
14.341, 15645.1, 6769.05
14.342, 15646, 6769.36
14.343, 15646.8, 6769.68
14.344, 15647.7, 6769.99
14.345, 15648.6, 6770.3
14.346, 15649.5, 6770.62
14.347, 15650.4, 6770.93
14.348, 15651.2, 6771.24
14.349, 15652.1, 6771.56
14.35, 15653, 6771.87
14.351, 15653.9, 6772.18
14.352, 15654.8, 6772.5
14.353, 15655.6, 6772.81
14.354, 15656.5, 6773.12
14.355, 15657.4, 6773.44
14.356, 15658.3, 6773.75
14.357, 15659.2, 6774.06
14.358, 15660, 6774.37
14.359, 15660.9, 6774.69
14.36, 15661.8, 6775
14.361, 15662.7, 6775.31
14.362, 15663.6, 6775.63
14.363, 15664.4, 6775.94
14.364, 15665.3, 6776.25
14.365, 15666.2, 6776.57
14.366, 15667.1, 6776.88
14.367, 15667.9, 6777.19
14.368, 15668.8, 6777.51
14.369, 15669.7, 6777.82
14.37, 15670.6, 6778.13
14.371, 15671.5, 6778.44
14.372, 15672.3, 6778.76
14.373, 15673.2, 6779.07
14.374, 15674.1, 6779.38
14.375, 15675, 6779.7
14.376, 15675.9, 6780.01
14.377, 15676.7, 6780.32
14.378, 15677.6, 6780.64
14.379, 15678.5, 6780.95
14.38, 15679.4, 6781.26
14.381, 15680.3, 6781.57
14.382, 15681.1, 6781.89
14.383, 15682, 6782.2
14.384, 15682.9, 6782.51
14.385, 15683.8, 6782.83
14.386, 15684.7, 6783.14
14.387, 15685.5, 6783.45
14.388, 15686.4, 6783.76
14.389, 15687.3, 6784.08
14.39, 15688.2, 6784.39
14.391, 15689.1, 6784.7
14.392, 15689.9, 6785.01
14.393, 15690.8, 6785.33
14.394, 15691.7, 6785.64
14.395, 15692.6, 6785.95
14.396, 15693.5, 6786.26
14.397, 15694.3, 6786.58
14.398, 15695.2, 6786.89
14.399, 15696.1, 6787.2
14.4, 15697, 6787.51
14.401, 15697.8, 6787.83
14.402, 15698.7, 6788.14
14.403, 15699.6, 6788.45
14.404, 15700.5, 6788.76
14.405, 15701.4, 6789.08
14.406, 15702.2, 6789.39
14.407, 15703.1, 6789.7
14.408, 15704, 6790.01
14.409, 15704.9, 6790.33
14.41, 15705.8, 6790.64
14.411, 15706.6, 6790.95
14.412, 15707.5, 6791.26
14.413, 15708.4, 6791.58
14.414, 15709.3, 6791.89
14.415, 15710.2, 6792.2
14.416, 15711, 6792.51
14.417, 15711.9, 6792.83
14.418, 15712.8, 6793.14
14.419, 15713.7, 6793.45
14.42, 15714.6, 6793.76
14.421, 15715.4, 6794.07
14.422, 15716.3, 6794.39
14.423, 15717.2, 6794.7
14.424, 15718.1, 6795.01
14.425, 15718.9, 6795.32
14.426, 15719.8, 6795.63
14.427, 15720.7, 6795.95
14.428, 15721.6, 6796.26
14.429, 15722.5, 6796.57
14.43, 15723.3, 6796.88
14.431, 15724.2, 6797.2
14.432, 15725.1, 6797.51
14.433, 15726, 6797.82
14.434, 15726.9, 6798.13
14.435, 15727.7, 6798.44
14.436, 15728.6, 6798.76
14.437, 15729.5, 6799.07
14.438, 15730.4, 6799.38
14.439, 15731.2, 6799.69
14.44, 15732.1, 6800
14.441, 15733, 6800.31
14.442, 15733.9, 6800.63
14.443, 15734.8, 6800.94
14.444, 15735.6, 6801.25
14.445, 15736.5, 6801.56
14.446, 15737.4, 6801.87
14.447, 15738.3, 6802.19
14.448, 15739.2, 6802.5
14.449, 15740, 6802.81
14.45, 15740.9, 6803.12
14.451, 15741.8, 6803.43
14.452, 15742.7, 6803.74
14.453, 15743.5, 6804.06
14.454, 15744.4, 6804.37
14.455, 15745.3, 6804.68
14.456, 15746.2, 6804.99
14.457, 15747.1, 6805.3
14.458, 15747.9, 6805.61
14.459, 15748.8, 6805.93
14.46, 15749.7, 6806.24
14.461, 15750.6, 6806.55
14.462, 15751.4, 6806.86
14.463, 15752.3, 6807.17
14.464, 15753.2, 6807.48
14.465, 15754.1, 6807.8
14.466, 15755, 6808.11
14.467, 15755.8, 6808.42
14.468, 15756.7, 6808.73
14.469, 15757.6, 6809.04
14.47, 15758.5, 6809.35
14.471, 15759.3, 6809.66
14.472, 15760.2, 6809.98
14.473, 15761.1, 6810.29
14.474, 15762, 6810.6
14.475, 15762.9, 6810.91
14.476, 15763.7, 6811.22
14.477, 15764.6, 6811.53
14.478, 15765.5, 6811.84
14.479, 15766.4, 6812.15
14.48, 15767.2, 6812.47
14.481, 15768.1, 6812.78
14.482, 15769, 6813.09
14.483, 15769.9, 6813.4
14.484, 15770.8, 6813.71
14.485, 15771.6, 6814.02
14.486, 15772.5, 6814.33
14.487, 15773.4, 6814.64
14.488, 15774.3, 6814.96
14.489, 15775.1, 6815.27
14.49, 15776, 6815.58
14.491, 15776.9, 6815.89
14.492, 15777.8, 6816.2
14.493, 15778.7, 6816.51
14.494, 15779.5, 6816.82
14.495, 15780.4, 6817.13
14.496, 15781.3, 6817.44
14.497, 15782.2, 6817.75
14.498, 15783, 6818.07
14.499, 15783.9, 6818.38
14.5, 15784.8, 6818.69
14.501, 15785.7, 6819
14.502, 15786.6, 6819.31
14.503, 15787.4, 6819.62
14.504, 15788.3, 6819.93
14.505, 15789.2, 6820.24
14.506, 15790.1, 6820.55
14.507, 15790.9, 6820.86
14.508, 15791.8, 6821.17
14.509, 15792.7, 6821.49
14.51, 15793.6, 6821.8
14.511, 15794.5, 6822.11
14.512, 15795.3, 6822.42
14.513, 15796.2, 6822.73
14.514, 15797.1, 6823.04
14.515, 15798, 6823.35
14.516, 15798.8, 6823.66
14.517, 15799.7, 6823.97
14.518, 15800.6, 6824.28
14.519, 15801.5, 6824.59
14.52, 15802.3, 6824.9
14.521, 15803.2, 6825.21
14.522, 15804.1, 6825.52
14.523, 15805, 6825.83
14.524, 15805.9, 6826.15
14.525, 15806.7, 6826.46
14.526, 15807.6, 6826.77
14.527, 15808.5, 6827.08
14.528, 15809.4, 6827.39
14.529, 15810.2, 6827.7
14.53, 15811.1, 6828.01
14.531, 15812, 6828.32
14.532, 15812.9, 6828.63
14.533, 15813.7, 6828.94
14.534, 15814.6, 6829.25
14.535, 15815.5, 6829.56
14.536, 15816.4, 6829.87
14.537, 15817.3, 6830.18
14.538, 15818.1, 6830.49
14.539, 15819, 6830.8
14.54, 15819.9, 6831.11
14.541, 15820.8, 6831.42
14.542, 15821.6, 6831.73
14.543, 15822.5, 6832.04
14.544, 15823.4, 6832.35
14.545, 15824.3, 6832.66
14.546, 15825.1, 6832.97
14.547, 15826, 6833.28
14.548, 15826.9, 6833.59
14.549, 15827.8, 6833.9
14.55, 15828.7, 6834.21
14.551, 15829.5, 6834.52
14.552, 15830.4, 6834.83
14.553, 15831.3, 6835.14
14.554, 15832.2, 6835.45
14.555, 15833, 6835.76
14.556, 15833.9, 6836.07
14.557, 15834.8, 6836.38
14.558, 15835.7, 6836.69
14.559, 15836.5, 6837.01
14.56, 15837.4, 6837.32
14.561, 15838.3, 6837.62
14.562, 15839.2, 6837.93
14.563, 15840, 6838.24
14.564, 15840.9, 6838.55
14.565, 15841.8, 6838.86
14.566, 15842.7, 6839.17
14.567, 15843.6, 6839.48
14.568, 15844.4, 6839.79
14.569, 15845.3, 6840.1
14.57, 15846.2, 6840.41
14.571, 15847.1, 6840.72
14.572, 15847.9, 6841.03
14.573, 15848.8, 6841.34
14.574, 15849.7, 6841.65
14.575, 15850.6, 6841.96
14.576, 15851.4, 6842.27
14.577, 15852.3, 6842.58
14.578, 15853.2, 6842.89
14.579, 15854.1, 6843.2
14.58, 15854.9, 6843.51
14.581, 15855.8, 6843.82
14.582, 15856.7, 6844.13
14.583, 15857.6, 6844.44
14.584, 15858.4, 6844.75
14.585, 15859.3, 6845.06
14.586, 15860.2, 6845.37
14.587, 15861.1, 6845.68
14.588, 15862, 6845.99
14.589, 15862.8, 6846.3
14.59, 15863.7, 6846.61
14.591, 15864.6, 6846.92
14.592, 15865.5, 6847.23
14.593, 15866.3, 6847.54
14.594, 15867.2, 6847.85
14.595, 15868.1, 6848.15
14.596, 15869, 6848.46
14.597, 15869.8, 6848.77
14.598, 15870.7, 6849.08
14.599, 15871.6, 6849.39
14.6, 15872.5, 6849.7
14.601, 15873.3, 6850.01
14.602, 15874.2, 6850.32
14.603, 15875.1, 6850.63
14.604, 15876, 6850.94
14.605, 15876.8, 6851.25
14.606, 15877.7, 6851.56
14.607, 15878.6, 6851.87
14.608, 15879.5, 6852.18
14.609, 15880.3, 6852.49
14.61, 15881.2, 6852.79
14.611, 15882.1, 6853.1
14.612, 15883, 6853.41
14.613, 15883.8, 6853.72
14.614, 15884.7, 6854.03
14.615, 15885.6, 6854.34
14.616, 15886.5, 6854.65
14.617, 15887.3, 6854.96
14.618, 15888.2, 6855.27
14.619, 15889.1, 6855.58
14.62, 15890, 6855.89
14.621, 15890.9, 6856.19
14.622, 15891.7, 6856.5
14.623, 15892.6, 6856.81
14.624, 15893.5, 6857.12
14.625, 15894.4, 6857.43
14.626, 15895.2, 6857.74
14.627, 15896.1, 6858.05
14.628, 15897, 6858.36
14.629, 15897.9, 6858.67
14.63, 15898.7, 6858.98
14.631, 15899.6, 6859.28
14.632, 15900.5, 6859.59
14.633, 15901.4, 6859.9
14.634, 15902.2, 6860.21
14.635, 15903.1, 6860.52
14.636, 15904, 6860.83
14.637, 15904.9, 6861.14
14.638, 15905.7, 6861.45
14.639, 15906.6, 6861.75
14.64, 15907.5, 6862.06
14.641, 15908.4, 6862.37
14.642, 15909.2, 6862.68
14.643, 15910.1, 6862.99
14.644, 15911, 6863.3
14.645, 15911.9, 6863.61
14.646, 15912.7, 6863.92
14.647, 15913.6, 6864.22
14.648, 15914.5, 6864.53
14.649, 15915.4, 6864.84
14.65, 15916.2, 6865.15
14.651, 15917.1, 6865.46
14.652, 15918, 6865.77
14.653, 15918.9, 6866.08
14.654, 15919.7, 6866.38
14.655, 15920.6, 6866.69
14.656, 15921.5, 6867
14.657, 15922.4, 6867.31
14.658, 15923.2, 6867.62
14.659, 15924.1, 6867.93
14.66, 15925, 6868.23
14.661, 15925.9, 6868.54
14.662, 15926.7, 6868.85
14.663, 15927.6, 6869.16
14.664, 15928.5, 6869.47
14.665, 15929.4, 6869.78
14.666, 15930.2, 6870.08
14.667, 15931.1, 6870.39
14.668, 15932, 6870.7
14.669, 15932.9, 6871.01
14.67, 15933.7, 6871.32
14.671, 15934.6, 6871.63
14.672, 15935.5, 6871.93
14.673, 15936.3, 6872.24
14.674, 15937.2, 6872.55
14.675, 15938.1, 6872.86
14.676, 15939, 6873.17
14.677, 15939.8, 6873.48
14.678, 15940.7, 6873.78
14.679, 15941.6, 6874.09
14.68, 15942.5, 6874.4
14.681, 15943.3, 6874.71
14.682, 15944.2, 6875.02
14.683, 15945.1, 6875.32
14.684, 15946, 6875.63
14.685, 15946.8, 6875.94
14.686, 15947.7, 6876.25
14.687, 15948.6, 6876.56
14.688, 15949.5, 6876.86
14.689, 15950.3, 6877.17
14.69, 15951.2, 6877.48
14.691, 15952.1, 6877.79
14.692, 15953, 6878.1
14.693, 15953.8, 6878.4
14.694, 15954.7, 6878.71
14.695, 15955.6, 6879.02
14.696, 15956.5, 6879.33
14.697, 15957.3, 6879.64
14.698, 15958.2, 6879.94
14.699, 15959.1, 6880.25
14.7, 15960, 6880.56
14.701, 15960.8, 6880.87
14.702, 15961.7, 6881.17
14.703, 15962.6, 6881.48
14.704, 15963.5, 6881.79
14.705, 15964.3, 6882.1
14.706, 15965.2, 6882.4
14.707, 15966.1, 6882.71
14.708, 15966.9, 6883.02
14.709, 15967.8, 6883.33
14.71, 15968.7, 6883.64
14.711, 15969.6, 6883.94
14.712, 15970.4, 6884.25
14.713, 15971.3, 6884.56
14.714, 15972.2, 6884.87
14.715, 15973.1, 6885.17
14.716, 15973.9, 6885.48
14.717, 15974.8, 6885.79
14.718, 15975.7, 6886.1
14.719, 15976.6, 6886.4
14.72, 15977.4, 6886.71
14.721, 15978.3, 6887.02
14.722, 15979.2, 6887.33
14.723, 15980.1, 6887.63
14.724, 15980.9, 6887.94
14.725, 15981.8, 6888.25
14.726, 15982.7, 6888.56
14.727, 15983.5, 6888.86
14.728, 15984.4, 6889.17
14.729, 15985.3, 6889.48
14.73, 15986.2, 6889.78
14.731, 15987, 6890.09
14.732, 15987.9, 6890.4
14.733, 15988.8, 6890.71
14.734, 15989.7, 6891.01
14.735, 15990.5, 6891.32
14.736, 15991.4, 6891.63
14.737, 15992.3, 6891.94
14.738, 15993.2, 6892.24
14.739, 15994, 6892.55
14.74, 15994.9, 6892.86
14.741, 15995.8, 6893.16
14.742, 15996.7, 6893.47
14.743, 15997.5, 6893.78
14.744, 15998.4, 6894.09
14.745, 15999.3, 6894.39
14.746, 16000.1, 6894.7
14.747, 16001, 6895.01
14.748, 16001.9, 6895.31
14.749, 16002.8, 6895.62
14.75, 16003.6, 6895.93
14.751, 16004.5, 6896.24
14.752, 16005.4, 6896.54
14.753, 16006.3, 6896.85
14.754, 16007.1, 6897.16
14.755, 16008, 6897.46
14.756, 16008.9, 6897.77
14.757, 16009.8, 6898.08
14.758, 16010.6, 6898.38
14.759, 16011.5, 6898.69
14.76, 16012.4, 6899
14.761, 16013.2, 6899.3
14.762, 16014.1, 6899.61
14.763, 16015, 6899.92
14.764, 16015.9, 6900.22
14.765, 16016.7, 6900.53
14.766, 16017.6, 6900.84
14.767, 16018.5, 6901.14
14.768, 16019.4, 6901.45
14.769, 16020.2, 6901.76
14.77, 16021.1, 6902.06
14.771, 16022, 6902.37
14.772, 16022.8, 6902.68
14.773, 16023.7, 6902.98
14.774, 16024.6, 6903.29
14.775, 16025.5, 6903.6
14.776, 16026.3, 6903.9
14.777, 16027.2, 6904.21
14.778, 16028.1, 6904.52
14.779, 16029, 6904.82
14.78, 16029.8, 6905.13
14.781, 16030.7, 6905.44
14.782, 16031.6, 6905.74
14.783, 16032.4, 6906.05
14.784, 16033.3, 6906.36
14.785, 16034.2, 6906.66
14.786, 16035.1, 6906.97
14.787, 16035.9, 6907.28
14.788, 16036.8, 6907.58
14.789, 16037.7, 6907.89
14.79, 16038.6, 6908.2
14.791, 16039.4, 6908.5
14.792, 16040.3, 6908.81
14.793, 16041.2, 6909.11
14.794, 16042, 6909.42
14.795, 16042.9, 6909.73
14.796, 16043.8, 6910.03
14.797, 16044.7, 6910.34
14.798, 16045.5, 6910.65
14.799, 16046.4, 6910.95
14.8, 16047.3, 6911.26
14.801, 16048.2, 6911.56
14.802, 16049, 6911.87
14.803, 16049.9, 6912.18
14.804, 16050.8, 6912.48
14.805, 16051.6, 6912.79
14.806, 16052.5, 6913.1
14.807, 16053.4, 6913.4
14.808, 16054.3, 6913.71
14.809, 16055.1, 6914.01
14.81, 16056, 6914.32
14.811, 16056.9, 6914.63
14.812, 16057.7, 6914.93
14.813, 16058.6, 6915.24
14.814, 16059.5, 6915.54
14.815, 16060.4, 6915.85
14.816, 16061.2, 6916.16
14.817, 16062.1, 6916.46
14.818, 16063, 6916.77
14.819, 16063.9, 6917.07
14.82, 16064.7, 6917.38
14.821, 16065.6, 6917.69
14.822, 16066.5, 6917.99
14.823, 16067.3, 6918.3
14.824, 16068.2, 6918.6
14.825, 16069.1, 6918.91
14.826, 16070, 6919.21
14.827, 16070.8, 6919.52
14.828, 16071.7, 6919.83
14.829, 16072.6, 6920.13
14.83, 16073.4, 6920.44
14.831, 16074.3, 6920.74
14.832, 16075.2, 6921.05
14.833, 16076.1, 6921.35
14.834, 16076.9, 6921.66
14.835, 16077.8, 6921.97
14.836, 16078.7, 6922.27
14.837, 16079.5, 6922.58
14.838, 16080.4, 6922.88
14.839, 16081.3, 6923.19
14.84, 16082.2, 6923.49
14.841, 16083, 6923.8
14.842, 16083.9, 6924.11
14.843, 16084.8, 6924.41
14.844, 16085.7, 6924.72
14.845, 16086.5, 6925.02
14.846, 16087.4, 6925.33
14.847, 16088.3, 6925.63
14.848, 16089.1, 6925.94
14.849, 16090, 6926.24
14.85, 16090.9, 6926.55
14.851, 16091.8, 6926.85
14.852, 16092.6, 6927.16
14.853, 16093.5, 6927.47
14.854, 16094.4, 6927.77
14.855, 16095.2, 6928.08
14.856, 16096.1, 6928.38
14.857, 16097, 6928.69
14.858, 16097.9, 6928.99
14.859, 16098.7, 6929.3
14.86, 16099.6, 6929.6
14.861, 16100.5, 6929.91
14.862, 16101.3, 6930.21
14.863, 16102.2, 6930.52
14.864, 16103.1, 6930.82
14.865, 16104, 6931.13
14.866, 16104.8, 6931.43
14.867, 16105.7, 6931.74
14.868, 16106.6, 6932.04
14.869, 16107.4, 6932.35
14.87, 16108.3, 6932.66
14.871, 16109.2, 6932.96
14.872, 16110.1, 6933.27
14.873, 16110.9, 6933.57
14.874, 16111.8, 6933.88
14.875, 16112.7, 6934.18
14.876, 16113.5, 6934.49
14.877, 16114.4, 6934.79
14.878, 16115.3, 6935.1
14.879, 16116.2, 6935.4
14.88, 16117, 6935.71
14.881, 16117.9, 6936.01
14.882, 16118.8, 6936.32
14.883, 16119.6, 6936.62
14.884, 16120.5, 6936.93
14.885, 16121.4, 6937.23
14.886, 16122.2, 6937.54
14.887, 16123.1, 6937.84
14.888, 16124, 6938.14
14.889, 16124.9, 6938.45
14.89, 16125.7, 6938.75
14.891, 16126.6, 6939.06
14.892, 16127.5, 6939.36
14.893, 16128.3, 6939.67
14.894, 16129.2, 6939.97
14.895, 16130.1, 6940.28
14.896, 16131, 6940.58
14.897, 16131.8, 6940.89
14.898, 16132.7, 6941.19
14.899, 16133.6, 6941.5
14.9, 16134.4, 6941.8
14.901, 16135.3, 6942.11
14.902, 16136.2, 6942.41
14.903, 16137.1, 6942.72
14.904, 16137.9, 6943.02
14.905, 16138.8, 6943.32
14.906, 16139.7, 6943.63
14.907, 16140.5, 6943.93
14.908, 16141.4, 6944.24
14.909, 16142.3, 6944.54
14.91, 16143.1, 6944.85
14.911, 16144, 6945.15
14.912, 16144.9, 6945.46
14.913, 16145.8, 6945.76
14.914, 16146.6, 6946.07
14.915, 16147.5, 6946.37
14.916, 16148.4, 6946.67
14.917, 16149.2, 6946.98
14.918, 16150.1, 6947.28
14.919, 16151, 6947.59
14.92, 16151.9, 6947.89
14.921, 16152.7, 6948.2
14.922, 16153.6, 6948.5
14.923, 16154.5, 6948.8
14.924, 16155.3, 6949.11
14.925, 16156.2, 6949.41
14.926, 16157.1, 6949.72
14.927, 16157.9, 6950.02
14.928, 16158.8, 6950.33
14.929, 16159.7, 6950.63
14.93, 16160.6, 6950.93
14.931, 16161.4, 6951.24
14.932, 16162.3, 6951.54
14.933, 16163.2, 6951.85
14.934, 16164, 6952.15
14.935, 16164.9, 6952.46
14.936, 16165.8, 6952.76
14.937, 16166.6, 6953.06
14.938, 16167.5, 6953.37
14.939, 16168.4, 6953.67
14.94, 16169.3, 6953.98
14.941, 16170.1, 6954.28
14.942, 16171, 6954.58
14.943, 16171.9, 6954.89
14.944, 16172.7, 6955.19
14.945, 16173.6, 6955.5
14.946, 16174.5, 6955.8
14.947, 16175.3, 6956.1
14.948, 16176.2, 6956.41
14.949, 16177.1, 6956.71
14.95, 16178, 6957.02
14.951, 16178.8, 6957.32
14.952, 16179.7, 6957.62
14.953, 16180.6, 6957.93
14.954, 16181.4, 6958.23
14.955, 16182.3, 6958.53
14.956, 16183.2, 6958.84
14.957, 16184, 6959.14
14.958, 16184.9, 6959.45
14.959, 16185.8, 6959.75
14.96, 16186.7, 6960.05
14.961, 16187.5, 6960.36
14.962, 16188.4, 6960.66
14.963, 16189.3, 6960.96
14.964, 16190.1, 6961.27
14.965, 16191, 6961.57
14.966, 16191.9, 6961.88
14.967, 16192.7, 6962.18
14.968, 16193.6, 6962.48
14.969, 16194.5, 6962.79
14.97, 16195.4, 6963.09
14.971, 16196.2, 6963.39
14.972, 16197.1, 6963.7
14.973, 16198, 6964
14.974, 16198.8, 6964.3
14.975, 16199.7, 6964.61
14.976, 16200.6, 6964.91
14.977, 16201.4, 6965.21
14.978, 16202.3, 6965.52
14.979, 16203.2, 6965.82
14.98, 16204, 6966.12
14.981, 16204.9, 6966.43
14.982, 16205.8, 6966.73
14.983, 16206.7, 6967.03
14.984, 16207.5, 6967.34
14.985, 16208.4, 6967.64
14.986, 16209.3, 6967.94
14.987, 16210.1, 6968.25
14.988, 16211, 6968.55
14.989, 16211.9, 6968.85
14.99, 16212.7, 6969.16
14.991, 16213.6, 6969.46
14.992, 16214.5, 6969.76
14.993, 16215.4, 6970.07
14.994, 16216.2, 6970.37
14.995, 16217.1, 6970.67
14.996, 16218, 6970.98
14.997, 16218.8, 6971.28
14.998, 16219.7, 6971.58
14.999, 16220.6, 6971.89
15, 16221.4, 6972.19
15.001, 16222.3, 6972.49
15.002, 16223.2, 6972.8
15.003, 16224, 6973.1
15.004, 16224.9, 6973.4
15.005, 16225.8, 6973.7
15.006, 16226.6, 6974.01
15.007, 16227.5, 6974.31
15.008, 16228.4, 6974.61
15.009, 16229.3, 6974.92
15.01, 16230.1, 6975.22
15.011, 16231, 6975.52
15.012, 16231.9, 6975.83
15.013, 16232.7, 6976.13
15.014, 16233.6, 6976.43
15.015, 16234.5, 6976.73
15.016, 16235.3, 6977.04
15.017, 16236.2, 6977.34
15.018, 16237.1, 6977.64
15.019, 16237.9, 6977.95
15.02, 16238.8, 6978.25
15.021, 16239.7, 6978.55
15.022, 16240.6, 6978.85
15.023, 16241.4, 6979.16
15.024, 16242.3, 6979.46
15.025, 16243.2, 6979.76
15.026, 16244, 6980.06
15.027, 16244.9, 6980.37
15.028, 16245.8, 6980.67
15.029, 16246.6, 6980.97
15.03, 16247.5, 6981.28
15.031, 16248.4, 6981.58
15.032, 16249.2, 6981.88
15.033, 16250.1, 6982.18
15.034, 16251, 6982.49
15.035, 16251.8, 6982.79
15.036, 16252.7, 6983.09
15.037, 16253.6, 6983.39
15.038, 16254.4, 6983.7
15.039, 16255.3, 6984
15.04, 16256.2, 6984.3
15.041, 16257.1, 6984.6
15.042, 16257.9, 6984.91
15.043, 16258.8, 6985.21
15.044, 16259.7, 6985.51
15.045, 16260.5, 6985.81
15.046, 16261.4, 6986.12
15.047, 16262.3, 6986.42
15.048, 16263.1, 6986.72
15.049, 16264, 6987.02
15.05, 16264.9, 6987.33
15.051, 16265.7, 6987.63
15.052, 16266.6, 6987.93
15.053, 16267.5, 6988.23
15.054, 16268.3, 6988.53
15.055, 16269.2, 6988.84
15.056, 16270.1, 6989.14
15.057, 16270.9, 6989.44
15.058, 16271.8, 6989.74
15.059, 16272.7, 6990.05
15.06, 16273.6, 6990.35
15.061, 16274.4, 6990.65
15.062, 16275.3, 6990.95
15.063, 16276.2, 6991.25
15.064, 16277, 6991.56
15.065, 16277.9, 6991.86
15.066, 16278.8, 6992.16
15.067, 16279.6, 6992.46
15.068, 16280.5, 6992.76
15.069, 16281.4, 6993.07
15.07, 16282.2, 6993.37
15.071, 16283.1, 6993.67
15.072, 16284, 6993.97
15.073, 16284.8, 6994.27
15.074, 16285.7, 6994.58
15.075, 16286.6, 6994.88
15.076, 16287.4, 6995.18
15.077, 16288.3, 6995.48
15.078, 16289.2, 6995.78
15.079, 16290, 6996.09
15.08, 16290.9, 6996.39
15.081, 16291.8, 6996.69
15.082, 16292.6, 6996.99
15.083, 16293.5, 6997.29
15.084, 16294.4, 6997.6
15.085, 16295.3, 6997.9
15.086, 16296.1, 6998.2
15.087, 16297, 6998.5
15.088, 16297.9, 6998.8
15.089, 16298.7, 6999.1
15.09, 16299.6, 6999.41
15.091, 16300.5, 6999.71
15.092, 16301.3, 7000.01
15.093, 16302.2, 7000.31
15.094, 16303.1, 7000.61
15.095, 16303.9, 7000.91
15.096, 16304.8, 7001.22
15.097, 16305.7, 7001.52
15.098, 16306.5, 7001.82
15.099, 16307.4, 7002.12
15.1, 16308.3, 7002.42
15.101, 16309.1, 7002.72
15.102, 16310, 7003.03
15.103, 16310.9, 7003.33
15.104, 16311.7, 7003.63
15.105, 16312.6, 7003.93
15.106, 16313.5, 7004.23
15.107, 16314.3, 7004.53
15.108, 16315.2, 7004.83
15.109, 16316.1, 7005.14
15.11, 16316.9, 7005.44
15.111, 16317.8, 7005.74
15.112, 16318.7, 7006.04
15.113, 16319.5, 7006.34
15.114, 16320.4, 7006.64
15.115, 16321.3, 7006.94
15.116, 16322.1, 7007.24
15.117, 16323, 7007.55
15.118, 16323.9, 7007.85
15.119, 16324.7, 7008.15
15.12, 16325.6, 7008.45
15.121, 16326.5, 7008.75
15.122, 16327.3, 7009.05
15.123, 16328.2, 7009.35
15.124, 16329.1, 7009.65
15.125, 16329.9, 7009.96
15.126, 16330.8, 7010.26
15.127, 16331.7, 7010.56
15.128, 16332.5, 7010.86
15.129, 16333.4, 7011.16
15.13, 16334.3, 7011.46
15.131, 16335.1, 7011.76
15.132, 16336, 7012.06
15.133, 16336.9, 7012.36
15.134, 16337.8, 7012.67
15.135, 16338.6, 7012.97
15.136, 16339.5, 7013.27
15.137, 16340.4, 7013.57
15.138, 16341.2, 7013.87
15.139, 16342.1, 7014.17
15.14, 16343, 7014.47
15.141, 16343.8, 7014.77
15.142, 16344.7, 7015.07
15.143, 16345.6, 7015.37
15.144, 16346.4, 7015.68
15.145, 16347.3, 7015.98
15.146, 16348.2, 7016.28
15.147, 16349, 7016.58
15.148, 16349.9, 7016.88
15.149, 16350.8, 7017.18
15.15, 16351.6, 7017.48
15.151, 16352.5, 7017.78
15.152, 16353.4, 7018.08
15.153, 16354.2, 7018.38
15.154, 16355.1, 7018.68
15.155, 16356, 7018.98
15.156, 16356.8, 7019.28
15.157, 16357.7, 7019.59
15.158, 16358.6, 7019.89
15.159, 16359.4, 7020.19
15.16, 16360.3, 7020.49
15.161, 16361.2, 7020.79
15.162, 16362, 7021.09
15.163, 16362.9, 7021.39
15.164, 16363.8, 7021.69
15.165, 16364.6, 7021.99
15.166, 16365.5, 7022.29
15.167, 16366.4, 7022.59
15.168, 16367.2, 7022.89
15.169, 16368.1, 7023.19
15.17, 16368.9, 7023.49
15.171, 16369.8, 7023.79
15.172, 16370.7, 7024.09
15.173, 16371.5, 7024.39
15.174, 16372.4, 7024.69
15.175, 16373.3, 7025
15.176, 16374.1, 7025.3
15.177, 16375, 7025.6
15.178, 16375.9, 7025.9
15.179, 16376.7, 7026.2
15.18, 16377.6, 7026.5
15.181, 16378.5, 7026.8
15.182, 16379.3, 7027.1
15.183, 16380.2, 7027.4
15.184, 16381.1, 7027.7
15.185, 16381.9, 7028
15.186, 16382.8, 7028.3
15.187, 16383.7, 7028.6
15.188, 16384.5, 7028.9
15.189, 16385.4, 7029.2
15.19, 16386.3, 7029.5
15.191, 16387.1, 7029.8
15.192, 16388, 7030.1
15.193, 16388.9, 7030.4
15.194, 16389.7, 7030.7
15.195, 16390.6, 7031
15.196, 16391.5, 7031.3
15.197, 16392.3, 7031.6
15.198, 16393.2, 7031.9
15.199, 16394.1, 7032.2
15.2, 16394.9, 7032.5
15.201, 16395.8, 7032.8
15.202, 16396.7, 7033.1
15.203, 16397.5, 7033.4
15.204, 16398.4, 7033.7
15.205, 16399.3, 7034
15.206, 16400.1, 7034.3
15.207, 16401, 7034.6
15.208, 16401.9, 7034.9
15.209, 16402.7, 7035.2
15.21, 16403.6, 7035.5
15.211, 16404.5, 7035.8
15.212, 16405.3, 7036.1
15.213, 16406.2, 7036.4
15.214, 16407.1, 7036.7
15.215, 16407.9, 7037
15.216, 16408.8, 7037.3
15.217, 16409.7, 7037.6
15.218, 16410.5, 7037.9
15.219, 16411.4, 7038.2
15.22, 16412.2, 7038.5
15.221, 16413.1, 7038.8
15.222, 16414, 7039.1
15.223, 16414.8, 7039.4
15.224, 16415.7, 7039.7
15.225, 16416.6, 7040
15.226, 16417.4, 7040.3
15.227, 16418.3, 7040.59
15.228, 16419.2, 7040.89
15.229, 16420, 7041.19
15.23, 16420.9, 7041.49
15.231, 16421.8, 7041.79
15.232, 16422.6, 7042.09
15.233, 16423.5, 7042.39
15.234, 16424.4, 7042.69
15.235, 16425.2, 7042.99
15.236, 16426.1, 7043.29
15.237, 16427, 7043.59
15.238, 16427.8, 7043.89
15.239, 16428.7, 7044.19
15.24, 16429.6, 7044.49
15.241, 16430.4, 7044.79
15.242, 16431.3, 7045.09
15.243, 16432.2, 7045.39
15.244, 16433, 7045.69
15.245, 16433.9, 7045.99
15.246, 16434.7, 7046.28
15.247, 16435.6, 7046.58
15.248, 16436.5, 7046.88
15.249, 16437.3, 7047.18
15.25, 16438.2, 7047.48
15.251, 16439.1, 7047.78
15.252, 16439.9, 7048.08
15.253, 16440.8, 7048.38
15.254, 16441.7, 7048.68
15.255, 16442.5, 7048.98
15.256, 16443.4, 7049.28
15.257, 16444.3, 7049.58
15.258, 16445.1, 7049.87
15.259, 16446, 7050.17
15.26, 16446.9, 7050.47
15.261, 16447.7, 7050.77
15.262, 16448.6, 7051.07
15.263, 16449.5, 7051.37
15.264, 16450.3, 7051.67
15.265, 16451.2, 7051.97
15.266, 16452, 7052.27
15.267, 16452.9, 7052.57
15.268, 16453.8, 7052.87
15.269, 16454.6, 7053.16
15.27, 16455.5, 7053.46
15.271, 16456.4, 7053.76
15.272, 16457.2, 7054.06
15.273, 16458.1, 7054.36
15.274, 16459, 7054.66
15.275, 16459.8, 7054.96
15.276, 16460.7, 7055.26
15.277, 16461.6, 7055.56
15.278, 16462.4, 7055.85
15.279, 16463.3, 7056.15
15.28, 16464.2, 7056.45
15.281, 16465, 7056.75
15.282, 16465.9, 7057.05
15.283, 16466.7, 7057.35
15.284, 16467.6, 7057.65
15.285, 16468.5, 7057.95
15.286, 16469.3, 7058.24
15.287, 16470.2, 7058.54
15.288, 16471.1, 7058.84
15.289, 16471.9, 7059.14
15.29, 16472.8, 7059.44
15.291, 16473.7, 7059.74
15.292, 16474.5, 7060.04
15.293, 16475.4, 7060.33
15.294, 16476.3, 7060.63
15.295, 16477.1, 7060.93
15.296, 16478, 7061.23
15.297, 16478.8, 7061.53
15.298, 16479.7, 7061.83
15.299, 16480.6, 7062.13
15.3, 16481.4, 7062.42
15.301, 16482.3, 7062.72
15.302, 16483.2, 7063.02
15.303, 16484, 7063.32
15.304, 16484.9, 7063.62
15.305, 16485.8, 7063.92
15.306, 16486.6, 7064.21
15.307, 16487.5, 7064.51
15.308, 16488.4, 7064.81
15.309, 16489.2, 7065.11
15.31, 16490.1, 7065.41
15.311, 16490.9, 7065.71
15.312, 16491.8, 7066
15.313, 16492.7, 7066.3
15.314, 16493.5, 7066.6
15.315, 16494.4, 7066.9
15.316, 16495.3, 7067.2
15.317, 16496.1, 7067.5
15.318, 16497, 7067.79
15.319, 16497.9, 7068.09
15.32, 16498.7, 7068.39
15.321, 16499.6, 7068.69
15.322, 16500.5, 7068.99
15.323, 16501.3, 7069.29
15.324, 16502.2, 7069.58
15.325, 16503, 7069.88
15.326, 16503.9, 7070.18
15.327, 16504.8, 7070.48
15.328, 16505.6, 7070.78
15.329, 16506.5, 7071.07
15.33, 16507.4, 7071.37
15.331, 16508.2, 7071.67
15.332, 16509.1, 7071.97
15.333, 16510, 7072.27
15.334, 16510.8, 7072.56
15.335, 16511.7, 7072.86
15.336, 16512.5, 7073.16
15.337, 16513.4, 7073.46
15.338, 16514.3, 7073.76
15.339, 16515.1, 7074.05
15.34, 16516, 7074.35
15.341, 16516.9, 7074.65
15.342, 16517.7, 7074.95
15.343, 16518.6, 7075.24
15.344, 16519.5, 7075.54
15.345, 16520.3, 7075.84
15.346, 16521.2, 7076.14
15.347, 16522, 7076.44
15.348, 16522.9, 7076.73
15.349, 16523.8, 7077.03
15.35, 16524.6, 7077.33
15.351, 16525.5, 7077.63
15.352, 16526.4, 7077.92
15.353, 16527.2, 7078.22
15.354, 16528.1, 7078.52
15.355, 16529, 7078.82
15.356, 16529.8, 7079.11
15.357, 16530.7, 7079.41
15.358, 16531.5, 7079.71
15.359, 16532.4, 7080.01
15.36, 16533.3, 7080.31
15.361, 16534.1, 7080.6
15.362, 16535, 7080.9
15.363, 16535.9, 7081.2
15.364, 16536.7, 7081.5
15.365, 16537.6, 7081.79
15.366, 16538.4, 7082.09
15.367, 16539.3, 7082.39
15.368, 16540.2, 7082.69
15.369, 16541, 7082.98
15.37, 16541.9, 7083.28
15.371, 16542.8, 7083.58
15.372, 16543.6, 7083.87
15.373, 16544.5, 7084.17
15.374, 16545.4, 7084.47
15.375, 16546.2, 7084.77
15.376, 16547.1, 7085.06
15.377, 16547.9, 7085.36
15.378, 16548.8, 7085.66
15.379, 16549.7, 7085.96
15.38, 16550.5, 7086.25
15.381, 16551.4, 7086.55
15.382, 16552.3, 7086.85
15.383, 16553.1, 7087.15
15.384, 16554, 7087.44
15.385, 16554.8, 7087.74
15.386, 16555.7, 7088.04
15.387, 16556.6, 7088.33
15.388, 16557.4, 7088.63
15.389, 16558.3, 7088.93
15.39, 16559.2, 7089.23
15.391, 16560, 7089.52
15.392, 16560.9, 7089.82
15.393, 16561.7, 7090.12
15.394, 16562.6, 7090.41
15.395, 16563.5, 7090.71
15.396, 16564.3, 7091.01
15.397, 16565.2, 7091.3
15.398, 16566.1, 7091.6
15.399, 16566.9, 7091.9
15.4, 16567.8, 7092.2
15.401, 16568.7, 7092.49
15.402, 16569.5, 7092.79
15.403, 16570.4, 7093.09
15.404, 16571.2, 7093.38
15.405, 16572.1, 7093.68
15.406, 16573, 7093.98
15.407, 16573.8, 7094.27
15.408, 16574.7, 7094.57
15.409, 16575.6, 7094.87
15.41, 16576.4, 7095.16
15.411, 16577.3, 7095.46
15.412, 16578.1, 7095.76
15.413, 16579, 7096.05
15.414, 16579.9, 7096.35
15.415, 16580.7, 7096.65
15.416, 16581.6, 7096.94
15.417, 16582.5, 7097.24
15.418, 16583.3, 7097.54
15.419, 16584.2, 7097.83
15.42, 16585, 7098.13
15.421, 16585.9, 7098.43
15.422, 16586.8, 7098.72
15.423, 16587.6, 7099.02
15.424, 16588.5, 7099.32
15.425, 16589.4, 7099.61
15.426, 16590.2, 7099.91
15.427, 16591.1, 7100.21
15.428, 16591.9, 7100.5
15.429, 16592.8, 7100.8
15.43, 16593.7, 7101.1
15.431, 16594.5, 7101.39
15.432, 16595.4, 7101.69
15.433, 16596.2, 7101.99
15.434, 16597.1, 7102.28
15.435, 16598, 7102.58
15.436, 16598.8, 7102.88
15.437, 16599.7, 7103.17
15.438, 16600.6, 7103.47
15.439, 16601.4, 7103.76
15.44, 16602.3, 7104.06
15.441, 16603.1, 7104.36
15.442, 16604, 7104.65
15.443, 16604.9, 7104.95
15.444, 16605.7, 7105.25
15.445, 16606.6, 7105.54
15.446, 16607.5, 7105.84
15.447, 16608.3, 7106.13
15.448, 16609.2, 7106.43
15.449, 16610, 7106.73
15.45, 16610.9, 7107.02
15.451, 16611.8, 7107.32
15.452, 16612.6, 7107.62
15.453, 16613.5, 7107.91
15.454, 16614.4, 7108.21
15.455, 16615.2, 7108.5
15.456, 16616.1, 7108.8
15.457, 16616.9, 7109.1
15.458, 16617.8, 7109.39
15.459, 16618.7, 7109.69
15.46, 16619.5, 7109.98
15.461, 16620.4, 7110.28
15.462, 16621.2, 7110.58
15.463, 16622.1, 7110.87
15.464, 16623, 7111.17
15.465, 16623.8, 7111.46
15.466, 16624.7, 7111.76
15.467, 16625.6, 7112.06
15.468, 16626.4, 7112.35
15.469, 16627.3, 7112.65
15.47, 16628.1, 7112.94
15.471, 16629, 7113.24
15.472, 16629.9, 7113.54
15.473, 16630.7, 7113.83
15.474, 16631.6, 7114.13
15.475, 16632.4, 7114.42
15.476, 16633.3, 7114.72
15.477, 16634.2, 7115.01
15.478, 16635, 7115.31
15.479, 16635.9, 7115.61
15.48, 16636.8, 7115.9
15.481, 16637.6, 7116.2
15.482, 16638.5, 7116.49
15.483, 16639.3, 7116.79
15.484, 16640.2, 7117.08
15.485, 16641.1, 7117.38
15.486, 16641.9, 7117.68
15.487, 16642.8, 7117.97
15.488, 16643.6, 7118.27
15.489, 16644.5, 7118.56
15.49, 16645.4, 7118.86
15.491, 16646.2, 7119.15
15.492, 16647.1, 7119.45
15.493, 16647.9, 7119.75
15.494, 16648.8, 7120.04
15.495, 16649.7, 7120.34
15.496, 16650.5, 7120.63
15.497, 16651.4, 7120.93
15.498, 16652.3, 7121.22
15.499, 16653.1, 7121.52
15.5, 16654, 7121.81
15.501, 16654.8, 7122.11
15.502, 16655.7, 7122.4
15.503, 16656.6, 7122.7
15.504, 16657.4, 7123
15.505, 16658.3, 7123.29
15.506, 16659.1, 7123.59
15.507, 16660, 7123.88
15.508, 16660.9, 7124.18
15.509, 16661.7, 7124.47
15.51, 16662.6, 7124.77
15.511, 16663.4, 7125.06
15.512, 16664.3, 7125.36
15.513, 16665.2, 7125.65
15.514, 16666, 7125.95
15.515, 16666.9, 7126.24
15.516, 16667.8, 7126.54
15.517, 16668.6, 7126.83
15.518, 16669.5, 7127.13
15.519, 16670.3, 7127.42
15.52, 16671.2, 7127.72
15.521, 16672.1, 7128.01
15.522, 16672.9, 7128.31
15.523, 16673.8, 7128.6
15.524, 16674.6, 7128.9
15.525, 16675.5, 7129.19
15.526, 16676.4, 7129.49
15.527, 16677.2, 7129.78
15.528, 16678.1, 7130.08
15.529, 16678.9, 7130.37
15.53, 16679.8, 7130.67
15.531, 16680.7, 7130.96
15.532, 16681.5, 7131.26
15.533, 16682.4, 7131.55
15.534, 16683.2, 7131.85
15.535, 16684.1, 7132.14
15.536, 16685, 7132.44
15.537, 16685.8, 7132.73
15.538, 16686.7, 7133.03
15.539, 16687.5, 7133.32
15.54, 16688.4, 7133.62
15.541, 16689.3, 7133.91
15.542, 16690.1, 7134.21
15.543, 16691, 7134.5
15.544, 16691.9, 7134.8
15.545, 16692.7, 7135.09
15.546, 16693.6, 7135.39
15.547, 16694.4, 7135.68
15.548, 16695.3, 7135.98
15.549, 16696.2, 7136.27
15.55, 16697, 7136.57
15.551, 16697.9, 7136.86
15.552, 16698.7, 7137.15
15.553, 16699.6, 7137.45
15.554, 16700.5, 7137.74
15.555, 16701.3, 7138.04
15.556, 16702.2, 7138.33
15.557, 16703, 7138.63
15.558, 16703.9, 7138.92
15.559, 16704.8, 7139.22
15.56, 16705.6, 7139.51
15.561, 16706.5, 7139.81
15.562, 16707.3, 7140.1
15.563, 16708.2, 7140.39
15.564, 16709.1, 7140.69
15.565, 16709.9, 7140.98
15.566, 16710.8, 7141.28
15.567, 16711.6, 7141.57
15.568, 16712.5, 7141.87
15.569, 16713.4, 7142.16
15.57, 16714.2, 7142.46
15.571, 16715.1, 7142.75
15.572, 16715.9, 7143.04
15.573, 16716.8, 7143.34
15.574, 16717.7, 7143.63
15.575, 16718.5, 7143.93
15.576, 16719.4, 7144.22
15.577, 16720.2, 7144.52
15.578, 16721.1, 7144.81
15.579, 16722, 7145.1
15.58, 16722.8, 7145.4
15.581, 16723.7, 7145.69
15.582, 16724.5, 7145.99
15.583, 16725.4, 7146.28
15.584, 16726.3, 7146.58
15.585, 16727.1, 7146.87
15.586, 16728, 7147.16
15.587, 16728.8, 7147.46
15.588, 16729.7, 7147.75
15.589, 16730.6, 7148.05
15.59, 16731.4, 7148.34
15.591, 16732.3, 7148.63
15.592, 16733.1, 7148.93
15.593, 16734, 7149.22
15.594, 16734.9, 7149.52
15.595, 16735.7, 7149.81
15.596, 16736.6, 7150.1
15.597, 16737.4, 7150.4
15.598, 16738.3, 7150.69
15.599, 16739.1, 7150.99
15.6, 16740, 7151.28
15.601, 16740.9, 7151.57
15.602, 16741.7, 7151.87
15.603, 16742.6, 7152.16
15.604, 16743.4, 7152.46
15.605, 16744.3, 7152.75
15.606, 16745.2, 7153.04
15.607, 16746, 7153.34
15.608, 16746.9, 7153.63
15.609, 16747.7, 7153.92
15.61, 16748.6, 7154.22
15.611, 16749.5, 7154.51
15.612, 16750.3, 7154.81
15.613, 16751.2, 7155.1
15.614, 16752, 7155.39
15.615, 16752.9, 7155.69
15.616, 16753.8, 7155.98
15.617, 16754.6, 7156.27
15.618, 16755.5, 7156.57
15.619, 16756.3, 7156.86
15.62, 16757.2, 7157.15
15.621, 16758.1, 7157.45
15.622, 16758.9, 7157.74
15.623, 16759.8, 7158.04
15.624, 16760.6, 7158.33
15.625, 16761.5, 7158.62
15.626, 16762.4, 7158.92
15.627, 16763.2, 7159.21
15.628, 16764.1, 7159.5
15.629, 16764.9, 7159.8
15.63, 16765.8, 7160.09
15.631, 16766.6, 7160.38
15.632, 16767.5, 7160.68
15.633, 16768.4, 7160.97
15.634, 16769.2, 7161.26
15.635, 16770.1, 7161.56
15.636, 16770.9, 7161.85
15.637, 16771.8, 7162.14
15.638, 16772.7, 7162.44
15.639, 16773.5, 7162.73
15.64, 16774.4, 7163.02
15.641, 16775.2, 7163.32
15.642, 16776.1, 7163.61
15.643, 16777, 7163.9
15.644, 16777.8, 7164.2
15.645, 16778.7, 7164.49
15.646, 16779.5, 7164.78
15.647, 16780.4, 7165.08
15.648, 16781.2, 7165.37
15.649, 16782.1, 7165.66
15.65, 16783, 7165.96
15.651, 16783.8, 7166.25
15.652, 16784.7, 7166.54
15.653, 16785.5, 7166.84
15.654, 16786.4, 7167.13
15.655, 16787.3, 7167.42
15.656, 16788.1, 7167.71
15.657, 16789, 7168.01
15.658, 16789.8, 7168.3
15.659, 16790.7, 7168.59
15.66, 16791.6, 7168.89
15.661, 16792.4, 7169.18
15.662, 16793.3, 7169.47
15.663, 16794.1, 7169.77
15.664, 16795, 7170.06
15.665, 16795.8, 7170.35
15.666, 16796.7, 7170.64
15.667, 16797.6, 7170.94
15.668, 16798.4, 7171.23
15.669, 16799.3, 7171.52
15.67, 16800.1, 7171.82
15.671, 16801, 7172.11
15.672, 16801.9, 7172.4
15.673, 16802.7, 7172.69
15.674, 16803.6, 7172.99
15.675, 16804.4, 7173.28
15.676, 16805.3, 7173.57
15.677, 16806.1, 7173.87
15.678, 16807, 7174.16
15.679, 16807.9, 7174.45
15.68, 16808.7, 7174.74
15.681, 16809.6, 7175.04
15.682, 16810.4, 7175.33
15.683, 16811.3, 7175.62
15.684, 16812.2, 7175.91
15.685, 16813, 7176.21
15.686, 16813.9, 7176.5
15.687, 16814.7, 7176.79
15.688, 16815.6, 7177.08
15.689, 16816.4, 7177.38
15.69, 16817.3, 7177.67
15.691, 16818.2, 7177.96
15.692, 16819, 7178.25
15.693, 16819.9, 7178.55
15.694, 16820.7, 7178.84
15.695, 16821.6, 7179.13
15.696, 16822.5, 7179.42
15.697, 16823.3, 7179.72
15.698, 16824.2, 7180.01
15.699, 16825, 7180.3
15.7, 16825.9, 7180.59
15.701, 16826.7, 7180.89
15.702, 16827.6, 7181.18
15.703, 16828.5, 7181.47
15.704, 16829.3, 7181.76
15.705, 16830.2, 7182.06
15.706, 16831, 7182.35
15.707, 16831.9, 7182.64
15.708, 16832.7, 7182.93
15.709, 16833.6, 7183.23
15.71, 16834.5, 7183.52
15.711, 16835.3, 7183.81
15.712, 16836.2, 7184.1
15.713, 16837, 7184.39
15.714, 16837.9, 7184.69
15.715, 16838.8, 7184.98
15.716, 16839.6, 7185.27
15.717, 16840.5, 7185.56
15.718, 16841.3, 7185.85
15.719, 16842.2, 7186.15
15.72, 16843, 7186.44
15.721, 16843.9, 7186.73
15.722, 16844.8, 7187.02
15.723, 16845.6, 7187.32
15.724, 16846.5, 7187.61
15.725, 16847.3, 7187.9
15.726, 16848.2, 7188.19
15.727, 16849, 7188.48
15.728, 16849.9, 7188.78
15.729, 16850.8, 7189.07
15.73, 16851.6, 7189.36
15.731, 16852.5, 7189.65
15.732, 16853.3, 7189.94
15.733, 16854.2, 7190.23
15.734, 16855, 7190.53
15.735, 16855.9, 7190.82
15.736, 16856.8, 7191.11
15.737, 16857.6, 7191.4
15.738, 16858.5, 7191.69
15.739, 16859.3, 7191.99
15.74, 16860.2, 7192.28
15.741, 16861, 7192.57
15.742, 16861.9, 7192.86
15.743, 16862.8, 7193.15
15.744, 16863.6, 7193.44
15.745, 16864.5, 7193.74
15.746, 16865.3, 7194.03
15.747, 16866.2, 7194.32
15.748, 16867, 7194.61
15.749, 16867.9, 7194.9
15.75, 16868.8, 7195.19
15.751, 16869.6, 7195.49
15.752, 16870.5, 7195.78
15.753, 16871.3, 7196.07
15.754, 16872.2, 7196.36
15.755, 16873, 7196.65
15.756, 16873.9, 7196.94
15.757, 16874.8, 7197.24
15.758, 16875.6, 7197.53
15.759, 16876.5, 7197.82
15.76, 16877.3, 7198.11
15.761, 16878.2, 7198.4
15.762, 16879, 7198.69
15.763, 16879.9, 7198.98
15.764, 16880.8, 7199.28
15.765, 16881.6, 7199.57
15.766, 16882.5, 7199.86
15.767, 16883.3, 7200.15
15.768, 16884.2, 7200.44
15.769, 16885, 7200.73
15.77, 16885.9, 7201.02
15.771, 16886.8, 7201.32
15.772, 16887.6, 7201.61
15.773, 16888.5, 7201.9
15.774, 16889.3, 7202.19
15.775, 16890.2, 7202.48
15.776, 16891, 7202.77
15.777, 16891.9, 7203.06
15.778, 16892.8, 7203.35
15.779, 16893.6, 7203.65
15.78, 16894.5, 7203.94
15.781, 16895.3, 7204.23
15.782, 16896.2, 7204.52
15.783, 16897, 7204.81
15.784, 16897.9, 7205.1
15.785, 16898.8, 7205.39
15.786, 16899.6, 7205.68
15.787, 16900.5, 7205.98
15.788, 16901.3, 7206.27
15.789, 16902.2, 7206.56
15.79, 16903, 7206.85
15.791, 16903.9, 7207.14
15.792, 16904.8, 7207.43
15.793, 16905.6, 7207.72
15.794, 16906.5, 7208.01
15.795, 16907.3, 7208.3
15.796, 16908.2, 7208.59
15.797, 16909, 7208.89
15.798, 16909.9, 7209.18
15.799, 16910.7, 7209.47
15.8, 16911.6, 7209.76
15.801, 16912.5, 7210.05
15.802, 16913.3, 7210.34
15.803, 16914.2, 7210.63
15.804, 16915, 7210.92
15.805, 16915.9, 7211.21
15.806, 16916.7, 7211.5
15.807, 16917.6, 7211.79
15.808, 16918.5, 7212.08
15.809, 16919.3, 7212.38
15.81, 16920.2, 7212.67
15.811, 16921, 7212.96
15.812, 16921.9, 7213.25
15.813, 16922.7, 7213.54
15.814, 16923.6, 7213.83
15.815, 16924.4, 7214.12
15.816, 16925.3, 7214.41
15.817, 16926.2, 7214.7
15.818, 16927, 7214.99
15.819, 16927.9, 7215.28
15.82, 16928.7, 7215.57
15.821, 16929.6, 7215.86
15.822, 16930.4, 7216.15
15.823, 16931.3, 7216.44
15.824, 16932.2, 7216.73
15.825, 16933, 7217.03
15.826, 16933.9, 7217.32
15.827, 16934.7, 7217.61
15.828, 16935.6, 7217.9
15.829, 16936.4, 7218.19
15.83, 16937.3, 7218.48
15.831, 16938.1, 7218.77
15.832, 16939, 7219.06
15.833, 16939.9, 7219.35
15.834, 16940.7, 7219.64
15.835, 16941.6, 7219.93
15.836, 16942.4, 7220.22
15.837, 16943.3, 7220.51
15.838, 16944.1, 7220.8
15.839, 16945, 7221.09
15.84, 16945.8, 7221.38
15.841, 16946.7, 7221.67
15.842, 16947.6, 7221.96
15.843, 16948.4, 7222.25
15.844, 16949.3, 7222.54
15.845, 16950.1, 7222.83
15.846, 16951, 7223.12
15.847, 16951.8, 7223.41
15.848, 16952.7, 7223.7
15.849, 16953.5, 7223.99
15.85, 16954.4, 7224.28
15.851, 16955.3, 7224.57
15.852, 16956.1, 7224.86
15.853, 16957, 7225.15
15.854, 16957.8, 7225.44
15.855, 16958.7, 7225.73
15.856, 16959.5, 7226.02
15.857, 16960.4, 7226.31
15.858, 16961.2, 7226.6
15.859, 16962.1, 7226.89
15.86, 16963, 7227.18
15.861, 16963.8, 7227.47
15.862, 16964.7, 7227.76
15.863, 16965.5, 7228.05
15.864, 16966.4, 7228.34
15.865, 16967.2, 7228.63
15.866, 16968.1, 7228.92
15.867, 16968.9, 7229.21
15.868, 16969.8, 7229.5
15.869, 16970.7, 7229.79
15.87, 16971.5, 7230.08
15.871, 16972.4, 7230.37
15.872, 16973.2, 7230.66
15.873, 16974.1, 7230.95
15.874, 16974.9, 7231.24
15.875, 16975.8, 7231.53
15.876, 16976.6, 7231.82
15.877, 16977.5, 7232.11
15.878, 16978.4, 7232.4
15.879, 16979.2, 7232.69
15.88, 16980.1, 7232.98
15.881, 16980.9, 7233.27
15.882, 16981.8, 7233.56
15.883, 16982.6, 7233.85
15.884, 16983.5, 7234.14
15.885, 16984.3, 7234.43
15.886, 16985.2, 7234.72
15.887, 16986.1, 7235.01
15.888, 16986.9, 7235.3
15.889, 16987.8, 7235.59
15.89, 16988.6, 7235.88
15.891, 16989.5, 7236.17
15.892, 16990.3, 7236.46
15.893, 16991.2, 7236.75
15.894, 16992, 7237.03
15.895, 16992.9, 7237.32
15.896, 16993.7, 7237.61
15.897, 16994.6, 7237.9
15.898, 16995.5, 7238.19
15.899, 16996.3, 7238.48
15.9, 16997.2, 7238.77
15.901, 16998, 7239.06
15.902, 16998.9, 7239.35
15.903, 16999.7, 7239.64
15.904, 17000.6, 7239.93
15.905, 17001.4, 7240.22
15.906, 17002.3, 7240.51
15.907, 17003.2, 7240.8
15.908, 17004, 7241.09
15.909, 17004.9, 7241.37
15.91, 17005.7, 7241.66
15.911, 17006.6, 7241.95
15.912, 17007.4, 7242.24
15.913, 17008.3, 7242.53
15.914, 17009.1, 7242.82
15.915, 17010, 7243.11
15.916, 17010.8, 7243.4
15.917, 17011.7, 7243.69
15.918, 17012.6, 7243.98
15.919, 17013.4, 7244.27
15.92, 17014.3, 7244.56
15.921, 17015.1, 7244.84
15.922, 17016, 7245.13
15.923, 17016.8, 7245.42
15.924, 17017.7, 7245.71
15.925, 17018.5, 7246
15.926, 17019.4, 7246.29
15.927, 17020.2, 7246.58
15.928, 17021.1, 7246.87
15.929, 17022, 7247.16
15.93, 17022.8, 7247.45
15.931, 17023.7, 7247.73
15.932, 17024.5, 7248.02
15.933, 17025.4, 7248.31
15.934, 17026.2, 7248.6
15.935, 17027.1, 7248.89
15.936, 17027.9, 7249.18
15.937, 17028.8, 7249.47
15.938, 17029.6, 7249.76
15.939, 17030.5, 7250.05
15.94, 17031.4, 7250.33
15.941, 17032.2, 7250.62
15.942, 17033.1, 7250.91
15.943, 17033.9, 7251.2
15.944, 17034.8, 7251.49
15.945, 17035.6, 7251.78
15.946, 17036.5, 7252.07
15.947, 17037.3, 7252.36
15.948, 17038.2, 7252.64
15.949, 17039, 7252.93
15.95, 17039.9, 7253.22
15.951, 17040.7, 7253.51
15.952, 17041.6, 7253.8
15.953, 17042.5, 7254.09
15.954, 17043.3, 7254.38
15.955, 17044.2, 7254.66
15.956, 17045, 7254.95
15.957, 17045.9, 7255.24
15.958, 17046.7, 7255.53
15.959, 17047.6, 7255.82
15.96, 17048.4, 7256.11
15.961, 17049.3, 7256.4
15.962, 17050.1, 7256.68
15.963, 17051, 7256.97
15.964, 17051.8, 7257.26
15.965, 17052.7, 7257.55
15.966, 17053.6, 7257.84
15.967, 17054.4, 7258.13
15.968, 17055.3, 7258.41
15.969, 17056.1, 7258.7
15.97, 17057, 7258.99
15.971, 17057.8, 7259.28
15.972, 17058.7, 7259.57
15.973, 17059.5, 7259.86
15.974, 17060.4, 7260.14
15.975, 17061.2, 7260.43
15.976, 17062.1, 7260.72
15.977, 17062.9, 7261.01
15.978, 17063.8, 7261.3
15.979, 17064.7, 7261.59
15.98, 17065.5, 7261.87
15.981, 17066.4, 7262.16
15.982, 17067.2, 7262.45
15.983, 17068.1, 7262.74
15.984, 17068.9, 7263.03
15.985, 17069.8, 7263.31
15.986, 17070.6, 7263.6
15.987, 17071.5, 7263.89
15.988, 17072.3, 7264.18
15.989, 17073.2, 7264.47
15.99, 17074, 7264.75
15.991, 17074.9, 7265.04
15.992, 17075.8, 7265.33
15.993, 17076.6, 7265.62
15.994, 17077.5, 7265.91
15.995, 17078.3, 7266.19
15.996, 17079.2, 7266.48
15.997, 17080, 7266.77
15.998, 17080.9, 7267.06
15.999, 17081.7, 7267.35
16, 17082.6, 7267.63
16.001, 17083.4, 7267.92
16.002, 17084.3, 7268.21
16.003, 17085.1, 7268.5
16.004, 17086, 7268.79
16.005, 17086.8, 7269.07
16.006, 17087.7, 7269.36
16.007, 17088.6, 7269.65
16.008, 17089.4, 7269.94
16.009, 17090.3, 7270.22
16.01, 17091.1, 7270.51
16.011, 17092, 7270.8
16.012, 17092.8, 7271.09
16.013, 17093.7, 7271.38
16.014, 17094.5, 7271.66
16.015, 17095.4, 7271.95
16.016, 17096.2, 7272.24
16.017, 17097.1, 7272.53
16.018, 17097.9, 7272.81
16.019, 17098.8, 7273.1
16.02, 17099.6, 7273.39
16.021, 17100.5, 7273.68
16.022, 17101.4, 7273.96
16.023, 17102.2, 7274.25
16.024, 17103.1, 7274.54
16.025, 17103.9, 7274.83
16.026, 17104.8, 7275.11
16.027, 17105.6, 7275.4
16.028, 17106.5, 7275.69
16.029, 17107.3, 7275.98
16.03, 17108.2, 7276.26
16.031, 17109, 7276.55
16.032, 17109.9, 7276.84
16.033, 17110.7, 7277.13
16.034, 17111.6, 7277.41
16.035, 17112.4, 7277.7
16.036, 17113.3, 7277.99
16.037, 17114.1, 7278.28
16.038, 17115, 7278.56
16.039, 17115.9, 7278.85
16.04, 17116.7, 7279.14
16.041, 17117.6, 7279.43
16.042, 17118.4, 7279.71
16.043, 17119.3, 7280
16.044, 17120.1, 7280.29
16.045, 17121, 7280.57
16.046, 17121.8, 7280.86
16.047, 17122.7, 7281.15
16.048, 17123.5, 7281.44
16.049, 17124.4, 7281.72
16.05, 17125.2, 7282.01
16.051, 17126.1, 7282.3
16.052, 17126.9, 7282.58
16.053, 17127.8, 7282.87
16.054, 17128.6, 7283.16
16.055, 17129.5, 7283.45
16.056, 17130.3, 7283.73
16.057, 17131.2, 7284.02
16.058, 17132.1, 7284.31
16.059, 17132.9, 7284.59
16.06, 17133.8, 7284.88
16.061, 17134.6, 7285.17
16.062, 17135.5, 7285.45
16.063, 17136.3, 7285.74
16.064, 17137.2, 7286.03
16.065, 17138, 7286.32
16.066, 17138.9, 7286.6
16.067, 17139.7, 7286.89
16.068, 17140.6, 7287.18
16.069, 17141.4, 7287.46
16.07, 17142.3, 7287.75
16.071, 17143.1, 7288.04
16.072, 17144, 7288.32
16.073, 17144.8, 7288.61
16.074, 17145.7, 7288.9
16.075, 17146.5, 7289.18
16.076, 17147.4, 7289.47
16.077, 17148.2, 7289.76
16.078, 17149.1, 7290.04
16.079, 17149.9, 7290.33
16.08, 17150.8, 7290.62
16.081, 17151.7, 7290.9
16.082, 17152.5, 7291.19
16.083, 17153.4, 7291.48
16.084, 17154.2, 7291.76
16.085, 17155.1, 7292.05
16.086, 17155.9, 7292.34
16.087, 17156.8, 7292.62
16.088, 17157.6, 7292.91
16.089, 17158.5, 7293.2
16.09, 17159.3, 7293.48
16.091, 17160.2, 7293.77
16.092, 17161, 7294.06
16.093, 17161.9, 7294.34
16.094, 17162.7, 7294.63
16.095, 17163.6, 7294.92
16.096, 17164.4, 7295.2
16.097, 17165.3, 7295.49
16.098, 17166.1, 7295.78
16.099, 17167, 7296.06
16.1, 17167.8, 7296.35
16.101, 17168.7, 7296.63
16.102, 17169.5, 7296.92
16.103, 17170.4, 7297.21
16.104, 17171.2, 7297.49
16.105, 17172.1, 7297.78
16.106, 17173, 7298.07
16.107, 17173.8, 7298.35
16.108, 17174.7, 7298.64
16.109, 17175.5, 7298.93
16.11, 17176.4, 7299.21
16.111, 17177.2, 7299.5
16.112, 17178.1, 7299.78
16.113, 17178.9, 7300.07
16.114, 17179.8, 7300.36
16.115, 17180.6, 7300.64
16.116, 17181.5, 7300.93
16.117, 17182.3, 7301.22
16.118, 17183.2, 7301.5
16.119, 17184, 7301.79
16.12, 17184.9, 7302.07
16.121, 17185.7, 7302.36
16.122, 17186.6, 7302.65
16.123, 17187.4, 7302.93
16.124, 17188.3, 7303.22
16.125, 17189.1, 7303.5
16.126, 17190, 7303.79
16.127, 17190.8, 7304.08
16.128, 17191.7, 7304.36
16.129, 17192.5, 7304.65
16.13, 17193.4, 7304.93
16.131, 17194.2, 7305.22
16.132, 17195.1, 7305.51
16.133, 17195.9, 7305.79
16.134, 17196.8, 7306.08
16.135, 17197.6, 7306.36
16.136, 17198.5, 7306.65
16.137, 17199.3, 7306.93
16.138, 17200.2, 7307.22
16.139, 17201.1, 7307.51
16.14, 17201.9, 7307.79
16.141, 17202.8, 7308.08
16.142, 17203.6, 7308.36
16.143, 17204.5, 7308.65
16.144, 17205.3, 7308.94
16.145, 17206.2, 7309.22
16.146, 17207, 7309.51
16.147, 17207.9, 7309.79
16.148, 17208.7, 7310.08
16.149, 17209.6, 7310.36
16.15, 17210.4, 7310.65
16.151, 17211.3, 7310.94
16.152, 17212.1, 7311.22
16.153, 17213, 7311.51
16.154, 17213.8, 7311.79
16.155, 17214.7, 7312.08
16.156, 17215.5, 7312.36
16.157, 17216.4, 7312.65
16.158, 17217.2, 7312.93
16.159, 17218.1, 7313.22
16.16, 17218.9, 7313.51
16.161, 17219.8, 7313.79
16.162, 17220.6, 7314.08
16.163, 17221.5, 7314.36
16.164, 17222.3, 7314.65
16.165, 17223.2, 7314.93
16.166, 17224, 7315.22
16.167, 17224.9, 7315.5
16.168, 17225.7, 7315.79
16.169, 17226.6, 7316.07
16.17, 17227.4, 7316.36
16.171, 17228.3, 7316.65
16.172, 17229.1, 7316.93
16.173, 17230, 7317.22
16.174, 17230.8, 7317.5
16.175, 17231.7, 7317.79
16.176, 17232.5, 7318.07
16.177, 17233.4, 7318.36
16.178, 17234.2, 7318.64
16.179, 17235.1, 7318.93
16.18, 17235.9, 7319.21
16.181, 17236.8, 7319.5
16.182, 17237.6, 7319.78
16.183, 17238.5, 7320.07
16.184, 17239.3, 7320.35
16.185, 17240.2, 7320.64
16.186, 17241, 7320.92
16.187, 17241.9, 7321.21
16.188, 17242.7, 7321.49
16.189, 17243.6, 7321.78
16.19, 17244.4, 7322.06
16.191, 17245.3, 7322.35
16.192, 17246.1, 7322.63
16.193, 17247, 7322.92
16.194, 17247.8, 7323.2
16.195, 17248.7, 7323.49
16.196, 17249.5, 7323.77
16.197, 17250.4, 7324.06
16.198, 17251.3, 7324.34
16.199, 17252.1, 7324.63
16.2, 17253, 7324.91
16.201, 17253.8, 7325.2
16.202, 17254.7, 7325.48
16.203, 17255.5, 7325.77
16.204, 17256.4, 7326.05
16.205, 17257.2, 7326.34
16.206, 17258.1, 7326.62
16.207, 17258.9, 7326.91
16.208, 17259.8, 7327.19
16.209, 17260.6, 7327.48
16.21, 17261.5, 7327.76
16.211, 17262.3, 7328.05
16.212, 17263.2, 7328.33
16.213, 17264, 7328.62
16.214, 17264.9, 7328.9
16.215, 17265.7, 7329.19
16.216, 17266.6, 7329.47
16.217, 17267.4, 7329.76
16.218, 17268.3, 7330.04
16.219, 17269.1, 7330.32
16.22, 17270, 7330.61
16.221, 17270.8, 7330.89
16.222, 17271.7, 7331.18
16.223, 17272.5, 7331.46
16.224, 17273.4, 7331.75
16.225, 17274.2, 7332.03
16.226, 17275.1, 7332.32
16.227, 17275.9, 7332.6
16.228, 17276.8, 7332.89
16.229, 17277.6, 7333.17
16.23, 17278.5, 7333.45
16.231, 17279.3, 7333.74
16.232, 17280.2, 7334.02
16.233, 17281, 7334.31
16.234, 17281.9, 7334.59
16.235, 17282.7, 7334.88
16.236, 17283.6, 7335.16
16.237, 17284.4, 7335.45
16.238, 17285.3, 7335.73
16.239, 17286.1, 7336.01
16.24, 17287, 7336.3
16.241, 17287.8, 7336.58
16.242, 17288.7, 7336.87
16.243, 17289.5, 7337.15
16.244, 17290.4, 7337.44
16.245, 17291.2, 7337.72
16.246, 17292.1, 7338
16.247, 17292.9, 7338.29
16.248, 17293.8, 7338.57
16.249, 17294.6, 7338.86
16.25, 17295.4, 7339.14
16.251, 17296.3, 7339.42
16.252, 17297.1, 7339.71
16.253, 17298, 7339.99
16.254, 17298.8, 7340.28
16.255, 17299.7, 7340.56
16.256, 17300.5, 7340.85
16.257, 17301.4, 7341.13
16.258, 17302.2, 7341.41
16.259, 17303.1, 7341.7
16.26, 17303.9, 7341.98
16.261, 17304.8, 7342.27
16.262, 17305.6, 7342.55
16.263, 17306.5, 7342.83
16.264, 17307.3, 7343.12
16.265, 17308.2, 7343.4
16.266, 17309, 7343.69
16.267, 17309.9, 7343.97
16.268, 17310.7, 7344.25
16.269, 17311.6, 7344.54
16.27, 17312.4, 7344.82
16.271, 17313.3, 7345.11
16.272, 17314.1, 7345.39
16.273, 17315, 7345.67
16.274, 17315.8, 7345.96
16.275, 17316.7, 7346.24
16.276, 17317.5, 7346.52
16.277, 17318.4, 7346.81
16.278, 17319.2, 7347.09
16.279, 17320.1, 7347.38
16.28, 17320.9, 7347.66
16.281, 17321.8, 7347.94
16.282, 17322.6, 7348.23
16.283, 17323.5, 7348.51
16.284, 17324.3, 7348.79
16.285, 17325.2, 7349.08
16.286, 17326, 7349.36
16.287, 17326.9, 7349.64
16.288, 17327.7, 7349.93
16.289, 17328.6, 7350.21
16.29, 17329.4, 7350.5
16.291, 17330.3, 7350.78
16.292, 17331.1, 7351.06
16.293, 17332, 7351.35
16.294, 17332.8, 7351.63
16.295, 17333.7, 7351.91
16.296, 17334.5, 7352.2
16.297, 17335.4, 7352.48
16.298, 17336.2, 7352.76
16.299, 17337.1, 7353.05
16.3, 17337.9, 7353.33
16.301, 17338.8, 7353.61
16.302, 17339.6, 7353.9
16.303, 17340.5, 7354.18
16.304, 17341.3, 7354.46
16.305, 17342.2, 7354.75
16.306, 17343, 7355.03
16.307, 17343.9, 7355.31
16.308, 17344.7, 7355.6
16.309, 17345.6, 7355.88
16.31, 17346.4, 7356.16
16.311, 17347.2, 7356.45
16.312, 17348.1, 7356.73
16.313, 17348.9, 7357.01
16.314, 17349.8, 7357.3
16.315, 17350.6, 7357.58
16.316, 17351.5, 7357.86
16.317, 17352.3, 7358.15
16.318, 17353.2, 7358.43
16.319, 17354, 7358.71
16.32, 17354.9, 7359
16.321, 17355.7, 7359.28
16.322, 17356.6, 7359.56
16.323, 17357.4, 7359.85
16.324, 17358.3, 7360.13
16.325, 17359.1, 7360.41
16.326, 17360, 7360.69
16.327, 17360.8, 7360.98
16.328, 17361.7, 7361.26
16.329, 17362.5, 7361.54
16.33, 17363.4, 7361.83
16.331, 17364.2, 7362.11
16.332, 17365.1, 7362.39
16.333, 17365.9, 7362.68
16.334, 17366.8, 7362.96
16.335, 17367.6, 7363.24
16.336, 17368.5, 7363.52
16.337, 17369.3, 7363.81
16.338, 17370.2, 7364.09
16.339, 17371, 7364.37
16.34, 17371.9, 7364.66
16.341, 17372.7, 7364.94
16.342, 17373.5, 7365.22
16.343, 17374.4, 7365.5
16.344, 17375.2, 7365.79
16.345, 17376.1, 7366.07
16.346, 17376.9, 7366.35
16.347, 17377.8, 7366.64
16.348, 17378.6, 7366.92
16.349, 17379.5, 7367.2
16.35, 17380.3, 7367.48
16.351, 17381.2, 7367.77
16.352, 17382, 7368.05
16.353, 17382.9, 7368.33
16.354, 17383.7, 7368.61
16.355, 17384.6, 7368.9
16.356, 17385.4, 7369.18
16.357, 17386.3, 7369.46
16.358, 17387.1, 7369.74
16.359, 17388, 7370.03
16.36, 17388.8, 7370.31
16.361, 17389.7, 7370.59
16.362, 17390.5, 7370.88
16.363, 17391.4, 7371.16
16.364, 17392.2, 7371.44
16.365, 17393.1, 7371.72
16.366, 17393.9, 7372.01
16.367, 17394.8, 7372.29
16.368, 17395.6, 7372.57
16.369, 17396.4, 7372.85
16.37, 17397.3, 7373.13
16.371, 17398.1, 7373.42
16.372, 17399, 7373.7
16.373, 17399.8, 7373.98
16.374, 17400.7, 7374.26
16.375, 17401.5, 7374.55
16.376, 17402.4, 7374.83
16.377, 17403.2, 7375.11
16.378, 17404.1, 7375.39
16.379, 17404.9, 7375.68
16.38, 17405.8, 7375.96
16.381, 17406.6, 7376.24
16.382, 17407.5, 7376.52
16.383, 17408.3, 7376.8
16.384, 17409.2, 7377.09
16.385, 17410, 7377.37
16.386, 17410.9, 7377.65
16.387, 17411.7, 7377.93
16.388, 17412.6, 7378.22
16.389, 17413.4, 7378.5
16.39, 17414.2, 7378.78
16.391, 17415.1, 7379.06
16.392, 17415.9, 7379.34
16.393, 17416.8, 7379.63
16.394, 17417.6, 7379.91
16.395, 17418.5, 7380.19
16.396, 17419.3, 7380.47
16.397, 17420.2, 7380.75
16.398, 17421, 7381.04
16.399, 17421.9, 7381.32
16.4, 17422.7, 7381.6
16.401, 17423.6, 7381.88
16.402, 17424.4, 7382.16
16.403, 17425.3, 7382.45
16.404, 17426.1, 7382.73
16.405, 17427, 7383.01
16.406, 17427.8, 7383.29
16.407, 17428.7, 7383.57
16.408, 17429.5, 7383.86
16.409, 17430.3, 7384.14
16.41, 17431.2, 7384.42
16.411, 17432, 7384.7
16.412, 17432.9, 7384.98
16.413, 17433.7, 7385.26
16.414, 17434.6, 7385.55
16.415, 17435.4, 7385.83
16.416, 17436.3, 7386.11
16.417, 17437.1, 7386.39
16.418, 17438, 7386.67
16.419, 17438.8, 7386.95
16.42, 17439.7, 7387.24
16.421, 17440.5, 7387.52
16.422, 17441.4, 7387.8
16.423, 17442.2, 7388.08
16.424, 17443.1, 7388.36
16.425, 17443.9, 7388.64
16.426, 17444.7, 7388.93
16.427, 17445.6, 7389.21
16.428, 17446.4, 7389.49
16.429, 17447.3, 7389.77
16.43, 17448.1, 7390.05
16.431, 17449, 7390.33
16.432, 17449.8, 7390.62
16.433, 17450.7, 7390.9
16.434, 17451.5, 7391.18
16.435, 17452.4, 7391.46
16.436, 17453.2, 7391.74
16.437, 17454.1, 7392.02
16.438, 17454.9, 7392.3
16.439, 17455.8, 7392.59
16.44, 17456.6, 7392.87
16.441, 17457.5, 7393.15
16.442, 17458.3, 7393.43
16.443, 17459.1, 7393.71
16.444, 17460, 7393.99
16.445, 17460.8, 7394.27
16.446, 17461.7, 7394.55
16.447, 17462.5, 7394.84
16.448, 17463.4, 7395.12
16.449, 17464.2, 7395.4
16.45, 17465.1, 7395.68
16.451, 17465.9, 7395.96
16.452, 17466.8, 7396.24
16.453, 17467.6, 7396.52
16.454, 17468.5, 7396.8
16.455, 17469.3, 7397.09
16.456, 17470.2, 7397.37
16.457, 17471, 7397.65
16.458, 17471.8, 7397.93
16.459, 17472.7, 7398.21
16.46, 17473.5, 7398.49
16.461, 17474.4, 7398.77
16.462, 17475.2, 7399.05
16.463, 17476.1, 7399.33
16.464, 17476.9, 7399.62
16.465, 17477.8, 7399.9
16.466, 17478.6, 7400.18
16.467, 17479.5, 7400.46
16.468, 17480.3, 7400.74
16.469, 17481.2, 7401.02
16.47, 17482, 7401.3
16.471, 17482.8, 7401.58
16.472, 17483.7, 7401.86
16.473, 17484.5, 7402.14
16.474, 17485.4, 7402.42
16.475, 17486.2, 7402.71
16.476, 17487.1, 7402.99
16.477, 17487.9, 7403.27
16.478, 17488.8, 7403.55
16.479, 17489.6, 7403.83
16.48, 17490.5, 7404.11
16.481, 17491.3, 7404.39
16.482, 17492.2, 7404.67
16.483, 17493, 7404.95
16.484, 17493.8, 7405.23
16.485, 17494.7, 7405.51
16.486, 17495.5, 7405.79
16.487, 17496.4, 7406.07
16.488, 17497.2, 7406.36
16.489, 17498.1, 7406.64
16.49, 17498.9, 7406.92
16.491, 17499.8, 7407.2
16.492, 17500.6, 7407.48
16.493, 17501.5, 7407.76
16.494, 17502.3, 7408.04
16.495, 17503.2, 7408.32
16.496, 17504, 7408.6
16.497, 17504.8, 7408.88
16.498, 17505.7, 7409.16
16.499, 17506.5, 7409.44
16.5, 17507.4, 7409.72
16.501, 17508.2, 7410
16.502, 17509.1, 7410.28
16.503, 17509.9, 7410.56
16.504, 17510.8, 7410.84
16.505, 17511.6, 7411.12
16.506, 17512.5, 7411.4
16.507, 17513.3, 7411.69
16.508, 17514.2, 7411.97
16.509, 17515, 7412.25
16.51, 17515.8, 7412.53
16.511, 17516.7, 7412.81
16.512, 17517.5, 7413.09
16.513, 17518.4, 7413.37
16.514, 17519.2, 7413.65
16.515, 17520.1, 7413.93
16.516, 17520.9, 7414.21
16.517, 17521.8, 7414.49
16.518, 17522.6, 7414.77
16.519, 17523.5, 7415.05
16.52, 17524.3, 7415.33
16.521, 17525.1, 7415.61
16.522, 17526, 7415.89
16.523, 17526.8, 7416.17
16.524, 17527.7, 7416.45
16.525, 17528.5, 7416.73
16.526, 17529.4, 7417.01
16.527, 17530.2, 7417.29
16.528, 17531.1, 7417.57
16.529, 17531.9, 7417.85
16.53, 17532.8, 7418.13
16.531, 17533.6, 7418.41
16.532, 17534.4, 7418.69
16.533, 17535.3, 7418.97
16.534, 17536.1, 7419.25
16.535, 17537, 7419.53
16.536, 17537.8, 7419.81
16.537, 17538.7, 7420.09
16.538, 17539.5, 7420.37
16.539, 17540.4, 7420.65
16.54, 17541.2, 7420.93
16.541, 17542.1, 7421.21
16.542, 17542.9, 7421.49
16.543, 17543.7, 7421.77
16.544, 17544.6, 7422.05
16.545, 17545.4, 7422.33
16.546, 17546.3, 7422.61
16.547, 17547.1, 7422.89
16.548, 17548, 7423.17
16.549, 17548.8, 7423.45
16.55, 17549.7, 7423.73
16.551, 17550.5, 7424.01
16.552, 17551.4, 7424.29
16.553, 17552.2, 7424.57
16.554, 17553, 7424.85
16.555, 17553.9, 7425.13
16.556, 17554.7, 7425.41
16.557, 17555.6, 7425.69
16.558, 17556.4, 7425.97
16.559, 17557.3, 7426.25
16.56, 17558.1, 7426.53
16.561, 17559, 7426.8
16.562, 17559.8, 7427.08
16.563, 17560.6, 7427.36
16.564, 17561.5, 7427.64
16.565, 17562.3, 7427.92
16.566, 17563.2, 7428.2
16.567, 17564, 7428.48
16.568, 17564.9, 7428.76
16.569, 17565.7, 7429.04
16.57, 17566.6, 7429.32
16.571, 17567.4, 7429.6
16.572, 17568.3, 7429.88
16.573, 17569.1, 7430.16
16.574, 17569.9, 7430.44
16.575, 17570.8, 7430.72
16.576, 17571.6, 7431
16.577, 17572.5, 7431.28
16.578, 17573.3, 7431.56
16.579, 17574.2, 7431.83
16.58, 17575, 7432.11
16.581, 17575.9, 7432.39
16.582, 17576.7, 7432.67
16.583, 17577.5, 7432.95
16.584, 17578.4, 7433.23
16.585, 17579.2, 7433.51
16.586, 17580.1, 7433.79
16.587, 17580.9, 7434.07
16.588, 17581.8, 7434.35
16.589, 17582.6, 7434.63
16.59, 17583.5, 7434.91
16.591, 17584.3, 7435.19
16.592, 17585.1, 7435.46
16.593, 17586, 7435.74
16.594, 17586.8, 7436.02
16.595, 17587.7, 7436.3
16.596, 17588.5, 7436.58
16.597, 17589.4, 7436.86
16.598, 17590.2, 7437.14
16.599, 17591.1, 7437.42
16.6, 17591.9, 7437.7
16.601, 17592.7, 7437.98
16.602, 17593.6, 7438.26
16.603, 17594.4, 7438.53
16.604, 17595.3, 7438.81
16.605, 17596.1, 7439.09
16.606, 17597, 7439.37
16.607, 17597.8, 7439.65
16.608, 17598.7, 7439.93
16.609, 17599.5, 7440.21
16.61, 17600.3, 7440.49
16.611, 17601.2, 7440.77
16.612, 17602, 7441.04
16.613, 17602.9, 7441.32
16.614, 17603.7, 7441.6
16.615, 17604.6, 7441.88
16.616, 17605.4, 7442.16
16.617, 17606.3, 7442.44
16.618, 17607.1, 7442.72
16.619, 17607.9, 7443
16.62, 17608.8, 7443.28
16.621, 17609.6, 7443.55
16.622, 17610.5, 7443.83
16.623, 17611.3, 7444.11
16.624, 17612.2, 7444.39
16.625, 17613, 7444.67
16.626, 17613.9, 7444.95
16.627, 17614.7, 7445.23
16.628, 17615.5, 7445.5
16.629, 17616.4, 7445.78
16.63, 17617.2, 7446.06
16.631, 17618.1, 7446.34
16.632, 17618.9, 7446.62
16.633, 17619.8, 7446.9
16.634, 17620.6, 7447.18
16.635, 17621.4, 7447.45
16.636, 17622.3, 7447.73
16.637, 17623.1, 7448.01
16.638, 17624, 7448.29
16.639, 17624.8, 7448.57
16.64, 17625.7, 7448.85
16.641, 17626.5, 7449.13
16.642, 17627.4, 7449.4
16.643, 17628.2, 7449.68
16.644, 17629, 7449.96
16.645, 17629.9, 7450.24
16.646, 17630.7, 7450.52
16.647, 17631.6, 7450.8
16.648, 17632.4, 7451.07
16.649, 17633.3, 7451.35
16.65, 17634.1, 7451.63
16.651, 17635, 7451.91
16.652, 17635.8, 7452.19
16.653, 17636.6, 7452.47
16.654, 17637.5, 7452.74
16.655, 17638.3, 7453.02
16.656, 17639.2, 7453.3
16.657, 17640, 7453.58
16.658, 17640.9, 7453.86
16.659, 17641.7, 7454.13
16.66, 17642.5, 7454.41
16.661, 17643.4, 7454.69
16.662, 17644.2, 7454.97
16.663, 17645.1, 7455.25
16.664, 17645.9, 7455.53
16.665, 17646.8, 7455.8
16.666, 17647.6, 7456.08
16.667, 17648.4, 7456.36
16.668, 17649.3, 7456.64
16.669, 17650.1, 7456.92
16.67, 17651, 7457.19
16.671, 17651.8, 7457.47
16.672, 17652.7, 7457.75
16.673, 17653.5, 7458.03
16.674, 17654.4, 7458.31
16.675, 17655.2, 7458.58
16.676, 17656, 7458.86
16.677, 17656.9, 7459.14
16.678, 17657.7, 7459.42
16.679, 17658.6, 7459.69
16.68, 17659.4, 7459.97
16.681, 17660.3, 7460.25
16.682, 17661.1, 7460.53
16.683, 17661.9, 7460.81
16.684, 17662.8, 7461.08
16.685, 17663.6, 7461.36
16.686, 17664.5, 7461.64
16.687, 17665.3, 7461.92
16.688, 17666.2, 7462.2
16.689, 17667, 7462.47
16.69, 17667.8, 7462.75
16.691, 17668.7, 7463.03
16.692, 17669.5, 7463.31
16.693, 17670.4, 7463.58
16.694, 17671.2, 7463.86
16.695, 17672.1, 7464.14
16.696, 17672.9, 7464.42
16.697, 17673.7, 7464.69
16.698, 17674.6, 7464.97
16.699, 17675.4, 7465.25
16.7, 17676.3, 7465.53
16.701, 17677.1, 7465.8
16.702, 17678, 7466.08
16.703, 17678.8, 7466.36
16.704, 17679.6, 7466.64
16.705, 17680.5, 7466.91
16.706, 17681.3, 7467.19
16.707, 17682.2, 7467.47
16.708, 17683, 7467.75
16.709, 17683.9, 7468.02
16.71, 17684.7, 7468.3
16.711, 17685.5, 7468.58
16.712, 17686.4, 7468.86
16.713, 17687.2, 7469.13
16.714, 17688.1, 7469.41
16.715, 17688.9, 7469.69
16.716, 17689.8, 7469.97
16.717, 17690.6, 7470.24
16.718, 17691.4, 7470.52
16.719, 17692.3, 7470.8
16.72, 17693.1, 7471.08
16.721, 17694, 7471.35
16.722, 17694.8, 7471.63
16.723, 17695.7, 7471.91
16.724, 17696.5, 7472.18
16.725, 17697.3, 7472.46
16.726, 17698.2, 7472.74
16.727, 17699, 7473.02
16.728, 17699.9, 7473.29
16.729, 17700.7, 7473.57
16.73, 17701.6, 7473.85
16.731, 17702.4, 7474.12
16.732, 17703.2, 7474.4
16.733, 17704.1, 7474.68
16.734, 17704.9, 7474.96
16.735, 17705.8, 7475.23
16.736, 17706.6, 7475.51
16.737, 17707.5, 7475.79
16.738, 17708.3, 7476.06
16.739, 17709.1, 7476.34
16.74, 17710, 7476.62
16.741, 17710.8, 7476.89
16.742, 17711.7, 7477.17
16.743, 17712.5, 7477.45
16.744, 17713.4, 7477.73
16.745, 17714.2, 7478
16.746, 17715, 7478.28
16.747, 17715.9, 7478.56
16.748, 17716.7, 7478.83
16.749, 17717.6, 7479.11
16.75, 17718.4, 7479.39
16.751, 17719.2, 7479.66
16.752, 17720.1, 7479.94
16.753, 17720.9, 7480.22
16.754, 17721.8, 7480.49
16.755, 17722.6, 7480.77
16.756, 17723.5, 7481.05
16.757, 17724.3, 7481.32
16.758, 17725.1, 7481.6
16.759, 17726, 7481.88
16.76, 17726.8, 7482.15
16.761, 17727.7, 7482.43
16.762, 17728.5, 7482.71
16.763, 17729.4, 7482.98
16.764, 17730.2, 7483.26
16.765, 17731, 7483.54
16.766, 17731.9, 7483.81
16.767, 17732.7, 7484.09
16.768, 17733.6, 7484.37
16.769, 17734.4, 7484.64
16.77, 17735.2, 7484.92
16.771, 17736.1, 7485.2
16.772, 17736.9, 7485.47
16.773, 17737.8, 7485.75
16.774, 17738.6, 7486.03
16.775, 17739.5, 7486.3
16.776, 17740.3, 7486.58
16.777, 17741.1, 7486.86
16.778, 17742, 7487.13
16.779, 17742.8, 7487.41
16.78, 17743.7, 7487.69
16.781, 17744.5, 7487.96
16.782, 17745.4, 7488.24
16.783, 17746.2, 7488.51
16.784, 17747, 7488.79
16.785, 17747.9, 7489.07
16.786, 17748.7, 7489.34
16.787, 17749.6, 7489.62
16.788, 17750.4, 7489.9
16.789, 17751.2, 7490.17
16.79, 17752.1, 7490.45
16.791, 17752.9, 7490.73
16.792, 17753.8, 7491
16.793, 17754.6, 7491.28
16.794, 17755.5, 7491.55
16.795, 17756.3, 7491.83
16.796, 17757.1, 7492.11
16.797, 17758, 7492.38
16.798, 17758.8, 7492.66
16.799, 17759.7, 7492.93
16.8, 17760.5, 7493.21
16.801, 17761.3, 7493.49
16.802, 17762.2, 7493.76
16.803, 17763, 7494.04
16.804, 17763.9, 7494.31
16.805, 17764.7, 7494.59
16.806, 17765.6, 7494.87
16.807, 17766.4, 7495.14
16.808, 17767.2, 7495.42
16.809, 17768.1, 7495.69
16.81, 17768.9, 7495.97
16.811, 17769.8, 7496.25
16.812, 17770.6, 7496.52
16.813, 17771.4, 7496.8
16.814, 17772.3, 7497.07
16.815, 17773.1, 7497.35
16.816, 17774, 7497.63
16.817, 17774.8, 7497.9
16.818, 17775.6, 7498.18
16.819, 17776.5, 7498.45
16.82, 17777.3, 7498.73
16.821, 17778.2, 7499.01
16.822, 17779, 7499.28
16.823, 17779.9, 7499.56
16.824, 17780.7, 7499.83
16.825, 17781.5, 7500.11
16.826, 17782.4, 7500.38
16.827, 17783.2, 7500.66
16.828, 17784.1, 7500.94
16.829, 17784.9, 7501.21
16.83, 17785.7, 7501.49
16.831, 17786.6, 7501.76
16.832, 17787.4, 7502.04
16.833, 17788.3, 7502.31
16.834, 17789.1, 7502.59
16.835, 17789.9, 7502.87
16.836, 17790.8, 7503.14
16.837, 17791.6, 7503.42
16.838, 17792.5, 7503.69
16.839, 17793.3, 7503.97
16.84, 17794.2, 7504.24
16.841, 17795, 7504.52
16.842, 17795.8, 7504.79
16.843, 17796.7, 7505.07
16.844, 17797.5, 7505.35
16.845, 17798.4, 7505.62
16.846, 17799.2, 7505.9
16.847, 17800, 7506.17
16.848, 17800.9, 7506.45
16.849, 17801.7, 7506.72
16.85, 17802.6, 7507
16.851, 17803.4, 7507.27
16.852, 17804.2, 7507.55
16.853, 17805.1, 7507.82
16.854, 17805.9, 7508.1
16.855, 17806.8, 7508.37
16.856, 17807.6, 7508.65
16.857, 17808.4, 7508.93
16.858, 17809.3, 7509.2
16.859, 17810.1, 7509.48
16.86, 17811, 7509.75
16.861, 17811.8, 7510.03
16.862, 17812.7, 7510.3
16.863, 17813.5, 7510.58
16.864, 17814.3, 7510.85
16.865, 17815.2, 7511.13
16.866, 17816, 7511.4
16.867, 17816.9, 7511.68
16.868, 17817.7, 7511.95
16.869, 17818.5, 7512.23
16.87, 17819.4, 7512.5
16.871, 17820.2, 7512.78
16.872, 17821.1, 7513.05
16.873, 17821.9, 7513.33
16.874, 17822.7, 7513.6
16.875, 17823.6, 7513.88
16.876, 17824.4, 7514.15
16.877, 17825.3, 7514.43
16.878, 17826.1, 7514.7
16.879, 17826.9, 7514.98
16.88, 17827.8, 7515.25
16.881, 17828.6, 7515.53
16.882, 17829.5, 7515.8
16.883, 17830.3, 7516.08
16.884, 17831.1, 7516.35
16.885, 17832, 7516.63
16.886, 17832.8, 7516.9
16.887, 17833.7, 7517.18
16.888, 17834.5, 7517.45
16.889, 17835.3, 7517.73
16.89, 17836.2, 7518
16.891, 17837, 7518.28
16.892, 17837.9, 7518.55
16.893, 17838.7, 7518.83
16.894, 17839.5, 7519.1
16.895, 17840.4, 7519.38
16.896, 17841.2, 7519.65
16.897, 17842.1, 7519.93
16.898, 17842.9, 7520.2
16.899, 17843.7, 7520.47
16.9, 17844.6, 7520.75
16.901, 17845.4, 7521.02
16.902, 17846.3, 7521.3
16.903, 17847.1, 7521.57
16.904, 17847.9, 7521.85
16.905, 17848.8, 7522.12
16.906, 17849.6, 7522.4
16.907, 17850.5, 7522.67
16.908, 17851.3, 7522.95
16.909, 17852.1, 7523.22
16.91, 17853, 7523.49
16.911, 17853.8, 7523.77
16.912, 17854.7, 7524.04
16.913, 17855.5, 7524.32
16.914, 17856.3, 7524.59
16.915, 17857.2, 7524.87
16.916, 17858, 7525.14
16.917, 17858.9, 7525.42
16.918, 17859.7, 7525.69
16.919, 17860.5, 7525.97
16.92, 17861.4, 7526.24
16.921, 17862.2, 7526.51
16.922, 17863.1, 7526.79
16.923, 17863.9, 7527.06
16.924, 17864.7, 7527.34
16.925, 17865.6, 7527.61
16.926, 17866.4, 7527.89
16.927, 17867.3, 7528.16
16.928, 17868.1, 7528.43
16.929, 17868.9, 7528.71
16.93, 17869.8, 7528.98
16.931, 17870.6, 7529.26
16.932, 17871.5, 7529.53
16.933, 17872.3, 7529.81
16.934, 17873.1, 7530.08
16.935, 17874, 7530.35
16.936, 17874.8, 7530.63
16.937, 17875.7, 7530.9
16.938, 17876.5, 7531.18
16.939, 17877.3, 7531.45
16.94, 17878.2, 7531.72
16.941, 17879, 7532
16.942, 17879.9, 7532.27
16.943, 17880.7, 7532.55
16.944, 17881.5, 7532.82
16.945, 17882.4, 7533.09
16.946, 17883.2, 7533.37
16.947, 17884.1, 7533.64
16.948, 17884.9, 7533.92
16.949, 17885.7, 7534.19
16.95, 17886.6, 7534.46
16.951, 17887.4, 7534.74
16.952, 17888.3, 7535.01
16.953, 17889.1, 7535.29
16.954, 17889.9, 7535.56
16.955, 17890.8, 7535.83
16.956, 17891.6, 7536.11
16.957, 17892.4, 7536.38
16.958, 17893.3, 7536.66
16.959, 17894.1, 7536.93
16.96, 17895, 7537.2
16.961, 17895.8, 7537.48
16.962, 17896.6, 7537.75
16.963, 17897.5, 7538.02
16.964, 17898.3, 7538.3
16.965, 17899.2, 7538.57
16.966, 17900, 7538.85
16.967, 17900.8, 7539.12
16.968, 17901.7, 7539.39
16.969, 17902.5, 7539.67
16.97, 17903.4, 7539.94
16.971, 17904.2, 7540.21
16.972, 17905, 7540.49
16.973, 17905.9, 7540.76
16.974, 17906.7, 7541.03
16.975, 17907.6, 7541.31
16.976, 17908.4, 7541.58
16.977, 17909.2, 7541.86
16.978, 17910.1, 7542.13
16.979, 17910.9, 7542.4
16.98, 17911.7, 7542.68
16.981, 17912.6, 7542.95
16.982, 17913.4, 7543.22
16.983, 17914.3, 7543.5
16.984, 17915.1, 7543.77
16.985, 17915.9, 7544.04
16.986, 17916.8, 7544.32
16.987, 17917.6, 7544.59
16.988, 17918.5, 7544.86
16.989, 17919.3, 7545.14
16.99, 17920.1, 7545.41
16.991, 17921, 7545.68
16.992, 17921.8, 7545.96
16.993, 17922.7, 7546.23
16.994, 17923.5, 7546.5
16.995, 17924.3, 7546.78
16.996, 17925.2, 7547.05
16.997, 17926, 7547.32
16.998, 17926.8, 7547.6
16.999, 17927.7, 7547.87
17, 17928.5, 7548.14
17.001, 17929.4, 7548.42
17.002, 17930.2, 7548.69
17.003, 17931, 7548.96
17.004, 17931.9, 7549.24
17.005, 17932.7, 7549.51
17.006, 17933.6, 7549.78
17.007, 17934.4, 7550.06
17.008, 17935.2, 7550.33
17.009, 17936.1, 7550.6
17.01, 17936.9, 7550.87
17.011, 17937.8, 7551.15
17.012, 17938.6, 7551.42
17.013, 17939.4, 7551.69
17.014, 17940.3, 7551.97
17.015, 17941.1, 7552.24
17.016, 17941.9, 7552.51
17.017, 17942.8, 7552.79
17.018, 17943.6, 7553.06
17.019, 17944.5, 7553.33
17.02, 17945.3, 7553.6
17.021, 17946.1, 7553.88
17.022, 17947, 7554.15
17.023, 17947.8, 7554.42
17.024, 17948.7, 7554.7
17.025, 17949.5, 7554.97
17.026, 17950.3, 7555.24
17.027, 17951.2, 7555.51
17.028, 17952, 7555.79
17.029, 17952.8, 7556.06
17.03, 17953.7, 7556.33
17.031, 17954.5, 7556.61
17.032, 17955.4, 7556.88
17.033, 17956.2, 7557.15
17.034, 17957, 7557.42
17.035, 17957.9, 7557.7
17.036, 17958.7, 7557.97
17.037, 17959.5, 7558.24
17.038, 17960.4, 7558.51
17.039, 17961.2, 7558.79
17.04, 17962.1, 7559.06
17.041, 17962.9, 7559.33
17.042, 17963.7, 7559.61
17.043, 17964.6, 7559.88
17.044, 17965.4, 7560.15
17.045, 17966.3, 7560.42
17.046, 17967.1, 7560.7
17.047, 17967.9, 7560.97
17.048, 17968.8, 7561.24
17.049, 17969.6, 7561.51
17.05, 17970.4, 7561.79
17.051, 17971.3, 7562.06
17.052, 17972.1, 7562.33
17.053, 17973, 7562.6
17.054, 17973.8, 7562.88
17.055, 17974.6, 7563.15
17.056, 17975.5, 7563.42
17.057, 17976.3, 7563.69
17.058, 17977.1, 7563.97
17.059, 17978, 7564.24
17.06, 17978.8, 7564.51
17.061, 17979.7, 7564.78
17.062, 17980.5, 7565.05
17.063, 17981.3, 7565.33
17.064, 17982.2, 7565.6
17.065, 17983, 7565.87
17.066, 17983.8, 7566.14
17.067, 17984.7, 7566.42
17.068, 17985.5, 7566.69
17.069, 17986.4, 7566.96
17.07, 17987.2, 7567.23
17.071, 17988, 7567.5
17.072, 17988.9, 7567.78
17.073, 17989.7, 7568.05
17.074, 17990.6, 7568.32
17.075, 17991.4, 7568.59
17.076, 17992.2, 7568.87
17.077, 17993.1, 7569.14
17.078, 17993.9, 7569.41
17.079, 17994.7, 7569.68
17.08, 17995.6, 7569.95
17.081, 17996.4, 7570.23
17.082, 17997.3, 7570.5
17.083, 17998.1, 7570.77
17.084, 17998.9, 7571.04
17.085, 17999.8, 7571.31
17.086, 18000.6, 7571.59
17.087, 18001.4, 7571.86
17.088, 18002.3, 7572.13
17.089, 18003.1, 7572.4
17.09, 18004, 7572.67
17.091, 18004.8, 7572.95
17.092, 18005.6, 7573.22
17.093, 18006.5, 7573.49
17.094, 18007.3, 7573.76
17.095, 18008.1, 7574.03
17.096, 18009, 7574.31
17.097, 18009.8, 7574.58
17.098, 18010.7, 7574.85
17.099, 18011.5, 7575.12
17.1, 18012.3, 7575.39
17.101, 18013.2, 7575.66
17.102, 18014, 7575.94
17.103, 18014.8, 7576.21
17.104, 18015.7, 7576.48
17.105, 18016.5, 7576.75
17.106, 18017.3, 7577.02
17.107, 18018.2, 7577.29
17.108, 18019, 7577.57
17.109, 18019.9, 7577.84
17.11, 18020.7, 7578.11
17.111, 18021.5, 7578.38
17.112, 18022.4, 7578.65
17.113, 18023.2, 7578.92
17.114, 18024, 7579.2
17.115, 18024.9, 7579.47
17.116, 18025.7, 7579.74
17.117, 18026.6, 7580.01
17.118, 18027.4, 7580.28
17.119, 18028.2, 7580.55
17.12, 18029.1, 7580.83
17.121, 18029.9, 7581.1
17.122, 18030.7, 7581.37
17.123, 18031.6, 7581.64
17.124, 18032.4, 7581.91
17.125, 18033.3, 7582.18
17.126, 18034.1, 7582.45
17.127, 18034.9, 7582.73
17.128, 18035.8, 7583
17.129, 18036.6, 7583.27
17.13, 18037.4, 7583.54
17.131, 18038.3, 7583.81
17.132, 18039.1, 7584.08
17.133, 18039.9, 7584.35
17.134, 18040.8, 7584.62
17.135, 18041.6, 7584.9
17.136, 18042.5, 7585.17
17.137, 18043.3, 7585.44
17.138, 18044.1, 7585.71
17.139, 18045, 7585.98
17.14, 18045.8, 7586.25
17.141, 18046.6, 7586.52
17.142, 18047.5, 7586.79
17.143, 18048.3, 7587.07
17.144, 18049.2, 7587.34
17.145, 18050, 7587.61
17.146, 18050.8, 7587.88
17.147, 18051.7, 7588.15
17.148, 18052.5, 7588.42
17.149, 18053.3, 7588.69
17.15, 18054.2, 7588.96
17.151, 18055, 7589.23
17.152, 18055.8, 7589.51
17.153, 18056.7, 7589.78
17.154, 18057.5, 7590.05
17.155, 18058.4, 7590.32
17.156, 18059.2, 7590.59
17.157, 18060, 7590.86
17.158, 18060.9, 7591.13
17.159, 18061.7, 7591.4
17.16, 18062.5, 7591.67
17.161, 18063.4, 7591.94
17.162, 18064.2, 7592.22
17.163, 18065, 7592.49
17.164, 18065.9, 7592.76
17.165, 18066.7, 7593.03
17.166, 18067.6, 7593.3
17.167, 18068.4, 7593.57
17.168, 18069.2, 7593.84
17.169, 18070.1, 7594.11
17.17, 18070.9, 7594.38
17.171, 18071.7, 7594.65
17.172, 18072.6, 7594.92
17.173, 18073.4, 7595.19
17.174, 18074.2, 7595.46
17.175, 18075.1, 7595.74
17.176, 18075.9, 7596.01
17.177, 18076.8, 7596.28
17.178, 18077.6, 7596.55
17.179, 18078.4, 7596.82
17.18, 18079.3, 7597.09
17.181, 18080.1, 7597.36
17.182, 18080.9, 7597.63
17.183, 18081.8, 7597.9
17.184, 18082.6, 7598.17
17.185, 18083.4, 7598.44
17.186, 18084.3, 7598.71
17.187, 18085.1, 7598.98
17.188, 18086, 7599.25
17.189, 18086.8, 7599.52
17.19, 18087.6, 7599.79
17.191, 18088.5, 7600.06
17.192, 18089.3, 7600.34
17.193, 18090.1, 7600.61
17.194, 18091, 7600.88
17.195, 18091.8, 7601.15
17.196, 18092.6, 7601.42
17.197, 18093.5, 7601.69
17.198, 18094.3, 7601.96
17.199, 18095.1, 7602.23
17.2, 18096, 7602.5
17.201, 18096.8, 7602.77
17.202, 18097.7, 7603.04
17.203, 18098.5, 7603.31
17.204, 18099.3, 7603.58
17.205, 18100.2, 7603.85
17.206, 18101, 7604.12
17.207, 18101.8, 7604.39
17.208, 18102.7, 7604.66
17.209, 18103.5, 7604.93
17.21, 18104.3, 7605.2
17.211, 18105.2, 7605.47
17.212, 18106, 7605.74
17.213, 18106.8, 7606.01
17.214, 18107.7, 7606.28
17.215, 18108.5, 7606.55
17.216, 18109.4, 7606.82
17.217, 18110.2, 7607.09
17.218, 18111, 7607.36
17.219, 18111.9, 7607.63
17.22, 18112.7, 7607.9
17.221, 18113.5, 7608.17
17.222, 18114.4, 7608.44
17.223, 18115.2, 7608.71
17.224, 18116, 7608.98
17.225, 18116.9, 7609.25
17.226, 18117.7, 7609.52
17.227, 18118.5, 7609.79
17.228, 18119.4, 7610.06
17.229, 18120.2, 7610.33
17.23, 18121.1, 7610.6
17.231, 18121.9, 7610.87
17.232, 18122.7, 7611.14
17.233, 18123.6, 7611.41
17.234, 18124.4, 7611.68
17.235, 18125.2, 7611.95
17.236, 18126.1, 7612.22
17.237, 18126.9, 7612.49
17.238, 18127.7, 7612.76
17.239, 18128.6, 7613.03
17.24, 18129.4, 7613.3
17.241, 18130.2, 7613.57
17.242, 18131.1, 7613.84
17.243, 18131.9, 7614.11
17.244, 18132.8, 7614.38
17.245, 18133.6, 7614.65
17.246, 18134.4, 7614.92
17.247, 18135.3, 7615.19
17.248, 18136.1, 7615.46
17.249, 18136.9, 7615.73
17.25, 18137.8, 7616
17.251, 18138.6, 7616.27
17.252, 18139.4, 7616.54
17.253, 18140.3, 7616.81
17.254, 18141.1, 7617.08
17.255, 18141.9, 7617.35
17.256, 18142.8, 7617.62
17.257, 18143.6, 7617.88
17.258, 18144.4, 7618.15
17.259, 18145.3, 7618.42
17.26, 18146.1, 7618.69
17.261, 18146.9, 7618.96
17.262, 18147.8, 7619.23
17.263, 18148.6, 7619.5
17.264, 18149.5, 7619.77
17.265, 18150.3, 7620.04
17.266, 18151.1, 7620.31
17.267, 18152, 7620.58
17.268, 18152.8, 7620.85
17.269, 18153.6, 7621.12
17.27, 18154.5, 7621.39
17.271, 18155.3, 7621.66
17.272, 18156.1, 7621.93
17.273, 18157, 7622.2
17.274, 18157.8, 7622.46
17.275, 18158.6, 7622.73
17.276, 18159.5, 7623
17.277, 18160.3, 7623.27
17.278, 18161.1, 7623.54
17.279, 18162, 7623.81
17.28, 18162.8, 7624.08
17.281, 18163.6, 7624.35
17.282, 18164.5, 7624.62
17.283, 18165.3, 7624.89
17.284, 18166.2, 7625.16
17.285, 18167, 7625.43
17.286, 18167.8, 7625.7
17.287, 18168.7, 7625.96
17.288, 18169.5, 7626.23
17.289, 18170.3, 7626.5
17.29, 18171.2, 7626.77
17.291, 18172, 7627.04
17.292, 18172.8, 7627.31
17.293, 18173.7, 7627.58
17.294, 18174.5, 7627.85
17.295, 18175.3, 7628.12
17.296, 18176.2, 7628.39
17.297, 18177, 7628.65
17.298, 18177.8, 7628.92
17.299, 18178.7, 7629.19
17.3, 18179.5, 7629.46
17.301, 18180.3, 7629.73
17.302, 18181.2, 7630
17.303, 18182, 7630.27
17.304, 18182.8, 7630.54
17.305, 18183.7, 7630.81
17.306, 18184.5, 7631.07
17.307, 18185.3, 7631.34
17.308, 18186.2, 7631.61
17.309, 18187, 7631.88
17.31, 18187.8, 7632.15
17.311, 18188.7, 7632.42
17.312, 18189.5, 7632.69
17.313, 18190.4, 7632.96
17.314, 18191.2, 7633.22
17.315, 18192, 7633.49
17.316, 18192.9, 7633.76
17.317, 18193.7, 7634.03
17.318, 18194.5, 7634.3
17.319, 18195.4, 7634.57
17.32, 18196.2, 7634.84
17.321, 18197, 7635.11
17.322, 18197.9, 7635.37
17.323, 18198.7, 7635.64
17.324, 18199.5, 7635.91
17.325, 18200.4, 7636.18
17.326, 18201.2, 7636.45
17.327, 18202, 7636.72
17.328, 18202.9, 7636.99
17.329, 18203.7, 7637.25
17.33, 18204.5, 7637.52
17.331, 18205.4, 7637.79
17.332, 18206.2, 7638.06
17.333, 18207, 7638.33
17.334, 18207.9, 7638.6
17.335, 18208.7, 7638.86
17.336, 18209.5, 7639.13
17.337, 18210.4, 7639.4
17.338, 18211.2, 7639.67
17.339, 18212, 7639.94
17.34, 18212.9, 7640.21
17.341, 18213.7, 7640.47
17.342, 18214.5, 7640.74
17.343, 18215.4, 7641.01
17.344, 18216.2, 7641.28
17.345, 18217, 7641.55
17.346, 18217.9, 7641.82
17.347, 18218.7, 7642.08
17.348, 18219.5, 7642.35
17.349, 18220.4, 7642.62
17.35, 18221.2, 7642.89
17.351, 18222, 7643.16
17.352, 18222.9, 7643.43
17.353, 18223.7, 7643.69
17.354, 18224.5, 7643.96
17.355, 18225.4, 7644.23
17.356, 18226.2, 7644.5
17.357, 18227, 7644.77
17.358, 18227.9, 7645.03
17.359, 18228.7, 7645.3
17.36, 18229.5, 7645.57
17.361, 18230.4, 7645.84
17.362, 18231.2, 7646.11
17.363, 18232, 7646.37
17.364, 18232.9, 7646.64
17.365, 18233.7, 7646.91
17.366, 18234.6, 7647.18
17.367, 18235.4, 7647.45
17.368, 18236.2, 7647.71
17.369, 18237.1, 7647.98
17.37, 18237.9, 7648.25
17.371, 18238.7, 7648.52
17.372, 18239.6, 7648.79
17.373, 18240.4, 7649.05
17.374, 18241.2, 7649.32
17.375, 18242.1, 7649.59
17.376, 18242.9, 7649.86
17.377, 18243.7, 7650.13
17.378, 18244.6, 7650.39
17.379, 18245.4, 7650.66
17.38, 18246.2, 7650.93
17.381, 18247.1, 7651.2
17.382, 18247.9, 7651.46
17.383, 18248.7, 7651.73
17.384, 18249.6, 7652
17.385, 18250.4, 7652.27
17.386, 18251.2, 7652.53
17.387, 18252.1, 7652.8
17.388, 18252.9, 7653.07
17.389, 18253.7, 7653.34
17.39, 18254.6, 7653.61
17.391, 18255.4, 7653.87
17.392, 18256.2, 7654.14
17.393, 18257.1, 7654.41
17.394, 18257.9, 7654.68
17.395, 18258.7, 7654.94
17.396, 18259.6, 7655.21
17.397, 18260.4, 7655.48
17.398, 18261.2, 7655.75
17.399, 18262.1, 7656.01
17.4, 18262.9, 7656.28
17.401, 18263.7, 7656.55
17.402, 18264.6, 7656.82
17.403, 18265.4, 7657.08
17.404, 18266.2, 7657.35
17.405, 18267, 7657.62
17.406, 18267.9, 7657.89
17.407, 18268.7, 7658.15
17.408, 18269.5, 7658.42
17.409, 18270.4, 7658.69
17.41, 18271.2, 7658.96
17.411, 18272, 7659.22
17.412, 18272.9, 7659.49
17.413, 18273.7, 7659.76
17.414, 18274.5, 7660.02
17.415, 18275.4, 7660.29
17.416, 18276.2, 7660.56
17.417, 18277, 7660.83
17.418, 18277.9, 7661.09
17.419, 18278.7, 7661.36
17.42, 18279.5, 7661.63
17.421, 18280.4, 7661.9
17.422, 18281.2, 7662.16
17.423, 18282, 7662.43
17.424, 18282.9, 7662.7
17.425, 18283.7, 7662.96
17.426, 18284.5, 7663.23
17.427, 18285.4, 7663.5
17.428, 18286.2, 7663.77
17.429, 18287, 7664.03
17.43, 18287.9, 7664.3
17.431, 18288.7, 7664.57
17.432, 18289.5, 7664.83
17.433, 18290.4, 7665.1
17.434, 18291.2, 7665.37
17.435, 18292, 7665.63
17.436, 18292.9, 7665.9
17.437, 18293.7, 7666.17
17.438, 18294.5, 7666.44
17.439, 18295.4, 7666.7
17.44, 18296.2, 7666.97
17.441, 18297, 7667.24
17.442, 18297.9, 7667.5
17.443, 18298.7, 7667.77
17.444, 18299.5, 7668.04
17.445, 18300.4, 7668.3
17.446, 18301.2, 7668.57
17.447, 18302, 7668.84
17.448, 18302.9, 7669.1
17.449, 18303.7, 7669.37
17.45, 18304.5, 7669.64
17.451, 18305.4, 7669.9
17.452, 18306.2, 7670.17
17.453, 18307, 7670.44
17.454, 18307.9, 7670.7
17.455, 18308.7, 7670.97
17.456, 18309.5, 7671.24
17.457, 18310.3, 7671.5
17.458, 18311.2, 7671.77
17.459, 18312, 7672.04
17.46, 18312.8, 7672.3
17.461, 18313.7, 7672.57
17.462, 18314.5, 7672.84
17.463, 18315.3, 7673.1
17.464, 18316.2, 7673.37
17.465, 18317, 7673.64
17.466, 18317.8, 7673.9
17.467, 18318.7, 7674.17
17.468, 18319.5, 7674.44
17.469, 18320.3, 7674.7
17.47, 18321.2, 7674.97
17.471, 18322, 7675.24
17.472, 18322.8, 7675.5
17.473, 18323.7, 7675.77
17.474, 18324.5, 7676.04
17.475, 18325.3, 7676.3
17.476, 18326.2, 7676.57
17.477, 18327, 7676.84
17.478, 18327.8, 7677.1
17.479, 18328.7, 7677.37
17.48, 18329.5, 7677.63
17.481, 18330.3, 7677.9
17.482, 18331.2, 7678.17
17.483, 18332, 7678.43
17.484, 18332.8, 7678.7
17.485, 18333.6, 7678.97
17.486, 18334.5, 7679.23
17.487, 18335.3, 7679.5
17.488, 18336.1, 7679.76
17.489, 18337, 7680.03
17.49, 18337.8, 7680.3
17.491, 18338.6, 7680.56
17.492, 18339.5, 7680.83
17.493, 18340.3, 7681.1
17.494, 18341.1, 7681.36
17.495, 18342, 7681.63
17.496, 18342.8, 7681.89
17.497, 18343.6, 7682.16
17.498, 18344.5, 7682.43
17.499, 18345.3, 7682.69
17.5, 18346.1, 7682.96
17.501, 18347, 7683.22
17.502, 18347.8, 7683.49
17.503, 18348.6, 7683.76
17.504, 18349.5, 7684.02
17.505, 18350.3, 7684.29
17.506, 18351.1, 7684.55
17.507, 18351.9, 7684.82
17.508, 18352.8, 7685.09
17.509, 18353.6, 7685.35
17.51, 18354.4, 7685.62
17.511, 18355.3, 7685.88
17.512, 18356.1, 7686.15
17.513, 18356.9, 7686.42
17.514, 18357.8, 7686.68
17.515, 18358.6, 7686.95
17.516, 18359.4, 7687.21
17.517, 18360.3, 7687.48
17.518, 18361.1, 7687.75
17.519, 18361.9, 7688.01
17.52, 18362.8, 7688.28
17.521, 18363.6, 7688.54
17.522, 18364.4, 7688.81
17.523, 18365.3, 7689.07
17.524, 18366.1, 7689.34
17.525, 18366.9, 7689.61
17.526, 18367.7, 7689.87
17.527, 18368.6, 7690.14
17.528, 18369.4, 7690.4
17.529, 18370.2, 7690.67
17.53, 18371.1, 7690.93
17.531, 18371.9, 7691.2
17.532, 18372.7, 7691.47
17.533, 18373.6, 7691.73
17.534, 18374.4, 7692
17.535, 18375.2, 7692.26
17.536, 18376.1, 7692.53
17.537, 18376.9, 7692.79
17.538, 18377.7, 7693.06
17.539, 18378.6, 7693.32
17.54, 18379.4, 7693.59
17.541, 18380.2, 7693.86
17.542, 18381, 7694.12
17.543, 18381.9, 7694.39
17.544, 18382.7, 7694.65
17.545, 18383.5, 7694.92
17.546, 18384.4, 7695.18
17.547, 18385.2, 7695.45
17.548, 18386, 7695.71
17.549, 18386.9, 7695.98
17.55, 18387.7, 7696.24
17.551, 18388.5, 7696.51
17.552, 18389.4, 7696.78
17.553, 18390.2, 7697.04
17.554, 18391, 7697.31
17.555, 18391.9, 7697.57
17.556, 18392.7, 7697.84
17.557, 18393.5, 7698.1
17.558, 18394.3, 7698.37
17.559, 18395.2, 7698.63
17.56, 18396, 7698.9
17.561, 18396.8, 7699.16
17.562, 18397.7, 7699.43
17.563, 18398.5, 7699.69
17.564, 18399.3, 7699.96
17.565, 18400.2, 7700.22
17.566, 18401, 7700.49
17.567, 18401.8, 7700.75
17.568, 18402.7, 7701.02
17.569, 18403.5, 7701.28
17.57, 18404.3, 7701.55
17.571, 18405.1, 7701.81
17.572, 18406, 7702.08
17.573, 18406.8, 7702.34
17.574, 18407.6, 7702.61
17.575, 18408.5, 7702.87
17.576, 18409.3, 7703.14
17.577, 18410.1, 7703.4
17.578, 18411, 7703.67
17.579, 18411.8, 7703.93
17.58, 18412.6, 7704.2
17.581, 18413.5, 7704.46
17.582, 18414.3, 7704.73
17.583, 18415.1, 7704.99
17.584, 18415.9, 7705.26
17.585, 18416.8, 7705.52
17.586, 18417.6, 7705.79
17.587, 18418.4, 7706.05
17.588, 18419.3, 7706.32
17.589, 18420.1, 7706.58
17.59, 18420.9, 7706.85
17.591, 18421.8, 7707.11
17.592, 18422.6, 7707.38
17.593, 18423.4, 7707.64
17.594, 18424.3, 7707.91
17.595, 18425.1, 7708.17
17.596, 18425.9, 7708.44
17.597, 18426.7, 7708.7
17.598, 18427.6, 7708.97
17.599, 18428.4, 7709.23
17.6, 18429.2, 7709.49
17.601, 18430.1, 7709.76
17.602, 18430.9, 7710.02
17.603, 18431.7, 7710.29
17.604, 18432.6, 7710.55
17.605, 18433.4, 7710.82
17.606, 18434.2, 7711.08
17.607, 18435, 7711.35
17.608, 18435.9, 7711.61
17.609, 18436.7, 7711.88
17.61, 18437.5, 7712.14
17.611, 18438.4, 7712.4
17.612, 18439.2, 7712.67
17.613, 18440, 7712.93
17.614, 18440.9, 7713.2
17.615, 18441.7, 7713.46
17.616, 18442.5, 7713.73
17.617, 18443.3, 7713.99
17.618, 18444.2, 7714.26
17.619, 18445, 7714.52
17.62, 18445.8, 7714.78
17.621, 18446.7, 7715.05
17.622, 18447.5, 7715.31
17.623, 18448.3, 7715.58
17.624, 18449.2, 7715.84
17.625, 18450, 7716.11
17.626, 18450.8, 7716.37
17.627, 18451.6, 7716.64
17.628, 18452.5, 7716.9
17.629, 18453.3, 7717.16
17.63, 18454.1, 7717.43
17.631, 18455, 7717.69
17.632, 18455.8, 7717.96
17.633, 18456.6, 7718.22
17.634, 18457.5, 7718.48
17.635, 18458.3, 7718.75
17.636, 18459.1, 7719.01
17.637, 18459.9, 7719.28
17.638, 18460.8, 7719.54
17.639, 18461.6, 7719.81
17.64, 18462.4, 7720.07
17.641, 18463.3, 7720.33
17.642, 18464.1, 7720.6
17.643, 18464.9, 7720.86
17.644, 18465.8, 7721.13
17.645, 18466.6, 7721.39
17.646, 18467.4, 7721.65
17.647, 18468.2, 7721.92
17.648, 18469.1, 7722.18
17.649, 18469.9, 7722.45
17.65, 18470.7, 7722.71
17.651, 18471.6, 7722.97
17.652, 18472.4, 7723.24
17.653, 18473.2, 7723.5
17.654, 18474.1, 7723.77
17.655, 18474.9, 7724.03
17.656, 18475.7, 7724.29
17.657, 18476.5, 7724.56
17.658, 18477.4, 7724.82
17.659, 18478.2, 7725.08
17.66, 18479, 7725.35
17.661, 18479.9, 7725.61
17.662, 18480.7, 7725.88
17.663, 18481.5, 7726.14
17.664, 18482.3, 7726.4
17.665, 18483.2, 7726.67
17.666, 18484, 7726.93
17.667, 18484.8, 7727.19
17.668, 18485.7, 7727.46
17.669, 18486.5, 7727.72
17.67, 18487.3, 7727.99
17.671, 18488.2, 7728.25
17.672, 18489, 7728.51
17.673, 18489.8, 7728.78
17.674, 18490.6, 7729.04
17.675, 18491.5, 7729.3
17.676, 18492.3, 7729.57
17.677, 18493.1, 7729.83
17.678, 18494, 7730.09
17.679, 18494.8, 7730.36
17.68, 18495.6, 7730.62
17.681, 18496.4, 7730.88
17.682, 18497.3, 7731.15
17.683, 18498.1, 7731.41
17.684, 18498.9, 7731.68
17.685, 18499.8, 7731.94
17.686, 18500.6, 7732.2
17.687, 18501.4, 7732.47
17.688, 18502.3, 7732.73
17.689, 18503.1, 7732.99
17.69, 18503.9, 7733.26
17.691, 18504.7, 7733.52
17.692, 18505.6, 7733.78
17.693, 18506.4, 7734.05
17.694, 18507.2, 7734.31
17.695, 18508.1, 7734.57
17.696, 18508.9, 7734.84
17.697, 18509.7, 7735.1
17.698, 18510.5, 7735.36
17.699, 18511.4, 7735.63
17.7, 18512.2, 7735.89
17.701, 18513, 7736.15
17.702, 18513.9, 7736.42
17.703, 18514.7, 7736.68
17.704, 18515.5, 7736.94
17.705, 18516.3, 7737.21
17.706, 18517.2, 7737.47
17.707, 18518, 7737.73
17.708, 18518.8, 7737.99
17.709, 18519.7, 7738.26
17.71, 18520.5, 7738.52
17.711, 18521.3, 7738.78
17.712, 18522.2, 7739.05
17.713, 18523, 7739.31
17.714, 18523.8, 7739.57
17.715, 18524.6, 7739.84
17.716, 18525.5, 7740.1
17.717, 18526.3, 7740.36
17.718, 18527.1, 7740.63
17.719, 18528, 7740.89
17.72, 18528.8, 7741.15
17.721, 18529.6, 7741.41
17.722, 18530.4, 7741.68
17.723, 18531.3, 7741.94
17.724, 18532.1, 7742.2
17.725, 18532.9, 7742.47
17.726, 18533.8, 7742.73
17.727, 18534.6, 7742.99
17.728, 18535.4, 7743.25
17.729, 18536.2, 7743.52
17.73, 18537.1, 7743.78
17.731, 18537.9, 7744.04
17.732, 18538.7, 7744.31
17.733, 18539.6, 7744.57
17.734, 18540.4, 7744.83
17.735, 18541.2, 7745.09
17.736, 18542, 7745.36
17.737, 18542.9, 7745.62
17.738, 18543.7, 7745.88
17.739, 18544.5, 7746.14
17.74, 18545.4, 7746.41
17.741, 18546.2, 7746.67
17.742, 18547, 7746.93
17.743, 18547.8, 7747.2
17.744, 18548.7, 7747.46
17.745, 18549.5, 7747.72
17.746, 18550.3, 7747.98
17.747, 18551.2, 7748.25
17.748, 18552, 7748.51
17.749, 18552.8, 7748.77
17.75, 18553.6, 7749.03
17.751, 18554.5, 7749.3
17.752, 18555.3, 7749.56
17.753, 18556.1, 7749.82
17.754, 18557, 7750.08
17.755, 18557.8, 7750.35
17.756, 18558.6, 7750.61
17.757, 18559.4, 7750.87
17.758, 18560.3, 7751.13
17.759, 18561.1, 7751.4
17.76, 18561.9, 7751.66
17.761, 18562.7, 7751.92
17.762, 18563.6, 7752.18
17.763, 18564.4, 7752.45
17.764, 18565.2, 7752.71
17.765, 18566.1, 7752.97
17.766, 18566.9, 7753.23
17.767, 18567.7, 7753.49
17.768, 18568.5, 7753.76
17.769, 18569.4, 7754.02
17.77, 18570.2, 7754.28
17.771, 18571, 7754.54
17.772, 18571.9, 7754.81
17.773, 18572.7, 7755.07
17.774, 18573.5, 7755.33
17.775, 18574.3, 7755.59
17.776, 18575.2, 7755.85
17.777, 18576, 7756.12
17.778, 18576.8, 7756.38
17.779, 18577.7, 7756.64
17.78, 18578.5, 7756.9
17.781, 18579.3, 7757.17
17.782, 18580.1, 7757.43
17.783, 18581, 7757.69
17.784, 18581.8, 7757.95
17.785, 18582.6, 7758.21
17.786, 18583.4, 7758.48
17.787, 18584.3, 7758.74
17.788, 18585.1, 7759
17.789, 18585.9, 7759.26
17.79, 18586.8, 7759.52
17.791, 18587.6, 7759.79
17.792, 18588.4, 7760.05
17.793, 18589.2, 7760.31
17.794, 18590.1, 7760.57
17.795, 18590.9, 7760.83
17.796, 18591.7, 7761.1
17.797, 18592.6, 7761.36
17.798, 18593.4, 7761.62
17.799, 18594.2, 7761.88
17.8, 18595, 7762.14
17.801, 18595.9, 7762.4
17.802, 18596.7, 7762.67
17.803, 18597.5, 7762.93
17.804, 18598.3, 7763.19
17.805, 18599.2, 7763.45
17.806, 18600, 7763.71
17.807, 18600.8, 7763.98
17.808, 18601.7, 7764.24
17.809, 18602.5, 7764.5
17.81, 18603.3, 7764.76
17.811, 18604.1, 7765.02
17.812, 18605, 7765.28
17.813, 18605.8, 7765.55
17.814, 18606.6, 7765.81
17.815, 18607.5, 7766.07
17.816, 18608.3, 7766.33
17.817, 18609.1, 7766.59
17.818, 18609.9, 7766.85
17.819, 18610.8, 7767.11
17.82, 18611.6, 7767.38
17.821, 18612.4, 7767.64
17.822, 18613.2, 7767.9
17.823, 18614.1, 7768.16
17.824, 18614.9, 7768.42
17.825, 18615.7, 7768.68
17.826, 18616.6, 7768.95
17.827, 18617.4, 7769.21
17.828, 18618.2, 7769.47
17.829, 18619, 7769.73
17.83, 18619.9, 7769.99
17.831, 18620.7, 7770.25
17.832, 18621.5, 7770.51
17.833, 18622.3, 7770.78
17.834, 18623.2, 7771.04
17.835, 18624, 7771.3
17.836, 18624.8, 7771.56
17.837, 18625.7, 7771.82
17.838, 18626.5, 7772.08
17.839, 18627.3, 7772.34
17.84, 18628.1, 7772.6
17.841, 18629, 7772.87
17.842, 18629.8, 7773.13
17.843, 18630.6, 7773.39
17.844, 18631.4, 7773.65
17.845, 18632.3, 7773.91
17.846, 18633.1, 7774.17
17.847, 18633.9, 7774.43
17.848, 18634.8, 7774.69
17.849, 18635.6, 7774.96
17.85, 18636.4, 7775.22
17.851, 18637.2, 7775.48
17.852, 18638.1, 7775.74
17.853, 18638.9, 7776
17.854, 18639.7, 7776.26
17.855, 18640.5, 7776.52
17.856, 18641.4, 7776.78
17.857, 18642.2, 7777.04
17.858, 18643, 7777.31
17.859, 18643.8, 7777.57
17.86, 18644.7, 7777.83
17.861, 18645.5, 7778.09
17.862, 18646.3, 7778.35
17.863, 18647.2, 7778.61
17.864, 18648, 7778.87
17.865, 18648.8, 7779.13
17.866, 18649.6, 7779.39
17.867, 18650.5, 7779.65
17.868, 18651.3, 7779.91
17.869, 18652.1, 7780.18
17.87, 18652.9, 7780.44
17.871, 18653.8, 7780.7
17.872, 18654.6, 7780.96
17.873, 18655.4, 7781.22
17.874, 18656.2, 7781.48
17.875, 18657.1, 7781.74
17.876, 18657.9, 7782
17.877, 18658.7, 7782.26
17.878, 18659.6, 7782.52
17.879, 18660.4, 7782.78
17.88, 18661.2, 7783.04
17.881, 18662, 7783.3
17.882, 18662.9, 7783.57
17.883, 18663.7, 7783.83
17.884, 18664.5, 7784.09
17.885, 18665.3, 7784.35
17.886, 18666.2, 7784.61
17.887, 18667, 7784.87
17.888, 18667.8, 7785.13
17.889, 18668.6, 7785.39
17.89, 18669.5, 7785.65
17.891, 18670.3, 7785.91
17.892, 18671.1, 7786.17
17.893, 18672, 7786.43
17.894, 18672.8, 7786.69
17.895, 18673.6, 7786.95
17.896, 18674.4, 7787.21
17.897, 18675.3, 7787.47
17.898, 18676.1, 7787.73
17.899, 18676.9, 7788
17.9, 18677.7, 7788.26
17.901, 18678.6, 7788.52
17.902, 18679.4, 7788.78
17.903, 18680.2, 7789.04
17.904, 18681, 7789.3
17.905, 18681.9, 7789.56
17.906, 18682.7, 7789.82
17.907, 18683.5, 7790.08
17.908, 18684.3, 7790.34
17.909, 18685.2, 7790.6
17.91, 18686, 7790.86
17.911, 18686.8, 7791.12
17.912, 18687.7, 7791.38
17.913, 18688.5, 7791.64
17.914, 18689.3, 7791.9
17.915, 18690.1, 7792.16
17.916, 18691, 7792.42
17.917, 18691.8, 7792.68
17.918, 18692.6, 7792.94
17.919, 18693.4, 7793.2
17.92, 18694.3, 7793.46
17.921, 18695.1, 7793.72
17.922, 18695.9, 7793.98
17.923, 18696.7, 7794.24
17.924, 18697.6, 7794.5
17.925, 18698.4, 7794.76
17.926, 18699.2, 7795.02
17.927, 18700, 7795.28
17.928, 18700.9, 7795.54
17.929, 18701.7, 7795.8
17.93, 18702.5, 7796.06
17.931, 18703.3, 7796.32
17.932, 18704.2, 7796.58
17.933, 18705, 7796.84
17.934, 18705.8, 7797.1
17.935, 18706.7, 7797.36
17.936, 18707.5, 7797.62
17.937, 18708.3, 7797.88
17.938, 18709.1, 7798.14
17.939, 18710, 7798.4
17.94, 18710.8, 7798.66
17.941, 18711.6, 7798.92
17.942, 18712.4, 7799.18
17.943, 18713.3, 7799.44
17.944, 18714.1, 7799.7
17.945, 18714.9, 7799.96
17.946, 18715.7, 7800.22
17.947, 18716.6, 7800.48
17.948, 18717.4, 7800.74
17.949, 18718.2, 7801
17.95, 18719, 7801.26
17.951, 18719.9, 7801.52
17.952, 18720.7, 7801.78
17.953, 18721.5, 7802.04
17.954, 18722.3, 7802.3
17.955, 18723.2, 7802.56
17.956, 18724, 7802.82
17.957, 18724.8, 7803.08
17.958, 18725.6, 7803.34
17.959, 18726.5, 7803.6
17.96, 18727.3, 7803.86
17.961, 18728.1, 7804.12
17.962, 18728.9, 7804.38
17.963, 18729.8, 7804.63
17.964, 18730.6, 7804.89
17.965, 18731.4, 7805.15
17.966, 18732.2, 7805.41
17.967, 18733.1, 7805.67
17.968, 18733.9, 7805.93
17.969, 18734.7, 7806.19
17.97, 18735.5, 7806.45
17.971, 18736.4, 7806.71
17.972, 18737.2, 7806.97
17.973, 18738, 7807.23
17.974, 18738.9, 7807.49
17.975, 18739.7, 7807.75
17.976, 18740.5, 7808.01
17.977, 18741.3, 7808.27
17.978, 18742.2, 7808.53
17.979, 18743, 7808.79
17.98, 18743.8, 7809.05
17.981, 18744.6, 7809.3
17.982, 18745.5, 7809.56
17.983, 18746.3, 7809.82
17.984, 18747.1, 7810.08
17.985, 18747.9, 7810.34
17.986, 18748.8, 7810.6
17.987, 18749.6, 7810.86
17.988, 18750.4, 7811.12
17.989, 18751.2, 7811.38
17.99, 18752.1, 7811.64
17.991, 18752.9, 7811.9
17.992, 18753.7, 7812.16
17.993, 18754.5, 7812.41
17.994, 18755.4, 7812.67
17.995, 18756.2, 7812.93
17.996, 18757, 7813.19
17.997, 18757.8, 7813.45
17.998, 18758.7, 7813.71
17.999, 18759.5, 7813.97
18, 18760.3, 7814.23
18.001, 18761.1, 7814.49
18.002, 18762, 7814.75
18.003, 18762.8, 7815.01
18.004, 18763.6, 7815.26
18.005, 18764.4, 7815.52
18.006, 18765.3, 7815.78
18.007, 18766.1, 7816.04
18.008, 18766.9, 7816.3
18.009, 18767.7, 7816.56
18.01, 18768.6, 7816.82
18.011, 18769.4, 7817.08
18.012, 18770.2, 7817.34
18.013, 18771, 7817.59
18.014, 18771.9, 7817.85
18.015, 18772.7, 7818.11
18.016, 18773.5, 7818.37
18.017, 18774.3, 7818.63
18.018, 18775.2, 7818.89
18.019, 18776, 7819.15
18.02, 18776.8, 7819.41
18.021, 18777.6, 7819.67
18.022, 18778.5, 7819.92
18.023, 18779.3, 7820.18
18.024, 18780.1, 7820.44
18.025, 18780.9, 7820.7
18.026, 18781.8, 7820.96
18.027, 18782.6, 7821.22
18.028, 18783.4, 7821.48
18.029, 18784.2, 7821.73
18.03, 18785.1, 7821.99
18.031, 18785.9, 7822.25
18.032, 18786.7, 7822.51
18.033, 18787.5, 7822.77
18.034, 18788.3, 7823.03
18.035, 18789.2, 7823.29
18.036, 18790, 7823.54
18.037, 18790.8, 7823.8
18.038, 18791.6, 7824.06
18.039, 18792.5, 7824.32
18.04, 18793.3, 7824.58
18.041, 18794.1, 7824.84
18.042, 18794.9, 7825.1
18.043, 18795.8, 7825.35
18.044, 18796.6, 7825.61
18.045, 18797.4, 7825.87
18.046, 18798.2, 7826.13
18.047, 18799.1, 7826.39
18.048, 18799.9, 7826.65
18.049, 18800.7, 7826.9
18.05, 18801.5, 7827.16
18.051, 18802.4, 7827.42
18.052, 18803.2, 7827.68
18.053, 18804, 7827.94
18.054, 18804.8, 7828.2
18.055, 18805.7, 7828.45
18.056, 18806.5, 7828.71
18.057, 18807.3, 7828.97
18.058, 18808.1, 7829.23
18.059, 18809, 7829.49
18.06, 18809.8, 7829.75
18.061, 18810.6, 7830
18.062, 18811.4, 7830.26
18.063, 18812.3, 7830.52
18.064, 18813.1, 7830.78
18.065, 18813.9, 7831.04
18.066, 18814.7, 7831.29
18.067, 18815.6, 7831.55
18.068, 18816.4, 7831.81
18.069, 18817.2, 7832.07
18.07, 18818, 7832.33
18.071, 18818.8, 7832.58
18.072, 18819.7, 7832.84
18.073, 18820.5, 7833.1
18.074, 18821.3, 7833.36
18.075, 18822.1, 7833.62
18.076, 18823, 7833.87
18.077, 18823.8, 7834.13
18.078, 18824.6, 7834.39
18.079, 18825.4, 7834.65
18.08, 18826.3, 7834.91
18.081, 18827.1, 7835.16
18.082, 18827.9, 7835.42
18.083, 18828.7, 7835.68
18.084, 18829.6, 7835.94
18.085, 18830.4, 7836.2
18.086, 18831.2, 7836.45
18.087, 18832, 7836.71
18.088, 18832.9, 7836.97
18.089, 18833.7, 7837.23
18.09, 18834.5, 7837.48
18.091, 18835.3, 7837.74
18.092, 18836.2, 7838
18.093, 18837, 7838.26
18.094, 18837.8, 7838.52
18.095, 18838.6, 7838.77
18.096, 18839.4, 7839.03
18.097, 18840.3, 7839.29
18.098, 18841.1, 7839.55
18.099, 18841.9, 7839.8
18.1, 18842.7, 7840.06
18.101, 18843.6, 7840.32
18.102, 18844.4, 7840.58
18.103, 18845.2, 7840.83
18.104, 18846, 7841.09
18.105, 18846.9, 7841.35
18.106, 18847.7, 7841.61
18.107, 18848.5, 7841.86
18.108, 18849.3, 7842.12
18.109, 18850.2, 7842.38
18.11, 18851, 7842.64
18.111, 18851.8, 7842.89
18.112, 18852.6, 7843.15
18.113, 18853.4, 7843.41
18.114, 18854.3, 7843.67
18.115, 18855.1, 7843.92
18.116, 18855.9, 7844.18
18.117, 18856.7, 7844.44
18.118, 18857.6, 7844.7
18.119, 18858.4, 7844.95
18.12, 18859.2, 7845.21
18.121, 18860, 7845.47
18.122, 18860.9, 7845.73
18.123, 18861.7, 7845.98
18.124, 18862.5, 7846.24
18.125, 18863.3, 7846.5
18.126, 18864.2, 7846.76
18.127, 18865, 7847.01
18.128, 18865.8, 7847.27
18.129, 18866.6, 7847.53
18.13, 18867.4, 7847.78
18.131, 18868.3, 7848.04
18.132, 18869.1, 7848.3
18.133, 18869.9, 7848.56
18.134, 18870.7, 7848.81
18.135, 18871.6, 7849.07
18.136, 18872.4, 7849.33
18.137, 18873.2, 7849.58
18.138, 18874, 7849.84
18.139, 18874.9, 7850.1
18.14, 18875.7, 7850.36
18.141, 18876.5, 7850.61
18.142, 18877.3, 7850.87
18.143, 18878.1, 7851.13
18.144, 18879, 7851.38
18.145, 18879.8, 7851.64
18.146, 18880.6, 7851.9
18.147, 18881.4, 7852.16
18.148, 18882.3, 7852.41
18.149, 18883.1, 7852.67
18.15, 18883.9, 7852.93
18.151, 18884.7, 7853.18
18.152, 18885.6, 7853.44
18.153, 18886.4, 7853.7
18.154, 18887.2, 7853.95
18.155, 18888, 7854.21
18.156, 18888.8, 7854.47
18.157, 18889.7, 7854.72
18.158, 18890.5, 7854.98
18.159, 18891.3, 7855.24
18.16, 18892.1, 7855.49
18.161, 18893, 7855.75
18.162, 18893.8, 7856.01
18.163, 18894.6, 7856.27
18.164, 18895.4, 7856.52
18.165, 18896.3, 7856.78
18.166, 18897.1, 7857.04
18.167, 18897.9, 7857.29
18.168, 18898.7, 7857.55
18.169, 18899.5, 7857.81
18.17, 18900.4, 7858.06
18.171, 18901.2, 7858.32
18.172, 18902, 7858.58
18.173, 18902.8, 7858.83
18.174, 18903.7, 7859.09
18.175, 18904.5, 7859.35
18.176, 18905.3, 7859.6
18.177, 18906.1, 7859.86
18.178, 18906.9, 7860.12
18.179, 18907.8, 7860.37
18.18, 18908.6, 7860.63
18.181, 18909.4, 7860.88
18.182, 18910.2, 7861.14
18.183, 18911.1, 7861.4
18.184, 18911.9, 7861.65
18.185, 18912.7, 7861.91
18.186, 18913.5, 7862.17
18.187, 18914.4, 7862.42
18.188, 18915.2, 7862.68
18.189, 18916, 7862.94
18.19, 18916.8, 7863.19
18.191, 18917.6, 7863.45
18.192, 18918.5, 7863.71
18.193, 18919.3, 7863.96
18.194, 18920.1, 7864.22
18.195, 18920.9, 7864.47
18.196, 18921.8, 7864.73
18.197, 18922.6, 7864.99
18.198, 18923.4, 7865.24
18.199, 18924.2, 7865.5
18.2, 18925, 7865.76
18.201, 18925.9, 7866.01
18.202, 18926.7, 7866.27
18.203, 18927.5, 7866.52
18.204, 18928.3, 7866.78
18.205, 18929.2, 7867.04
18.206, 18930, 7867.29
18.207, 18930.8, 7867.55
18.208, 18931.6, 7867.81
18.209, 18932.4, 7868.06
18.21, 18933.3, 7868.32
18.211, 18934.1, 7868.57
18.212, 18934.9, 7868.83
18.213, 18935.7, 7869.09
18.214, 18936.6, 7869.34
18.215, 18937.4, 7869.6
18.216, 18938.2, 7869.85
18.217, 18939, 7870.11
18.218, 18939.8, 7870.37
18.219, 18940.7, 7870.62
18.22, 18941.5, 7870.88
18.221, 18942.3, 7871.13
18.222, 18943.1, 7871.39
18.223, 18944, 7871.65
18.224, 18944.8, 7871.9
18.225, 18945.6, 7872.16
18.226, 18946.4, 7872.41
18.227, 18947.2, 7872.67
18.228, 18948.1, 7872.93
18.229, 18948.9, 7873.18
18.23, 18949.7, 7873.44
18.231, 18950.5, 7873.69
18.232, 18951.4, 7873.95
18.233, 18952.2, 7874.2
18.234, 18953, 7874.46
18.235, 18953.8, 7874.72
18.236, 18954.6, 7874.97
18.237, 18955.5, 7875.23
18.238, 18956.3, 7875.48
18.239, 18957.1, 7875.74
18.24, 18957.9, 7875.99
18.241, 18958.8, 7876.25
18.242, 18959.6, 7876.51
18.243, 18960.4, 7876.76
18.244, 18961.2, 7877.02
18.245, 18962, 7877.27
18.246, 18962.9, 7877.53
18.247, 18963.7, 7877.78
18.248, 18964.5, 7878.04
18.249, 18965.3, 7878.3
18.25, 18966.1, 7878.55
18.251, 18967, 7878.81
18.252, 18967.8, 7879.06
18.253, 18968.6, 7879.32
18.254, 18969.4, 7879.57
18.255, 18970.3, 7879.83
18.256, 18971.1, 7880.08
18.257, 18971.9, 7880.34
18.258, 18972.7, 7880.59
18.259, 18973.5, 7880.85
18.26, 18974.4, 7881.11
18.261, 18975.2, 7881.36
18.262, 18976, 7881.62
18.263, 18976.8, 7881.87
18.264, 18977.7, 7882.13
18.265, 18978.5, 7882.38
18.266, 18979.3, 7882.64
18.267, 18980.1, 7882.89
18.268, 18980.9, 7883.15
18.269, 18981.8, 7883.4
18.27, 18982.6, 7883.66
18.271, 18983.4, 7883.91
18.272, 18984.2, 7884.17
18.273, 18985, 7884.42
18.274, 18985.9, 7884.68
18.275, 18986.7, 7884.94
18.276, 18987.5, 7885.19
18.277, 18988.3, 7885.45
18.278, 18989.2, 7885.7
18.279, 18990, 7885.96
18.28, 18990.8, 7886.21
18.281, 18991.6, 7886.47
18.282, 18992.4, 7886.72
18.283, 18993.3, 7886.98
18.284, 18994.1, 7887.23
18.285, 18994.9, 7887.49
18.286, 18995.7, 7887.74
18.287, 18996.5, 7888
18.288, 18997.4, 7888.25
18.289, 18998.2, 7888.51
18.29, 18999, 7888.76
18.291, 18999.8, 7889.02
18.292, 19000.6, 7889.27
18.293, 19001.5, 7889.53
18.294, 19002.3, 7889.78
18.295, 19003.1, 7890.04
18.296, 19003.9, 7890.29
18.297, 19004.8, 7890.55
18.298, 19005.6, 7890.8
18.299, 19006.4, 7891.06
18.3, 19007.2, 7891.31
18.301, 19008, 7891.57
18.302, 19008.9, 7891.82
18.303, 19009.7, 7892.08
18.304, 19010.5, 7892.33
18.305, 19011.3, 7892.59
18.306, 19012.1, 7892.84
18.307, 19013, 7893.09
18.308, 19013.8, 7893.35
18.309, 19014.6, 7893.6
18.31, 19015.4, 7893.86
18.311, 19016.2, 7894.11
18.312, 19017.1, 7894.37
18.313, 19017.9, 7894.62
18.314, 19018.7, 7894.88
18.315, 19019.5, 7895.13
18.316, 19020.4, 7895.39
18.317, 19021.2, 7895.64
18.318, 19022, 7895.9
18.319, 19022.8, 7896.15
18.32, 19023.6, 7896.41
18.321, 19024.5, 7896.66
18.322, 19025.3, 7896.91
18.323, 19026.1, 7897.17
18.324, 19026.9, 7897.42
18.325, 19027.7, 7897.68
18.326, 19028.6, 7897.93
18.327, 19029.4, 7898.19
18.328, 19030.2, 7898.44
18.329, 19031, 7898.7
18.33, 19031.8, 7898.95
18.331, 19032.7, 7899.21
18.332, 19033.5, 7899.46
18.333, 19034.3, 7899.71
18.334, 19035.1, 7899.97
18.335, 19035.9, 7900.22
18.336, 19036.8, 7900.48
18.337, 19037.6, 7900.73
18.338, 19038.4, 7900.99
18.339, 19039.2, 7901.24
18.34, 19040.1, 7901.49
18.341, 19040.9, 7901.75
18.342, 19041.7, 7902
18.343, 19042.5, 7902.26
18.344, 19043.3, 7902.51
18.345, 19044.2, 7902.77
18.346, 19045, 7903.02
18.347, 19045.8, 7903.27
18.348, 19046.6, 7903.53
18.349, 19047.4, 7903.78
18.35, 19048.3, 7904.04
18.351, 19049.1, 7904.29
18.352, 19049.9, 7904.55
18.353, 19050.7, 7904.8
18.354, 19051.5, 7905.05
18.355, 19052.4, 7905.31
18.356, 19053.2, 7905.56
18.357, 19054, 7905.82
18.358, 19054.8, 7906.07
18.359, 19055.6, 7906.32
18.36, 19056.5, 7906.58
18.361, 19057.3, 7906.83
18.362, 19058.1, 7907.09
18.363, 19058.9, 7907.34
18.364, 19059.7, 7907.59
18.365, 19060.6, 7907.85
18.366, 19061.4, 7908.1
18.367, 19062.2, 7908.36
18.368, 19063, 7908.61
18.369, 19063.8, 7908.86
18.37, 19064.7, 7909.12
18.371, 19065.5, 7909.37
18.372, 19066.3, 7909.63
18.373, 19067.1, 7909.88
18.374, 19067.9, 7910.13
18.375, 19068.8, 7910.39
18.376, 19069.6, 7910.64
18.377, 19070.4, 7910.89
18.378, 19071.2, 7911.15
18.379, 19072, 7911.4
18.38, 19072.9, 7911.66
18.381, 19073.7, 7911.91
18.382, 19074.5, 7912.16
18.383, 19075.3, 7912.42
18.384, 19076.1, 7912.67
18.385, 19077, 7912.92
18.386, 19077.8, 7913.18
18.387, 19078.6, 7913.43
18.388, 19079.4, 7913.69
18.389, 19080.2, 7913.94
18.39, 19081.1, 7914.19
18.391, 19081.9, 7914.45
18.392, 19082.7, 7914.7
18.393, 19083.5, 7914.95
18.394, 19084.3, 7915.21
18.395, 19085.2, 7915.46
18.396, 19086, 7915.71
18.397, 19086.8, 7915.97
18.398, 19087.6, 7916.22
18.399, 19088.4, 7916.47
18.4, 19089.3, 7916.73
18.401, 19090.1, 7916.98
18.402, 19090.9, 7917.24
18.403, 19091.7, 7917.49
18.404, 19092.5, 7917.74
18.405, 19093.4, 7918
18.406, 19094.2, 7918.25
18.407, 19095, 7918.5
18.408, 19095.8, 7918.76
18.409, 19096.6, 7919.01
18.41, 19097.5, 7919.26
18.411, 19098.3, 7919.52
18.412, 19099.1, 7919.77
18.413, 19099.9, 7920.02
18.414, 19100.7, 7920.28
18.415, 19101.6, 7920.53
18.416, 19102.4, 7920.78
18.417, 19103.2, 7921.04
18.418, 19104, 7921.29
18.419, 19104.8, 7921.54
18.42, 19105.7, 7921.8
18.421, 19106.5, 7922.05
18.422, 19107.3, 7922.3
18.423, 19108.1, 7922.55
18.424, 19108.9, 7922.81
18.425, 19109.8, 7923.06
18.426, 19110.6, 7923.31
18.427, 19111.4, 7923.57
18.428, 19112.2, 7923.82
18.429, 19113, 7924.07
18.43, 19113.8, 7924.33
18.431, 19114.7, 7924.58
18.432, 19115.5, 7924.83
18.433, 19116.3, 7925.09
18.434, 19117.1, 7925.34
18.435, 19117.9, 7925.59
18.436, 19118.8, 7925.84
18.437, 19119.6, 7926.1
18.438, 19120.4, 7926.35
18.439, 19121.2, 7926.6
18.44, 19122, 7926.86
18.441, 19122.9, 7927.11
18.442, 19123.7, 7927.36
18.443, 19124.5, 7927.62
18.444, 19125.3, 7927.87
18.445, 19126.1, 7928.12
18.446, 19127, 7928.37
18.447, 19127.8, 7928.63
18.448, 19128.6, 7928.88
18.449, 19129.4, 7929.13
18.45, 19130.2, 7929.39
18.451, 19131.1, 7929.64
18.452, 19131.9, 7929.89
18.453, 19132.7, 7930.14
18.454, 19133.5, 7930.4
18.455, 19134.3, 7930.65
18.456, 19135.1, 7930.9
18.457, 19136, 7931.15
18.458, 19136.8, 7931.41
18.459, 19137.6, 7931.66
18.46, 19138.4, 7931.91
18.461, 19139.2, 7932.16
18.462, 19140.1, 7932.42
18.463, 19140.9, 7932.67
18.464, 19141.7, 7932.92
18.465, 19142.5, 7933.18
18.466, 19143.3, 7933.43
18.467, 19144.2, 7933.68
18.468, 19145, 7933.93
18.469, 19145.8, 7934.19
18.47, 19146.6, 7934.44
18.471, 19147.4, 7934.69
18.472, 19148.3, 7934.94
18.473, 19149.1, 7935.2
18.474, 19149.9, 7935.45
18.475, 19150.7, 7935.7
18.476, 19151.5, 7935.95
18.477, 19152.3, 7936.21
18.478, 19153.2, 7936.46
18.479, 19154, 7936.71
18.48, 19154.8, 7936.96
18.481, 19155.6, 7937.21
18.482, 19156.4, 7937.47
18.483, 19157.3, 7937.72
18.484, 19158.1, 7937.97
18.485, 19158.9, 7938.22
18.486, 19159.7, 7938.48
18.487, 19160.5, 7938.73
18.488, 19161.4, 7938.98
18.489, 19162.2, 7939.23
18.49, 19163, 7939.49
18.491, 19163.8, 7939.74
18.492, 19164.6, 7939.99
18.493, 19165.4, 7940.24
18.494, 19166.3, 7940.49
18.495, 19167.1, 7940.75
18.496, 19167.9, 7941
18.497, 19168.7, 7941.25
18.498, 19169.5, 7941.5
18.499, 19170.4, 7941.76
18.5, 19171.2, 7942.01
18.501, 19172, 7942.26
18.502, 19172.8, 7942.51
18.503, 19173.6, 7942.76
18.504, 19174.4, 7943.02
18.505, 19175.3, 7943.27
18.506, 19176.1, 7943.52
18.507, 19176.9, 7943.77
18.508, 19177.7, 7944.02
18.509, 19178.5, 7944.28
18.51, 19179.4, 7944.53
18.511, 19180.2, 7944.78
18.512, 19181, 7945.03
18.513, 19181.8, 7945.28
18.514, 19182.6, 7945.54
18.515, 19183.5, 7945.79
18.516, 19184.3, 7946.04
18.517, 19185.1, 7946.29
18.518, 19185.9, 7946.54
18.519, 19186.7, 7946.79
18.52, 19187.5, 7947.05
18.521, 19188.4, 7947.3
18.522, 19189.2, 7947.55
18.523, 19190, 7947.8
18.524, 19190.8, 7948.05
18.525, 19191.6, 7948.31
18.526, 19192.5, 7948.56
18.527, 19193.3, 7948.81
18.528, 19194.1, 7949.06
18.529, 19194.9, 7949.31
18.53, 19195.7, 7949.56
18.531, 19196.5, 7949.82
18.532, 19197.4, 7950.07
18.533, 19198.2, 7950.32
18.534, 19199, 7950.57
18.535, 19199.8, 7950.82
18.536, 19200.6, 7951.07
18.537, 19201.5, 7951.33
18.538, 19202.3, 7951.58
18.539, 19203.1, 7951.83
18.54, 19203.9, 7952.08
18.541, 19204.7, 7952.33
18.542, 19205.5, 7952.58
18.543, 19206.4, 7952.84
18.544, 19207.2, 7953.09
18.545, 19208, 7953.34
18.546, 19208.8, 7953.59
18.547, 19209.6, 7953.84
18.548, 19210.4, 7954.09
18.549, 19211.3, 7954.34
18.55, 19212.1, 7954.6
18.551, 19212.9, 7954.85
18.552, 19213.7, 7955.1
18.553, 19214.5, 7955.35
18.554, 19215.4, 7955.6
18.555, 19216.2, 7955.85
18.556, 19217, 7956.1
18.557, 19217.8, 7956.35
18.558, 19218.6, 7956.61
18.559, 19219.4, 7956.86
18.56, 19220.3, 7957.11
18.561, 19221.1, 7957.36
18.562, 19221.9, 7957.61
18.563, 19222.7, 7957.86
18.564, 19223.5, 7958.11
18.565, 19224.4, 7958.36
18.566, 19225.2, 7958.62
18.567, 19226, 7958.87
18.568, 19226.8, 7959.12
18.569, 19227.6, 7959.37
18.57, 19228.4, 7959.62
18.571, 19229.3, 7959.87
18.572, 19230.1, 7960.12
18.573, 19230.9, 7960.37
18.574, 19231.7, 7960.63
18.575, 19232.5, 7960.88
18.576, 19233.3, 7961.13
18.577, 19234.2, 7961.38
18.578, 19235, 7961.63
18.579, 19235.8, 7961.88
18.58, 19236.6, 7962.13
18.581, 19237.4, 7962.38
18.582, 19238.3, 7962.63
18.583, 19239.1, 7962.88
18.584, 19239.9, 7963.14
18.585, 19240.7, 7963.39
18.586, 19241.5, 7963.64
18.587, 19242.3, 7963.89
18.588, 19243.2, 7964.14
18.589, 19244, 7964.39
18.59, 19244.8, 7964.64
18.591, 19245.6, 7964.89
18.592, 19246.4, 7965.14
18.593, 19247.2, 7965.39
18.594, 19248.1, 7965.64
18.595, 19248.9, 7965.9
18.596, 19249.7, 7966.15
18.597, 19250.5, 7966.4
18.598, 19251.3, 7966.65
18.599, 19252.1, 7966.9
18.6, 19253, 7967.15
18.601, 19253.8, 7967.4
18.602, 19254.6, 7967.65
18.603, 19255.4, 7967.9
18.604, 19256.2, 7968.15
18.605, 19257, 7968.4
18.606, 19257.9, 7968.65
18.607, 19258.7, 7968.9
18.608, 19259.5, 7969.15
18.609, 19260.3, 7969.4
18.61, 19261.1, 7969.66
18.611, 19262, 7969.91
18.612, 19262.8, 7970.16
18.613, 19263.6, 7970.41
18.614, 19264.4, 7970.66
18.615, 19265.2, 7970.91
18.616, 19266, 7971.16
18.617, 19266.9, 7971.41
18.618, 19267.7, 7971.66
18.619, 19268.5, 7971.91
18.62, 19269.3, 7972.16
18.621, 19270.1, 7972.41
18.622, 19270.9, 7972.66
18.623, 19271.8, 7972.91
18.624, 19272.6, 7973.16
18.625, 19273.4, 7973.41
18.626, 19274.2, 7973.66
18.627, 19275, 7973.91
18.628, 19275.8, 7974.16
18.629, 19276.7, 7974.41
18.63, 19277.5, 7974.66
18.631, 19278.3, 7974.91
18.632, 19279.1, 7975.17
18.633, 19279.9, 7975.42
18.634, 19280.7, 7975.67
18.635, 19281.6, 7975.92
18.636, 19282.4, 7976.17
18.637, 19283.2, 7976.42
18.638, 19284, 7976.67
18.639, 19284.8, 7976.92
18.64, 19285.6, 7977.17
18.641, 19286.5, 7977.42
18.642, 19287.3, 7977.67
18.643, 19288.1, 7977.92
18.644, 19288.9, 7978.17
18.645, 19289.7, 7978.42
18.646, 19290.5, 7978.67
18.647, 19291.4, 7978.92
18.648, 19292.2, 7979.17
18.649, 19293, 7979.42
18.65, 19293.8, 7979.67
18.651, 19294.6, 7979.92
18.652, 19295.4, 7980.17
18.653, 19296.3, 7980.42
18.654, 19297.1, 7980.67
18.655, 19297.9, 7980.92
18.656, 19298.7, 7981.17
18.657, 19299.5, 7981.42
18.658, 19300.3, 7981.67
18.659, 19301.2, 7981.92
18.66, 19302, 7982.17
18.661, 19302.8, 7982.42
18.662, 19303.6, 7982.67
18.663, 19304.4, 7982.92
18.664, 19305.2, 7983.17
18.665, 19306.1, 7983.42
18.666, 19306.9, 7983.67
18.667, 19307.7, 7983.92
18.668, 19308.5, 7984.17
18.669, 19309.3, 7984.42
18.67, 19310.1, 7984.67
18.671, 19311, 7984.92
18.672, 19311.8, 7985.17
18.673, 19312.6, 7985.42
18.674, 19313.4, 7985.67
18.675, 19314.2, 7985.92
18.676, 19315, 7986.16
18.677, 19315.9, 7986.41
18.678, 19316.7, 7986.66
18.679, 19317.5, 7986.91
18.68, 19318.3, 7987.16
18.681, 19319.1, 7987.41
18.682, 19319.9, 7987.66
18.683, 19320.7, 7987.91
18.684, 19321.6, 7988.16
18.685, 19322.4, 7988.41
18.686, 19323.2, 7988.66
18.687, 19324, 7988.91
18.688, 19324.8, 7989.16
18.689, 19325.6, 7989.41
18.69, 19326.5, 7989.66
18.691, 19327.3, 7989.91
18.692, 19328.1, 7990.16
18.693, 19328.9, 7990.41
18.694, 19329.7, 7990.66
18.695, 19330.5, 7990.91
18.696, 19331.4, 7991.16
18.697, 19332.2, 7991.41
18.698, 19333, 7991.65
18.699, 19333.8, 7991.9
18.7, 19334.6, 7992.15
18.701, 19335.4, 7992.4
18.702, 19336.3, 7992.65
18.703, 19337.1, 7992.9
18.704, 19337.9, 7993.15
18.705, 19338.7, 7993.4
18.706, 19339.5, 7993.65
18.707, 19340.3, 7993.9
18.708, 19341.1, 7994.15
18.709, 19342, 7994.4
18.71, 19342.8, 7994.65
18.711, 19343.6, 7994.9
18.712, 19344.4, 7995.14
18.713, 19345.2, 7995.39
18.714, 19346, 7995.64
18.715, 19346.9, 7995.89
18.716, 19347.7, 7996.14
18.717, 19348.5, 7996.39
18.718, 19349.3, 7996.64
18.719, 19350.1, 7996.89
18.72, 19350.9, 7997.14
18.721, 19351.8, 7997.39
18.722, 19352.6, 7997.64
18.723, 19353.4, 7997.88
18.724, 19354.2, 7998.13
18.725, 19355, 7998.38
18.726, 19355.8, 7998.63
18.727, 19356.6, 7998.88
18.728, 19357.5, 7999.13
18.729, 19358.3, 7999.38
18.73, 19359.1, 7999.63
18.731, 19359.9, 7999.88
18.732, 19360.7, 8000.13
18.733, 19361.5, 8000.37
18.734, 19362.4, 8000.62
18.735, 19363.2, 8000.87
18.736, 19364, 8001.12
18.737, 19364.8, 8001.37
18.738, 19365.6, 8001.62
18.739, 19366.4, 8001.87
18.74, 19367.2, 8002.12
18.741, 19368.1, 8002.37
18.742, 19368.9, 8002.61
18.743, 19369.7, 8002.86
18.744, 19370.5, 8003.11
18.745, 19371.3, 8003.36
18.746, 19372.1, 8003.61
18.747, 19373, 8003.86
18.748, 19373.8, 8004.11
18.749, 19374.6, 8004.36
18.75, 19375.4, 8004.6
18.751, 19376.2, 8004.85
18.752, 19377, 8005.1
18.753, 19377.8, 8005.35
18.754, 19378.7, 8005.6
18.755, 19379.5, 8005.85
18.756, 19380.3, 8006.1
18.757, 19381.1, 8006.34
18.758, 19381.9, 8006.59
18.759, 19382.7, 8006.84
18.76, 19383.6, 8007.09
18.761, 19384.4, 8007.34
18.762, 19385.2, 8007.59
18.763, 19386, 8007.84
18.764, 19386.8, 8008.08
18.765, 19387.6, 8008.33
18.766, 19388.4, 8008.58
18.767, 19389.3, 8008.83
18.768, 19390.1, 8009.08
18.769, 19390.9, 8009.33
18.77, 19391.7, 8009.57
18.771, 19392.5, 8009.82
18.772, 19393.3, 8010.07
18.773, 19394.2, 8010.32
18.774, 19395, 8010.57
18.775, 19395.8, 8010.82
18.776, 19396.6, 8011.07
18.777, 19397.4, 8011.31
18.778, 19398.2, 8011.56
18.779, 19399, 8011.81
18.78, 19399.9, 8012.06
18.781, 19400.7, 8012.31
18.782, 19401.5, 8012.55
18.783, 19402.3, 8012.8
18.784, 19403.1, 8013.05
18.785, 19403.9, 8013.3
18.786, 19404.7, 8013.55
18.787, 19405.6, 8013.8
18.788, 19406.4, 8014.04
18.789, 19407.2, 8014.29
18.79, 19408, 8014.54
18.791, 19408.8, 8014.79
18.792, 19409.6, 8015.04
18.793, 19410.5, 8015.28
18.794, 19411.3, 8015.53
18.795, 19412.1, 8015.78
18.796, 19412.9, 8016.03
18.797, 19413.7, 8016.28
18.798, 19414.5, 8016.52
18.799, 19415.3, 8016.77
18.8, 19416.2, 8017.02
18.801, 19417, 8017.27
18.802, 19417.8, 8017.52
18.803, 19418.6, 8017.76
18.804, 19419.4, 8018.01
18.805, 19420.2, 8018.26
18.806, 19421, 8018.51
18.807, 19421.9, 8018.76
18.808, 19422.7, 8019
18.809, 19423.5, 8019.25
18.81, 19424.3, 8019.5
18.811, 19425.1, 8019.75
18.812, 19425.9, 8020
18.813, 19426.7, 8020.24
18.814, 19427.6, 8020.49
18.815, 19428.4, 8020.74
18.816, 19429.2, 8020.99
18.817, 19430, 8021.23
18.818, 19430.8, 8021.48
18.819, 19431.6, 8021.73
18.82, 19432.4, 8021.98
18.821, 19433.3, 8022.23
18.822, 19434.1, 8022.47
18.823, 19434.9, 8022.72
18.824, 19435.7, 8022.97
18.825, 19436.5, 8023.22
18.826, 19437.3, 8023.46
18.827, 19438.1, 8023.71
18.828, 19439, 8023.96
18.829, 19439.8, 8024.21
18.83, 19440.6, 8024.45
18.831, 19441.4, 8024.7
18.832, 19442.2, 8024.95
18.833, 19443, 8025.2
18.834, 19443.8, 8025.44
18.835, 19444.7, 8025.69
18.836, 19445.5, 8025.94
18.837, 19446.3, 8026.19
18.838, 19447.1, 8026.43
18.839, 19447.9, 8026.68
18.84, 19448.7, 8026.93
18.841, 19449.5, 8027.18
18.842, 19450.4, 8027.42
18.843, 19451.2, 8027.67
18.844, 19452, 8027.92
18.845, 19452.8, 8028.17
18.846, 19453.6, 8028.41
18.847, 19454.4, 8028.66
18.848, 19455.2, 8028.91
18.849, 19456.1, 8029.16
18.85, 19456.9, 8029.4
18.851, 19457.7, 8029.65
18.852, 19458.5, 8029.9
18.853, 19459.3, 8030.15
18.854, 19460.1, 8030.39
18.855, 19460.9, 8030.64
18.856, 19461.8, 8030.89
18.857, 19462.6, 8031.13
18.858, 19463.4, 8031.38
18.859, 19464.2, 8031.63
18.86, 19465, 8031.88
18.861, 19465.8, 8032.12
18.862, 19466.6, 8032.37
18.863, 19467.5, 8032.62
18.864, 19468.3, 8032.86
18.865, 19469.1, 8033.11
18.866, 19469.9, 8033.36
18.867, 19470.7, 8033.61
18.868, 19471.5, 8033.85
18.869, 19472.3, 8034.1
18.87, 19473.2, 8034.35
18.871, 19474, 8034.59
18.872, 19474.8, 8034.84
18.873, 19475.6, 8035.09
18.874, 19476.4, 8035.34
18.875, 19477.2, 8035.58
18.876, 19478, 8035.83
18.877, 19478.8, 8036.08
18.878, 19479.7, 8036.32
18.879, 19480.5, 8036.57
18.88, 19481.3, 8036.82
18.881, 19482.1, 8037.06
18.882, 19482.9, 8037.31
18.883, 19483.7, 8037.56
18.884, 19484.5, 8037.8
18.885, 19485.4, 8038.05
18.886, 19486.2, 8038.3
18.887, 19487, 8038.54
18.888, 19487.8, 8038.79
18.889, 19488.6, 8039.04
18.89, 19489.4, 8039.29
18.891, 19490.2, 8039.53
18.892, 19491.1, 8039.78
18.893, 19491.9, 8040.03
18.894, 19492.7, 8040.27
18.895, 19493.5, 8040.52
18.896, 19494.3, 8040.77
18.897, 19495.1, 8041.01
18.898, 19495.9, 8041.26
18.899, 19496.7, 8041.51
18.9, 19497.6, 8041.75
18.901, 19498.4, 8042
18.902, 19499.2, 8042.25
18.903, 19500, 8042.49
18.904, 19500.8, 8042.74
18.905, 19501.6, 8042.99
18.906, 19502.4, 8043.23
18.907, 19503.3, 8043.48
18.908, 19504.1, 8043.72
18.909, 19504.9, 8043.97
18.91, 19505.7, 8044.22
18.911, 19506.5, 8044.46
18.912, 19507.3, 8044.71
18.913, 19508.1, 8044.96
18.914, 19508.9, 8045.2
18.915, 19509.8, 8045.45
18.916, 19510.6, 8045.7
18.917, 19511.4, 8045.94
18.918, 19512.2, 8046.19
18.919, 19513, 8046.44
18.92, 19513.8, 8046.68
18.921, 19514.6, 8046.93
18.922, 19515.5, 8047.17
18.923, 19516.3, 8047.42
18.924, 19517.1, 8047.67
18.925, 19517.9, 8047.91
18.926, 19518.7, 8048.16
18.927, 19519.5, 8048.41
18.928, 19520.3, 8048.65
18.929, 19521.1, 8048.9
18.93, 19522, 8049.15
18.931, 19522.8, 8049.39
18.932, 19523.6, 8049.64
18.933, 19524.4, 8049.88
18.934, 19525.2, 8050.13
18.935, 19526, 8050.38
18.936, 19526.8, 8050.62
18.937, 19527.6, 8050.87
18.938, 19528.5, 8051.11
18.939, 19529.3, 8051.36
18.94, 19530.1, 8051.61
18.941, 19530.9, 8051.85
18.942, 19531.7, 8052.1
18.943, 19532.5, 8052.34
18.944, 19533.3, 8052.59
18.945, 19534.2, 8052.84
18.946, 19535, 8053.08
18.947, 19535.8, 8053.33
18.948, 19536.6, 8053.58
18.949, 19537.4, 8053.82
18.95, 19538.2, 8054.07
18.951, 19539, 8054.31
18.952, 19539.8, 8054.56
18.953, 19540.7, 8054.8
18.954, 19541.5, 8055.05
18.955, 19542.3, 8055.3
18.956, 19543.1, 8055.54
18.957, 19543.9, 8055.79
18.958, 19544.7, 8056.03
18.959, 19545.5, 8056.28
18.96, 19546.3, 8056.53
18.961, 19547.2, 8056.77
18.962, 19548, 8057.02
18.963, 19548.8, 8057.26
18.964, 19549.6, 8057.51
18.965, 19550.4, 8057.75
18.966, 19551.2, 8058
18.967, 19552, 8058.25
18.968, 19552.8, 8058.49
18.969, 19553.7, 8058.74
18.97, 19554.5, 8058.98
18.971, 19555.3, 8059.23
18.972, 19556.1, 8059.47
18.973, 19556.9, 8059.72
18.974, 19557.7, 8059.97
18.975, 19558.5, 8060.21
18.976, 19559.3, 8060.46
18.977, 19560.2, 8060.7
18.978, 19561, 8060.95
18.979, 19561.8, 8061.19
18.98, 19562.6, 8061.44
18.981, 19563.4, 8061.69
18.982, 19564.2, 8061.93
18.983, 19565, 8062.18
18.984, 19565.8, 8062.42
18.985, 19566.7, 8062.67
18.986, 19567.5, 8062.91
18.987, 19568.3, 8063.16
18.988, 19569.1, 8063.4
18.989, 19569.9, 8063.65
18.99, 19570.7, 8063.89
18.991, 19571.5, 8064.14
18.992, 19572.3, 8064.39
18.993, 19573.2, 8064.63
18.994, 19574, 8064.88
18.995, 19574.8, 8065.12
18.996, 19575.6, 8065.37
18.997, 19576.4, 8065.61
18.998, 19577.2, 8065.86
18.999, 19578, 8066.1
19, 19578.8, 8066.35
19.001, 19579.7, 8066.59
19.002, 19580.5, 8066.84
19.003, 19581.3, 8067.08
19.004, 19582.1, 8067.33
19.005, 19582.9, 8067.57
19.006, 19583.7, 8067.82
19.007, 19584.5, 8068.06
19.008, 19585.3, 8068.31
19.009, 19586.2, 8068.55
19.01, 19587, 8068.8
19.011, 19587.8, 8069.04
19.012, 19588.6, 8069.29
19.013, 19589.4, 8069.54
19.014, 19590.2, 8069.78
19.015, 19591, 8070.03
19.016, 19591.8, 8070.27
19.017, 19592.6, 8070.52
19.018, 19593.5, 8070.76
19.019, 19594.3, 8071.01
19.02, 19595.1, 8071.25
19.021, 19595.9, 8071.5
19.022, 19596.7, 8071.74
19.023, 19597.5, 8071.99
19.024, 19598.3, 8072.23
19.025, 19599.1, 8072.48
19.026, 19600, 8072.72
19.027, 19600.8, 8072.97
19.028, 19601.6, 8073.21
19.029, 19602.4, 8073.45
19.03, 19603.2, 8073.7
19.031, 19604, 8073.94
19.032, 19604.8, 8074.19
19.033, 19605.6, 8074.43
19.034, 19606.4, 8074.68
19.035, 19607.3, 8074.92
19.036, 19608.1, 8075.17
19.037, 19608.9, 8075.41
19.038, 19609.7, 8075.66
19.039, 19610.5, 8075.9
19.04, 19611.3, 8076.15
19.041, 19612.1, 8076.39
19.042, 19612.9, 8076.64
19.043, 19613.8, 8076.88
19.044, 19614.6, 8077.13
19.045, 19615.4, 8077.37
19.046, 19616.2, 8077.62
19.047, 19617, 8077.86
19.048, 19617.8, 8078.11
19.049, 19618.6, 8078.35
19.05, 19619.4, 8078.59
19.051, 19620.2, 8078.84
19.052, 19621.1, 8079.08
19.053, 19621.9, 8079.33
19.054, 19622.7, 8079.57
19.055, 19623.5, 8079.82
19.056, 19624.3, 8080.06
19.057, 19625.1, 8080.31
19.058, 19625.9, 8080.55
19.059, 19626.7, 8080.8
19.06, 19627.6, 8081.04
19.061, 19628.4, 8081.28
19.062, 19629.2, 8081.53
19.063, 19630, 8081.77
19.064, 19630.8, 8082.02
19.065, 19631.6, 8082.26
19.066, 19632.4, 8082.51
19.067, 19633.2, 8082.75
19.068, 19634, 8083
19.069, 19634.9, 8083.24
19.07, 19635.7, 8083.48
19.071, 19636.5, 8083.73
19.072, 19637.3, 8083.97
19.073, 19638.1, 8084.22
19.074, 19638.9, 8084.46
19.075, 19639.7, 8084.71
19.076, 19640.5, 8084.95
19.077, 19641.3, 8085.19
19.078, 19642.2, 8085.44
19.079, 19643, 8085.68
19.08, 19643.8, 8085.93
19.081, 19644.6, 8086.17
19.082, 19645.4, 8086.41
19.083, 19646.2, 8086.66
19.084, 19647, 8086.9
19.085, 19647.8, 8087.15
19.086, 19648.6, 8087.39
19.087, 19649.5, 8087.64
19.088, 19650.3, 8087.88
19.089, 19651.1, 8088.12
19.09, 19651.9, 8088.37
19.091, 19652.7, 8088.61
19.092, 19653.5, 8088.86
19.093, 19654.3, 8089.1
19.094, 19655.1, 8089.34
19.095, 19655.9, 8089.59
19.096, 19656.8, 8089.83
19.097, 19657.6, 8090.08
19.098, 19658.4, 8090.32
19.099, 19659.2, 8090.56
19.1, 19660, 8090.81
19.101, 19660.8, 8091.05
19.102, 19661.6, 8091.3
19.103, 19662.4, 8091.54
19.104, 19663.2, 8091.78
19.105, 19664.1, 8092.03
19.106, 19664.9, 8092.27
19.107, 19665.7, 8092.51
19.108, 19666.5, 8092.76
19.109, 19667.3, 8093
19.11, 19668.1, 8093.25
19.111, 19668.9, 8093.49
19.112, 19669.7, 8093.73
19.113, 19670.5, 8093.98
19.114, 19671.4, 8094.22
19.115, 19672.2, 8094.46
19.116, 19673, 8094.71
19.117, 19673.8, 8094.95
19.118, 19674.6, 8095.2
19.119, 19675.4, 8095.44
19.12, 19676.2, 8095.68
19.121, 19677, 8095.93
19.122, 19677.8, 8096.17
19.123, 19678.6, 8096.41
19.124, 19679.5, 8096.66
19.125, 19680.3, 8096.9
19.126, 19681.1, 8097.14
19.127, 19681.9, 8097.39
19.128, 19682.7, 8097.63
19.129, 19683.5, 8097.88
19.13, 19684.3, 8098.12
19.131, 19685.1, 8098.36
19.132, 19685.9, 8098.61
19.133, 19686.8, 8098.85
19.134, 19687.6, 8099.09
19.135, 19688.4, 8099.34
19.136, 19689.2, 8099.58
19.137, 19690, 8099.82
19.138, 19690.8, 8100.07
19.139, 19691.6, 8100.31
19.14, 19692.4, 8100.55
19.141, 19693.2, 8100.8
19.142, 19694, 8101.04
19.143, 19694.9, 8101.28
19.144, 19695.7, 8101.53
19.145, 19696.5, 8101.77
19.146, 19697.3, 8102.01
19.147, 19698.1, 8102.26
19.148, 19698.9, 8102.5
19.149, 19699.7, 8102.74
19.15, 19700.5, 8102.99
19.151, 19701.3, 8103.23
19.152, 19702.2, 8103.47
19.153, 19703, 8103.72
19.154, 19703.8, 8103.96
19.155, 19704.6, 8104.2
19.156, 19705.4, 8104.45
19.157, 19706.2, 8104.69
19.158, 19707, 8104.93
19.159, 19707.8, 8105.18
19.16, 19708.6, 8105.42
19.161, 19709.4, 8105.66
19.162, 19710.3, 8105.9
19.163, 19711.1, 8106.15
19.164, 19711.9, 8106.39
19.165, 19712.7, 8106.63
19.166, 19713.5, 8106.88
19.167, 19714.3, 8107.12
19.168, 19715.1, 8107.36
19.169, 19715.9, 8107.61
19.17, 19716.7, 8107.85
19.171, 19717.5, 8108.09
19.172, 19718.4, 8108.33
19.173, 19719.2, 8108.58
19.174, 19720, 8108.82
19.175, 19720.8, 8109.06
19.176, 19721.6, 8109.31
19.177, 19722.4, 8109.55
19.178, 19723.2, 8109.79
19.179, 19724, 8110.04
19.18, 19724.8, 8110.28
19.181, 19725.6, 8110.52
19.182, 19726.5, 8110.76
19.183, 19727.3, 8111.01
19.184, 19728.1, 8111.25
19.185, 19728.9, 8111.49
19.186, 19729.7, 8111.73
19.187, 19730.5, 8111.98
19.188, 19731.3, 8112.22
19.189, 19732.1, 8112.46
19.19, 19732.9, 8112.71
19.191, 19733.7, 8112.95
19.192, 19734.6, 8113.19
19.193, 19735.4, 8113.43
19.194, 19736.2, 8113.68
19.195, 19737, 8113.92
19.196, 19737.8, 8114.16
19.197, 19738.6, 8114.4
19.198, 19739.4, 8114.65
19.199, 19740.2, 8114.89
19.2, 19741, 8115.13
19.201, 19741.8, 8115.37
19.202, 19742.7, 8115.62
19.203, 19743.5, 8115.86
19.204, 19744.3, 8116.1
19.205, 19745.1, 8116.34
19.206, 19745.9, 8116.59
19.207, 19746.7, 8116.83
19.208, 19747.5, 8117.07
19.209, 19748.3, 8117.31
19.21, 19749.1, 8117.56
19.211, 19749.9, 8117.8
19.212, 19750.7, 8118.04
19.213, 19751.6, 8118.28
19.214, 19752.4, 8118.53
19.215, 19753.2, 8118.77
19.216, 19754, 8119.01
19.217, 19754.8, 8119.25
19.218, 19755.6, 8119.5
19.219, 19756.4, 8119.74
19.22, 19757.2, 8119.98
19.221, 19758, 8120.22
19.222, 19758.8, 8120.47
19.223, 19759.7, 8120.71
19.224, 19760.5, 8120.95
19.225, 19761.3, 8121.19
19.226, 19762.1, 8121.43
19.227, 19762.9, 8121.68
19.228, 19763.7, 8121.92
19.229, 19764.5, 8122.16
19.23, 19765.3, 8122.4
19.231, 19766.1, 8122.65
19.232, 19766.9, 8122.89
19.233, 19767.7, 8123.13
19.234, 19768.6, 8123.37
19.235, 19769.4, 8123.61
19.236, 19770.2, 8123.86
19.237, 19771, 8124.1
19.238, 19771.8, 8124.34
19.239, 19772.6, 8124.58
19.24, 19773.4, 8124.82
19.241, 19774.2, 8125.07
19.242, 19775, 8125.31
19.243, 19775.8, 8125.55
19.244, 19776.7, 8125.79
19.245, 19777.5, 8126.03
19.246, 19778.3, 8126.28
19.247, 19779.1, 8126.52
19.248, 19779.9, 8126.76
19.249, 19780.7, 8127
19.25, 19781.5, 8127.24
19.251, 19782.3, 8127.49
19.252, 19783.1, 8127.73
19.253, 19783.9, 8127.97
19.254, 19784.7, 8128.21
19.255, 19785.6, 8128.45
19.256, 19786.4, 8128.7
19.257, 19787.2, 8128.94
19.258, 19788, 8129.18
19.259, 19788.8, 8129.42
19.26, 19789.6, 8129.66
19.261, 19790.4, 8129.9
19.262, 19791.2, 8130.15
19.263, 19792, 8130.39
19.264, 19792.8, 8130.63
19.265, 19793.6, 8130.87
19.266, 19794.4, 8131.11
19.267, 19795.3, 8131.35
19.268, 19796.1, 8131.6
19.269, 19796.9, 8131.84
19.27, 19797.7, 8132.08
19.271, 19798.5, 8132.32
19.272, 19799.3, 8132.56
19.273, 19800.1, 8132.8
19.274, 19800.9, 8133.05
19.275, 19801.7, 8133.29
19.276, 19802.5, 8133.53
19.277, 19803.3, 8133.77
19.278, 19804.2, 8134.01
19.279, 19805, 8134.25
19.28, 19805.8, 8134.49
19.281, 19806.6, 8134.74
19.282, 19807.4, 8134.98
19.283, 19808.2, 8135.22
19.284, 19809, 8135.46
19.285, 19809.8, 8135.7
19.286, 19810.6, 8135.94
19.287, 19811.4, 8136.19
19.288, 19812.2, 8136.43
19.289, 19813.1, 8136.67
19.29, 19813.9, 8136.91
19.291, 19814.7, 8137.15
19.292, 19815.5, 8137.39
19.293, 19816.3, 8137.63
19.294, 19817.1, 8137.87
19.295, 19817.9, 8138.12
19.296, 19818.7, 8138.36
19.297, 19819.5, 8138.6
19.298, 19820.3, 8138.84
19.299, 19821.1, 8139.08
19.3, 19821.9, 8139.32
19.301, 19822.8, 8139.56
19.302, 19823.6, 8139.8
19.303, 19824.4, 8140.05
19.304, 19825.2, 8140.29
19.305, 19826, 8140.53
19.306, 19826.8, 8140.77
19.307, 19827.6, 8141.01
19.308, 19828.4, 8141.25
19.309, 19829.2, 8141.49
19.31, 19830, 8141.73
19.311, 19830.8, 8141.97
19.312, 19831.6, 8142.22
19.313, 19832.5, 8142.46
19.314, 19833.3, 8142.7
19.315, 19834.1, 8142.94
19.316, 19834.9, 8143.18
19.317, 19835.7, 8143.42
19.318, 19836.5, 8143.66
19.319, 19837.3, 8143.9
19.32, 19838.1, 8144.14
19.321, 19838.9, 8144.38
19.322, 19839.7, 8144.63
19.323, 19840.5, 8144.87
19.324, 19841.3, 8145.11
19.325, 19842.2, 8145.35
19.326, 19843, 8145.59
19.327, 19843.8, 8145.83
19.328, 19844.6, 8146.07
19.329, 19845.4, 8146.31
19.33, 19846.2, 8146.55
19.331, 19847, 8146.79
19.332, 19847.8, 8147.03
19.333, 19848.6, 8147.28
19.334, 19849.4, 8147.52
19.335, 19850.2, 8147.76
19.336, 19851, 8148
19.337, 19851.9, 8148.24
19.338, 19852.7, 8148.48
19.339, 19853.5, 8148.72
19.34, 19854.3, 8148.96
19.341, 19855.1, 8149.2
19.342, 19855.9, 8149.44
19.343, 19856.7, 8149.68
19.344, 19857.5, 8149.92
19.345, 19858.3, 8150.16
19.346, 19859.1, 8150.4
19.347, 19859.9, 8150.64
19.348, 19860.7, 8150.89
19.349, 19861.5, 8151.13
19.35, 19862.4, 8151.37
19.351, 19863.2, 8151.61
19.352, 19864, 8151.85
19.353, 19864.8, 8152.09
19.354, 19865.6, 8152.33
19.355, 19866.4, 8152.57
19.356, 19867.2, 8152.81
19.357, 19868, 8153.05
19.358, 19868.8, 8153.29
19.359, 19869.6, 8153.53
19.36, 19870.4, 8153.77
19.361, 19871.2, 8154.01
19.362, 19872, 8154.25
19.363, 19872.9, 8154.49
19.364, 19873.7, 8154.73
19.365, 19874.5, 8154.97
19.366, 19875.3, 8155.21
19.367, 19876.1, 8155.45
19.368, 19876.9, 8155.69
19.369, 19877.7, 8155.93
19.37, 19878.5, 8156.18
19.371, 19879.3, 8156.42
19.372, 19880.1, 8156.66
19.373, 19880.9, 8156.9
19.374, 19881.7, 8157.14
19.375, 19882.5, 8157.38
19.376, 19883.4, 8157.62
19.377, 19884.2, 8157.86
19.378, 19885, 8158.1
19.379, 19885.8, 8158.34
19.38, 19886.6, 8158.58
19.381, 19887.4, 8158.82
19.382, 19888.2, 8159.06
19.383, 19889, 8159.3
19.384, 19889.8, 8159.54
19.385, 19890.6, 8159.78
19.386, 19891.4, 8160.02
19.387, 19892.2, 8160.26
19.388, 19893, 8160.5
19.389, 19893.9, 8160.74
19.39, 19894.7, 8160.98
19.391, 19895.5, 8161.22
19.392, 19896.3, 8161.46
19.393, 19897.1, 8161.7
19.394, 19897.9, 8161.94
19.395, 19898.7, 8162.18
19.396, 19899.5, 8162.42
19.397, 19900.3, 8162.66
19.398, 19901.1, 8162.9
19.399, 19901.9, 8163.14
19.4, 19902.7, 8163.38
19.401, 19903.5, 8163.62
19.402, 19904.3, 8163.86
19.403, 19905.2, 8164.1
19.404, 19906, 8164.34
19.405, 19906.8, 8164.58
19.406, 19907.6, 8164.82
19.407, 19908.4, 8165.06
19.408, 19909.2, 8165.3
19.409, 19910, 8165.54
19.41, 19910.8, 8165.78
19.411, 19911.6, 8166.02
19.412, 19912.4, 8166.26
19.413, 19913.2, 8166.49
19.414, 19914, 8166.73
19.415, 19914.8, 8166.97
19.416, 19915.7, 8167.21
19.417, 19916.5, 8167.45
19.418, 19917.3, 8167.69
19.419, 19918.1, 8167.93
19.42, 19918.9, 8168.17
19.421, 19919.7, 8168.41
19.422, 19920.5, 8168.65
19.423, 19921.3, 8168.89
19.424, 19922.1, 8169.13
19.425, 19922.9, 8169.37
19.426, 19923.7, 8169.61
19.427, 19924.5, 8169.85
19.428, 19925.3, 8170.09
19.429, 19926.1, 8170.33
19.43, 19926.9, 8170.57
19.431, 19927.8, 8170.81
19.432, 19928.6, 8171.05
19.433, 19929.4, 8171.29
19.434, 19930.2, 8171.53
19.435, 19931, 8171.77
19.436, 19931.8, 8172
19.437, 19932.6, 8172.24
19.438, 19933.4, 8172.48
19.439, 19934.2, 8172.72
19.44, 19935, 8172.96
19.441, 19935.8, 8173.2
19.442, 19936.6, 8173.44
19.443, 19937.4, 8173.68
19.444, 19938.2, 8173.92
19.445, 19939.1, 8174.16
19.446, 19939.9, 8174.4
19.447, 19940.7, 8174.64
19.448, 19941.5, 8174.88
19.449, 19942.3, 8175.12
19.45, 19943.1, 8175.36
19.451, 19943.9, 8175.59
19.452, 19944.7, 8175.83
19.453, 19945.5, 8176.07
19.454, 19946.3, 8176.31
19.455, 19947.1, 8176.55
19.456, 19947.9, 8176.79
19.457, 19948.7, 8177.03
19.458, 19949.5, 8177.27
19.459, 19950.3, 8177.51
19.46, 19951.2, 8177.75
19.461, 19952, 8177.99
19.462, 19952.8, 8178.22
19.463, 19953.6, 8178.46
19.464, 19954.4, 8178.7
19.465, 19955.2, 8178.94
19.466, 19956, 8179.18
19.467, 19956.8, 8179.42
19.468, 19957.6, 8179.66
19.469, 19958.4, 8179.9
19.47, 19959.2, 8180.14
19.471, 19960, 8180.38
19.472, 19960.8, 8180.61
19.473, 19961.6, 8180.85
19.474, 19962.4, 8181.09
19.475, 19963.2, 8181.33
19.476, 19964.1, 8181.57
19.477, 19964.9, 8181.81
19.478, 19965.7, 8182.05
19.479, 19966.5, 8182.29
19.48, 19967.3, 8182.53
19.481, 19968.1, 8182.76
19.482, 19968.9, 8183
19.483, 19969.7, 8183.24
19.484, 19970.5, 8183.48
19.485, 19971.3, 8183.72
19.486, 19972.1, 8183.96
19.487, 19972.9, 8184.2
19.488, 19973.7, 8184.44
19.489, 19974.5, 8184.67
19.49, 19975.3, 8184.91
19.491, 19976.1, 8185.15
19.492, 19977, 8185.39
19.493, 19977.8, 8185.63
19.494, 19978.6, 8185.87
19.495, 19979.4, 8186.11
19.496, 19980.2, 8186.34
19.497, 19981, 8186.58
19.498, 19981.8, 8186.82
19.499, 19982.6, 8187.06
19.5, 19983.4, 8187.3
19.501, 19984.2, 8187.54
19.502, 19985, 8187.78
19.503, 19985.8, 8188.01
19.504, 19986.6, 8188.25
19.505, 19987.4, 8188.49
19.506, 19988.2, 8188.73
19.507, 19989, 8188.97
19.508, 19989.9, 8189.21
19.509, 19990.7, 8189.45
19.51, 19991.5, 8189.68
19.511, 19992.3, 8189.92
19.512, 19993.1, 8190.16
19.513, 19993.9, 8190.4
19.514, 19994.7, 8190.64
19.515, 19995.5, 8190.88
19.516, 19996.3, 8191.11
19.517, 19997.1, 8191.35
19.518, 19997.9, 8191.59
19.519, 19998.7, 8191.83
19.52, 19999.5, 8192.07
19.521, 20000.3, 8192.31
19.522, 20001.1, 8192.54
19.523, 20001.9, 8192.78
19.524, 20002.7, 8193.02
19.525, 20003.6, 8193.26
19.526, 20004.4, 8193.5
19.527, 20005.2, 8193.73
19.528, 20006, 8193.97
19.529, 20006.8, 8194.21
19.53, 20007.6, 8194.45
19.531, 20008.4, 8194.69
19.532, 20009.2, 8194.93
19.533, 20010, 8195.16
19.534, 20010.8, 8195.4
19.535, 20011.6, 8195.64
19.536, 20012.4, 8195.88
19.537, 20013.2, 8196.12
19.538, 20014, 8196.35
19.539, 20014.8, 8196.59
19.54, 20015.6, 8196.83
19.541, 20016.4, 8197.07
19.542, 20017.2, 8197.31
19.543, 20018.1, 8197.54
19.544, 20018.9, 8197.78
19.545, 20019.7, 8198.02
19.546, 20020.5, 8198.26
19.547, 20021.3, 8198.5
19.548, 20022.1, 8198.73
19.549, 20022.9, 8198.97
19.55, 20023.7, 8199.21
19.551, 20024.5, 8199.45
19.552, 20025.3, 8199.69
19.553, 20026.1, 8199.92
19.554, 20026.9, 8200.16
19.555, 20027.7, 8200.4
19.556, 20028.5, 8200.64
19.557, 20029.3, 8200.87
19.558, 20030.1, 8201.11
19.559, 20030.9, 8201.35
19.56, 20031.7, 8201.59
19.561, 20032.6, 8201.83
19.562, 20033.4, 8202.06
19.563, 20034.2, 8202.3
19.564, 20035, 8202.54
19.565, 20035.8, 8202.78
19.566, 20036.6, 8203.01
19.567, 20037.4, 8203.25
19.568, 20038.2, 8203.49
19.569, 20039, 8203.73
19.57, 20039.8, 8203.96
19.571, 20040.6, 8204.2
19.572, 20041.4, 8204.44
19.573, 20042.2, 8204.68
19.574, 20043, 8204.91
19.575, 20043.8, 8205.15
19.576, 20044.6, 8205.39
19.577, 20045.4, 8205.63
19.578, 20046.2, 8205.86
19.579, 20047, 8206.1
19.58, 20047.9, 8206.34
19.581, 20048.7, 8206.58
19.582, 20049.5, 8206.81
19.583, 20050.3, 8207.05
19.584, 20051.1, 8207.29
19.585, 20051.9, 8207.53
19.586, 20052.7, 8207.76
19.587, 20053.5, 8208
19.588, 20054.3, 8208.24
19.589, 20055.1, 8208.48
19.59, 20055.9, 8208.71
19.591, 20056.7, 8208.95
19.592, 20057.5, 8209.19
19.593, 20058.3, 8209.43
19.594, 20059.1, 8209.66
19.595, 20059.9, 8209.9
19.596, 20060.7, 8210.14
19.597, 20061.5, 8210.38
19.598, 20062.3, 8210.61
19.599, 20063.1, 8210.85
19.6, 20064, 8211.09
19.601, 20064.8, 8211.32
19.602, 20065.6, 8211.56
19.603, 20066.4, 8211.8
19.604, 20067.2, 8212.04
19.605, 20068, 8212.27
19.606, 20068.8, 8212.51
19.607, 20069.6, 8212.75
19.608, 20070.4, 8212.98
19.609, 20071.2, 8213.22
19.61, 20072, 8213.46
19.611, 20072.8, 8213.7
19.612, 20073.6, 8213.93
19.613, 20074.4, 8214.17
19.614, 20075.2, 8214.41
19.615, 20076, 8214.64
19.616, 20076.8, 8214.88
19.617, 20077.6, 8215.12
19.618, 20078.4, 8215.35
19.619, 20079.2, 8215.59
19.62, 20080, 8215.83
19.621, 20080.9, 8216.07
19.622, 20081.7, 8216.3
19.623, 20082.5, 8216.54
19.624, 20083.3, 8216.78
19.625, 20084.1, 8217.01
19.626, 20084.9, 8217.25
19.627, 20085.7, 8217.49
19.628, 20086.5, 8217.72
19.629, 20087.3, 8217.96
19.63, 20088.1, 8218.2
19.631, 20088.9, 8218.43
19.632, 20089.7, 8218.67
19.633, 20090.5, 8218.91
19.634, 20091.3, 8219.14
19.635, 20092.1, 8219.38
19.636, 20092.9, 8219.62
19.637, 20093.7, 8219.85
19.638, 20094.5, 8220.09
19.639, 20095.3, 8220.33
19.64, 20096.1, 8220.56
19.641, 20096.9, 8220.8
19.642, 20097.7, 8221.04
19.643, 20098.6, 8221.27
19.644, 20099.4, 8221.51
19.645, 20100.2, 8221.75
19.646, 20101, 8221.98
19.647, 20101.8, 8222.22
19.648, 20102.6, 8222.46
19.649, 20103.4, 8222.69
19.65, 20104.2, 8222.93
19.651, 20105, 8223.17
19.652, 20105.8, 8223.4
19.653, 20106.6, 8223.64
19.654, 20107.4, 8223.88
19.655, 20108.2, 8224.11
19.656, 20109, 8224.35
19.657, 20109.8, 8224.59
19.658, 20110.6, 8224.82
19.659, 20111.4, 8225.06
19.66, 20112.2, 8225.3
19.661, 20113, 8225.53
19.662, 20113.8, 8225.77
19.663, 20114.6, 8226
19.664, 20115.4, 8226.24
19.665, 20116.2, 8226.48
19.666, 20117, 8226.71
19.667, 20117.9, 8226.95
19.668, 20118.7, 8227.19
19.669, 20119.5, 8227.42
19.67, 20120.3, 8227.66
19.671, 20121.1, 8227.9
19.672, 20121.9, 8228.13
19.673, 20122.7, 8228.37
19.674, 20123.5, 8228.6
19.675, 20124.3, 8228.84
19.676, 20125.1, 8229.08
19.677, 20125.9, 8229.31
19.678, 20126.7, 8229.55
19.679, 20127.5, 8229.78
19.68, 20128.3, 8230.02
19.681, 20129.1, 8230.26
19.682, 20129.9, 8230.49
19.683, 20130.7, 8230.73
19.684, 20131.5, 8230.97
19.685, 20132.3, 8231.2
19.686, 20133.1, 8231.44
19.687, 20133.9, 8231.67
19.688, 20134.7, 8231.91
19.689, 20135.5, 8232.15
19.69, 20136.3, 8232.38
19.691, 20137.1, 8232.62
19.692, 20138, 8232.85
19.693, 20138.8, 8233.09
19.694, 20139.6, 8233.33
19.695, 20140.4, 8233.56
19.696, 20141.2, 8233.8
19.697, 20142, 8234.03
19.698, 20142.8, 8234.27
19.699, 20143.6, 8234.51
19.7, 20144.4, 8234.74
19.701, 20145.2, 8234.98
19.702, 20146, 8235.21
19.703, 20146.8, 8235.45
19.704, 20147.6, 8235.68
19.705, 20148.4, 8235.92
19.706, 20149.2, 8236.16
19.707, 20150, 8236.39
19.708, 20150.8, 8236.63
19.709, 20151.6, 8236.86
19.71, 20152.4, 8237.1
19.711, 20153.2, 8237.34
19.712, 20154, 8237.57
19.713, 20154.8, 8237.81
19.714, 20155.6, 8238.04
19.715, 20156.4, 8238.28
19.716, 20157.2, 8238.51
19.717, 20158, 8238.75
19.718, 20158.8, 8238.98
19.719, 20159.6, 8239.22
19.72, 20160.5, 8239.46
19.721, 20161.3, 8239.69
19.722, 20162.1, 8239.93
19.723, 20162.9, 8240.16
19.724, 20163.7, 8240.4
19.725, 20164.5, 8240.63
19.726, 20165.3, 8240.87
19.727, 20166.1, 8241.11
19.728, 20166.9, 8241.34
19.729, 20167.7, 8241.58
19.73, 20168.5, 8241.81
19.731, 20169.3, 8242.05
19.732, 20170.1, 8242.28
19.733, 20170.9, 8242.52
19.734, 20171.7, 8242.75
19.735, 20172.5, 8242.99
19.736, 20173.3, 8243.22
19.737, 20174.1, 8243.46
19.738, 20174.9, 8243.69
19.739, 20175.7, 8243.93
19.74, 20176.5, 8244.17
19.741, 20177.3, 8244.4
19.742, 20178.1, 8244.64
19.743, 20178.9, 8244.87
19.744, 20179.7, 8245.11
19.745, 20180.5, 8245.34
19.746, 20181.3, 8245.58
19.747, 20182.1, 8245.81
19.748, 20182.9, 8246.05
19.749, 20183.7, 8246.28
19.75, 20184.6, 8246.52
19.751, 20185.4, 8246.75
19.752, 20186.2, 8246.99
19.753, 20187, 8247.22
19.754, 20187.8, 8247.46
19.755, 20188.6, 8247.69
19.756, 20189.4, 8247.93
19.757, 20190.2, 8248.16
19.758, 20191, 8248.4
19.759, 20191.8, 8248.63
19.76, 20192.6, 8248.87
19.761, 20193.4, 8249.11
19.762, 20194.2, 8249.34
19.763, 20195, 8249.58
19.764, 20195.8, 8249.81
19.765, 20196.6, 8250.05
19.766, 20197.4, 8250.28
19.767, 20198.2, 8250.52
19.768, 20199, 8250.75
19.769, 20199.8, 8250.99
19.77, 20200.6, 8251.22
19.771, 20201.4, 8251.46
19.772, 20202.2, 8251.69
19.773, 20203, 8251.92
19.774, 20203.8, 8252.16
19.775, 20204.6, 8252.39
19.776, 20205.4, 8252.63
19.777, 20206.2, 8252.86
19.778, 20207, 8253.1
19.779, 20207.8, 8253.33
19.78, 20208.6, 8253.57
19.781, 20209.4, 8253.8
19.782, 20210.2, 8254.04
19.783, 20211, 8254.27
19.784, 20211.8, 8254.51
19.785, 20212.7, 8254.74
19.786, 20213.5, 8254.98
19.787, 20214.3, 8255.21
19.788, 20215.1, 8255.45
19.789, 20215.9, 8255.68
19.79, 20216.7, 8255.92
19.791, 20217.5, 8256.15
19.792, 20218.3, 8256.39
19.793, 20219.1, 8256.62
19.794, 20219.9, 8256.86
19.795, 20220.7, 8257.09
19.796, 20221.5, 8257.32
19.797, 20222.3, 8257.56
19.798, 20223.1, 8257.79
19.799, 20223.9, 8258.03
19.8, 20224.7, 8258.26
19.801, 20225.5, 8258.5
19.802, 20226.3, 8258.73
19.803, 20227.1, 8258.97
19.804, 20227.9, 8259.2
19.805, 20228.7, 8259.44
19.806, 20229.5, 8259.67
19.807, 20230.3, 8259.9
19.808, 20231.1, 8260.14
19.809, 20231.9, 8260.37
19.81, 20232.7, 8260.61
19.811, 20233.5, 8260.84
19.812, 20234.3, 8261.08
19.813, 20235.1, 8261.31
19.814, 20235.9, 8261.55
19.815, 20236.7, 8261.78
19.816, 20237.5, 8262.01
19.817, 20238.3, 8262.25
19.818, 20239.1, 8262.48
19.819, 20239.9, 8262.72
19.82, 20240.7, 8262.95
19.821, 20241.5, 8263.19
19.822, 20242.3, 8263.42
19.823, 20243.1, 8263.65
19.824, 20243.9, 8263.89
19.825, 20244.8, 8264.12
19.826, 20245.6, 8264.36
19.827, 20246.4, 8264.59
19.828, 20247.2, 8264.82
19.829, 20248, 8265.06
19.83, 20248.8, 8265.29
19.831, 20249.6, 8265.53
19.832, 20250.4, 8265.76
19.833, 20251.2, 8266
19.834, 20252, 8266.23
19.835, 20252.8, 8266.46
19.836, 20253.6, 8266.7
19.837, 20254.4, 8266.93
19.838, 20255.2, 8267.17
19.839, 20256, 8267.4
19.84, 20256.8, 8267.63
19.841, 20257.6, 8267.87
19.842, 20258.4, 8268.1
19.843, 20259.2, 8268.34
19.844, 20260, 8268.57
19.845, 20260.8, 8268.8
19.846, 20261.6, 8269.04
19.847, 20262.4, 8269.27
19.848, 20263.2, 8269.51
19.849, 20264, 8269.74
19.85, 20264.8, 8269.97
19.851, 20265.6, 8270.21
19.852, 20266.4, 8270.44
19.853, 20267.2, 8270.68
19.854, 20268, 8270.91
19.855, 20268.8, 8271.14
19.856, 20269.6, 8271.38
19.857, 20270.4, 8271.61
19.858, 20271.2, 8271.84
19.859, 20272, 8272.08
19.86, 20272.8, 8272.31
19.861, 20273.6, 8272.55
19.862, 20274.4, 8272.78
19.863, 20275.2, 8273.01
19.864, 20276, 8273.25
19.865, 20276.8, 8273.48
19.866, 20277.6, 8273.71
19.867, 20278.4, 8273.95
19.868, 20279.2, 8274.18
19.869, 20280, 8274.42
19.87, 20280.8, 8274.65
19.871, 20281.6, 8274.88
19.872, 20282.4, 8275.12
19.873, 20283.2, 8275.35
19.874, 20284, 8275.58
19.875, 20284.8, 8275.82
19.876, 20285.6, 8276.05
19.877, 20286.4, 8276.28
19.878, 20287.3, 8276.52
19.879, 20288.1, 8276.75
19.88, 20288.9, 8276.98
19.881, 20289.7, 8277.22
19.882, 20290.5, 8277.45
19.883, 20291.3, 8277.68
19.884, 20292.1, 8277.92
19.885, 20292.9, 8278.15
19.886, 20293.7, 8278.39
19.887, 20294.5, 8278.62
19.888, 20295.3, 8278.85
19.889, 20296.1, 8279.09
19.89, 20296.9, 8279.32
19.891, 20297.7, 8279.55
19.892, 20298.5, 8279.79
19.893, 20299.3, 8280.02
19.894, 20300.1, 8280.25
19.895, 20300.9, 8280.49
19.896, 20301.7, 8280.72
19.897, 20302.5, 8280.95
19.898, 20303.3, 8281.19
19.899, 20304.1, 8281.42
19.9, 20304.9, 8281.65
19.901, 20305.7, 8281.88
19.902, 20306.5, 8282.12
19.903, 20307.3, 8282.35
19.904, 20308.1, 8282.58
19.905, 20308.9, 8282.82
19.906, 20309.7, 8283.05
19.907, 20310.5, 8283.28
19.908, 20311.3, 8283.52
19.909, 20312.1, 8283.75
19.91, 20312.9, 8283.98
19.911, 20313.7, 8284.22
19.912, 20314.5, 8284.45
19.913, 20315.3, 8284.68
19.914, 20316.1, 8284.92
19.915, 20316.9, 8285.15
19.916, 20317.7, 8285.38
19.917, 20318.5, 8285.61
19.918, 20319.3, 8285.85
19.919, 20320.1, 8286.08
19.92, 20320.9, 8286.31
19.921, 20321.7, 8286.55
19.922, 20322.5, 8286.78
19.923, 20323.3, 8287.01
19.924, 20324.1, 8287.25
19.925, 20324.9, 8287.48
19.926, 20325.7, 8287.71
19.927, 20326.5, 8287.94
19.928, 20327.3, 8288.18
19.929, 20328.1, 8288.41
19.93, 20328.9, 8288.64
19.931, 20329.7, 8288.88
19.932, 20330.5, 8289.11
19.933, 20331.3, 8289.34
19.934, 20332.1, 8289.57
19.935, 20332.9, 8289.81
19.936, 20333.7, 8290.04
19.937, 20334.5, 8290.27
19.938, 20335.3, 8290.5
19.939, 20336.1, 8290.74
19.94, 20336.9, 8290.97
19.941, 20337.7, 8291.2
19.942, 20338.5, 8291.44
19.943, 20339.3, 8291.67
19.944, 20340.1, 8291.9
19.945, 20340.9, 8292.13
19.946, 20341.7, 8292.37
19.947, 20342.5, 8292.6
19.948, 20343.3, 8292.83
19.949, 20344.1, 8293.06
19.95, 20344.9, 8293.3
19.951, 20345.7, 8293.53
19.952, 20346.5, 8293.76
19.953, 20347.3, 8293.99
19.954, 20348.1, 8294.23
19.955, 20348.9, 8294.46
19.956, 20349.7, 8294.69
19.957, 20350.5, 8294.92
19.958, 20351.3, 8295.16
19.959, 20352.1, 8295.39
19.96, 20352.9, 8295.62
19.961, 20353.7, 8295.85
19.962, 20354.5, 8296.09
19.963, 20355.3, 8296.32
19.964, 20356.1, 8296.55
19.965, 20356.9, 8296.78
19.966, 20357.7, 8297.02
19.967, 20358.5, 8297.25
19.968, 20359.3, 8297.48
19.969, 20360.1, 8297.71
19.97, 20360.9, 8297.95
19.971, 20361.7, 8298.18
19.972, 20362.5, 8298.41
19.973, 20363.3, 8298.64
19.974, 20364.1, 8298.87
19.975, 20364.9, 8299.11
19.976, 20365.8, 8299.34
19.977, 20366.6, 8299.57
19.978, 20367.4, 8299.8
19.979, 20368.2, 8300.04
19.98, 20369, 8300.27
19.981, 20369.8, 8300.5
19.982, 20370.6, 8300.73
19.983, 20371.4, 8300.96
19.984, 20372.2, 8301.2
19.985, 20373, 8301.43
19.986, 20373.8, 8301.66
19.987, 20374.6, 8301.89
19.988, 20375.4, 8302.12
19.989, 20376.2, 8302.36
19.99, 20377, 8302.59
19.991, 20377.8, 8302.82
19.992, 20378.6, 8303.05
19.993, 20379.4, 8303.28
19.994, 20380.2, 8303.52
19.995, 20381, 8303.75
19.996, 20381.8, 8303.98
19.997, 20382.6, 8304.21
19.998, 20383.4, 8304.44
19.999, 20384.2, 8304.68
20, 20385, 8304.91
20.001, 20385.8, 8305.14
20.002, 20386.6, 8305.37
20.003, 20387.4, 8305.6
20.004, 20388.2, 8305.84
20.005, 20389, 8306.07
20.006, 20389.8, 8306.3
20.007, 20390.6, 8306.53
20.008, 20391.4, 8306.76
20.009, 20392.2, 8306.99
20.01, 20393, 8307.23
20.011, 20393.8, 8307.46
20.012, 20394.6, 8307.69
20.013, 20395.4, 8307.92
20.014, 20396.2, 8308.15
20.015, 20397, 8308.39
20.016, 20397.8, 8308.62
20.017, 20398.6, 8308.85
20.018, 20399.4, 8309.08
20.019, 20400.2, 8309.31
20.02, 20401, 8309.54
20.021, 20401.8, 8309.78
20.022, 20402.6, 8310.01
20.023, 20403.4, 8310.24
20.024, 20404.2, 8310.47
20.025, 20405, 8310.7
20.026, 20405.8, 8310.93
20.027, 20406.6, 8311.16
20.028, 20407.4, 8311.4
20.029, 20408.2, 8311.63
20.03, 20409, 8311.86
20.031, 20409.8, 8312.09
20.032, 20410.6, 8312.32
20.033, 20411.4, 8312.55
20.034, 20412.2, 8312.79
20.035, 20413, 8313.02
20.036, 20413.8, 8313.25
20.037, 20414.6, 8313.48
20.038, 20415.4, 8313.71
20.039, 20416.2, 8313.94
20.04, 20417, 8314.17
20.041, 20417.8, 8314.41
20.042, 20418.6, 8314.64
20.043, 20419.4, 8314.87
20.044, 20420.2, 8315.1
20.045, 20421, 8315.33
20.046, 20421.8, 8315.56
20.047, 20422.6, 8315.79
20.048, 20423.4, 8316.02
20.049, 20424.2, 8316.26
20.05, 20425, 8316.49
20.051, 20425.8, 8316.72
20.052, 20426.5, 8316.95
20.053, 20427.3, 8317.18
20.054, 20428.1, 8317.41
20.055, 20428.9, 8317.64
20.056, 20429.7, 8317.87
20.057, 20430.5, 8318.11
20.058, 20431.3, 8318.34
20.059, 20432.1, 8318.57
20.06, 20432.9, 8318.8
20.061, 20433.7, 8319.03
20.062, 20434.5, 8319.26
20.063, 20435.3, 8319.49
20.064, 20436.1, 8319.72
20.065, 20436.9, 8319.95
20.066, 20437.7, 8320.19
20.067, 20438.5, 8320.42
20.068, 20439.3, 8320.65
20.069, 20440.1, 8320.88
20.07, 20440.9, 8321.11
20.071, 20441.7, 8321.34
20.072, 20442.5, 8321.57
20.073, 20443.3, 8321.8
20.074, 20444.1, 8322.03
20.075, 20444.9, 8322.26
20.076, 20445.7, 8322.49
20.077, 20446.5, 8322.73
20.078, 20447.3, 8322.96
20.079, 20448.1, 8323.19
20.08, 20448.9, 8323.42
20.081, 20449.7, 8323.65
20.082, 20450.5, 8323.88
20.083, 20451.3, 8324.11
20.084, 20452.1, 8324.34
20.085, 20452.9, 8324.57
20.086, 20453.7, 8324.8
20.087, 20454.5, 8325.03
20.088, 20455.3, 8325.26
20.089, 20456.1, 8325.5
20.09, 20456.9, 8325.73
20.091, 20457.7, 8325.96
20.092, 20458.5, 8326.19
20.093, 20459.3, 8326.42
20.094, 20460.1, 8326.65
20.095, 20460.9, 8326.88
20.096, 20461.7, 8327.11
20.097, 20462.5, 8327.34
20.098, 20463.3, 8327.57
20.099, 20464.1, 8327.8
20.1, 20464.9, 8328.03
20.101, 20465.7, 8328.26
20.102, 20466.5, 8328.49
20.103, 20467.3, 8328.72
20.104, 20468.1, 8328.96
20.105, 20468.9, 8329.19
20.106, 20469.7, 8329.42
20.107, 20470.5, 8329.65
20.108, 20471.3, 8329.88
20.109, 20472.1, 8330.11
20.11, 20472.9, 8330.34
20.111, 20473.7, 8330.57
20.112, 20474.5, 8330.8
20.113, 20475.3, 8331.03
20.114, 20476.1, 8331.26
20.115, 20476.9, 8331.49
20.116, 20477.7, 8331.72
20.117, 20478.5, 8331.95
20.118, 20479.3, 8332.18
20.119, 20480.1, 8332.41
20.12, 20480.9, 8332.64
20.121, 20481.7, 8332.87
20.122, 20482.5, 8333.1
20.123, 20483.3, 8333.33
20.124, 20484.1, 8333.56
20.125, 20484.9, 8333.79
20.126, 20485.7, 8334.02
20.127, 20486.5, 8334.25
20.128, 20487.3, 8334.48
20.129, 20488.1, 8334.71
20.13, 20488.9, 8334.94
20.131, 20489.7, 8335.17
20.132, 20490.5, 8335.4
20.133, 20491.3, 8335.64
20.134, 20492.1, 8335.87
20.135, 20492.9, 8336.1
20.136, 20493.7, 8336.33
20.137, 20494.5, 8336.56
20.138, 20495.3, 8336.79
20.139, 20496.1, 8337.02
20.14, 20496.9, 8337.25
20.141, 20497.7, 8337.48
20.142, 20498.5, 8337.71
20.143, 20499.3, 8337.94
20.144, 20500.1, 8338.17
20.145, 20500.9, 8338.4
20.146, 20501.7, 8338.63
20.147, 20502.5, 8338.86
20.148, 20503.3, 8339.09
20.149, 20504.1, 8339.32
20.15, 20504.8, 8339.55
20.151, 20505.6, 8339.78
20.152, 20506.4, 8340.01
20.153, 20507.2, 8340.24
20.154, 20508, 8340.47
20.155, 20508.8, 8340.7
20.156, 20509.6, 8340.93
20.157, 20510.4, 8341.16
20.158, 20511.2, 8341.38
20.159, 20512, 8341.61
20.16, 20512.8, 8341.84
20.161, 20513.6, 8342.07
20.162, 20514.4, 8342.3
20.163, 20515.2, 8342.53
20.164, 20516, 8342.76
20.165, 20516.8, 8342.99
20.166, 20517.6, 8343.22
20.167, 20518.4, 8343.45
20.168, 20519.2, 8343.68
20.169, 20520, 8343.91
20.17, 20520.8, 8344.14
20.171, 20521.6, 8344.37
20.172, 20522.4, 8344.6
20.173, 20523.2, 8344.83
20.174, 20524, 8345.06
20.175, 20524.8, 8345.29
20.176, 20525.6, 8345.52
20.177, 20526.4, 8345.75
20.178, 20527.2, 8345.98
20.179, 20528, 8346.21
20.18, 20528.8, 8346.44
20.181, 20529.6, 8346.67
20.182, 20530.4, 8346.9
20.183, 20531.2, 8347.13
20.184, 20532, 8347.36
20.185, 20532.8, 8347.59
20.186, 20533.6, 8347.81
20.187, 20534.4, 8348.04
20.188, 20535.2, 8348.27
20.189, 20536, 8348.5
20.19, 20536.8, 8348.73
20.191, 20537.6, 8348.96
20.192, 20538.4, 8349.19
20.193, 20539.2, 8349.42
20.194, 20540, 8349.65
20.195, 20540.8, 8349.88
20.196, 20541.6, 8350.11
20.197, 20542.4, 8350.34
20.198, 20543.2, 8350.57
20.199, 20544, 8350.8
20.2, 20544.8, 8351.03
20.201, 20545.6, 8351.26
20.202, 20546.4, 8351.48
20.203, 20547.1, 8351.71
20.204, 20547.9, 8351.94
20.205, 20548.7, 8352.17
20.206, 20549.5, 8352.4
20.207, 20550.3, 8352.63
20.208, 20551.1, 8352.86
20.209, 20551.9, 8353.09
20.21, 20552.7, 8353.32
20.211, 20553.5, 8353.55
20.212, 20554.3, 8353.78
20.213, 20555.1, 8354.01
20.214, 20555.9, 8354.23
20.215, 20556.7, 8354.46
20.216, 20557.5, 8354.69
20.217, 20558.3, 8354.92
20.218, 20559.1, 8355.15
20.219, 20559.9, 8355.38
20.22, 20560.7, 8355.61
20.221, 20561.5, 8355.84
20.222, 20562.3, 8356.07
20.223, 20563.1, 8356.3
20.224, 20563.9, 8356.52
20.225, 20564.7, 8356.75
20.226, 20565.5, 8356.98
20.227, 20566.3, 8357.21
20.228, 20567.1, 8357.44
20.229, 20567.9, 8357.67
20.23, 20568.7, 8357.9
20.231, 20569.5, 8358.13
20.232, 20570.3, 8358.36
20.233, 20571.1, 8358.58
20.234, 20571.9, 8358.81
20.235, 20572.7, 8359.04
20.236, 20573.5, 8359.27
20.237, 20574.3, 8359.5
20.238, 20575.1, 8359.73
20.239, 20575.9, 8359.96
20.24, 20576.7, 8360.19
20.241, 20577.5, 8360.42
20.242, 20578.3, 8360.64
20.243, 20579.1, 8360.87
20.244, 20579.8, 8361.1
20.245, 20580.6, 8361.33
20.246, 20581.4, 8361.56
20.247, 20582.2, 8361.79
20.248, 20583, 8362.02
20.249, 20583.8, 8362.24
20.25, 20584.6, 8362.47
20.251, 20585.4, 8362.7
20.252, 20586.2, 8362.93
20.253, 20587, 8363.16
20.254, 20587.8, 8363.39
20.255, 20588.6, 8363.62
20.256, 20589.4, 8363.84
20.257, 20590.2, 8364.07
20.258, 20591, 8364.3
20.259, 20591.8, 8364.53
20.26, 20592.6, 8364.76
20.261, 20593.4, 8364.99
20.262, 20594.2, 8365.22
20.263, 20595, 8365.44
20.264, 20595.8, 8365.67
20.265, 20596.6, 8365.9
20.266, 20597.4, 8366.13
20.267, 20598.2, 8366.36
20.268, 20599, 8366.59
20.269, 20599.8, 8366.81
20.27, 20600.6, 8367.04
20.271, 20601.4, 8367.27
20.272, 20602.2, 8367.5
20.273, 20603, 8367.73
20.274, 20603.8, 8367.96
20.275, 20604.6, 8368.18
20.276, 20605.4, 8368.41
20.277, 20606.2, 8368.64
20.278, 20607, 8368.87
20.279, 20607.7, 8369.1
20.28, 20608.5, 8369.33
20.281, 20609.3, 8369.55
20.282, 20610.1, 8369.78
20.283, 20610.9, 8370.01
20.284, 20611.7, 8370.24
20.285, 20612.5, 8370.47
20.286, 20613.3, 8370.7
20.287, 20614.1, 8370.92
20.288, 20614.9, 8371.15
20.289, 20615.7, 8371.38
20.29, 20616.5, 8371.61
20.291, 20617.3, 8371.84
20.292, 20618.1, 8372.06
20.293, 20618.9, 8372.29
20.294, 20619.7, 8372.52
20.295, 20620.5, 8372.75
20.296, 20621.3, 8372.98
20.297, 20622.1, 8373.2
20.298, 20622.9, 8373.43
20.299, 20623.7, 8373.66
20.3, 20624.5, 8373.89
20.301, 20625.3, 8374.12
20.302, 20626.1, 8374.34
20.303, 20626.9, 8374.57
20.304, 20627.7, 8374.8
20.305, 20628.5, 8375.03
20.306, 20629.3, 8375.26
20.307, 20630.1, 8375.48
20.308, 20630.9, 8375.71
20.309, 20631.7, 8375.94
20.31, 20632.4, 8376.17
20.311, 20633.2, 8376.39
20.312, 20634, 8376.62
20.313, 20634.8, 8376.85
20.314, 20635.6, 8377.08
20.315, 20636.4, 8377.31
20.316, 20637.2, 8377.53
20.317, 20638, 8377.76
20.318, 20638.8, 8377.99
20.319, 20639.6, 8378.22
20.32, 20640.4, 8378.44
20.321, 20641.2, 8378.67
20.322, 20642, 8378.9
20.323, 20642.8, 8379.13
20.324, 20643.6, 8379.36
20.325, 20644.4, 8379.58
20.326, 20645.2, 8379.81
20.327, 20646, 8380.04
20.328, 20646.8, 8380.27
20.329, 20647.6, 8380.49
20.33, 20648.4, 8380.72
20.331, 20649.2, 8380.95
20.332, 20650, 8381.18
20.333, 20650.8, 8381.4
20.334, 20651.6, 8381.63
20.335, 20652.4, 8381.86
20.336, 20653.2, 8382.09
20.337, 20654, 8382.31
20.338, 20654.7, 8382.54
20.339, 20655.5, 8382.77
20.34, 20656.3, 8383
20.341, 20657.1, 8383.22
20.342, 20657.9, 8383.45
20.343, 20658.7, 8383.68
20.344, 20659.5, 8383.91
20.345, 20660.3, 8384.13
20.346, 20661.1, 8384.36
20.347, 20661.9, 8384.59
20.348, 20662.7, 8384.82
20.349, 20663.5, 8385.04
20.35, 20664.3, 8385.27
20.351, 20665.1, 8385.5
20.352, 20665.9, 8385.72
20.353, 20666.7, 8385.95
20.354, 20667.5, 8386.18
20.355, 20668.3, 8386.41
20.356, 20669.1, 8386.63
20.357, 20669.9, 8386.86
20.358, 20670.7, 8387.09
20.359, 20671.5, 8387.32
20.36, 20672.3, 8387.54
20.361, 20673.1, 8387.77
20.362, 20673.9, 8388
20.363, 20674.7, 8388.22
20.364, 20675.4, 8388.45
20.365, 20676.2, 8388.68
20.366, 20677, 8388.91
20.367, 20677.8, 8389.13
20.368, 20678.6, 8389.36
20.369, 20679.4, 8389.59
20.37, 20680.2, 8389.81
20.371, 20681, 8390.04
20.372, 20681.8, 8390.27
20.373, 20682.6, 8390.49
20.374, 20683.4, 8390.72
20.375, 20684.2, 8390.95
20.376, 20685, 8391.18
20.377, 20685.8, 8391.4
20.378, 20686.6, 8391.63
20.379, 20687.4, 8391.86
20.38, 20688.2, 8392.08
20.381, 20689, 8392.31
20.382, 20689.8, 8392.54
20.383, 20690.6, 8392.76
20.384, 20691.4, 8392.99
20.385, 20692.2, 8393.22
20.386, 20693, 8393.44
20.387, 20693.8, 8393.67
20.388, 20694.5, 8393.9
20.389, 20695.3, 8394.12
20.39, 20696.1, 8394.35
20.391, 20696.9, 8394.58
20.392, 20697.7, 8394.81
20.393, 20698.5, 8395.03
20.394, 20699.3, 8395.26
20.395, 20700.1, 8395.49
20.396, 20700.9, 8395.71
20.397, 20701.7, 8395.94
20.398, 20702.5, 8396.17
20.399, 20703.3, 8396.39
20.4, 20704.1, 8396.62
20.401, 20704.9, 8396.85
20.402, 20705.7, 8397.07
20.403, 20706.5, 8397.3
20.404, 20707.3, 8397.53
20.405, 20708.1, 8397.75
20.406, 20708.9, 8397.98
20.407, 20709.7, 8398.21
20.408, 20710.5, 8398.43
20.409, 20711.3, 8398.66
20.41, 20712, 8398.88
20.411, 20712.8, 8399.11
20.412, 20713.6, 8399.34
20.413, 20714.4, 8399.56
20.414, 20715.2, 8399.79
20.415, 20716, 8400.02
20.416, 20716.8, 8400.24
20.417, 20717.6, 8400.47
20.418, 20718.4, 8400.7
20.419, 20719.2, 8400.92
20.42, 20720, 8401.15
20.421, 20720.8, 8401.38
20.422, 20721.6, 8401.6
20.423, 20722.4, 8401.83
20.424, 20723.2, 8402.05
20.425, 20724, 8402.28
20.426, 20724.8, 8402.51
20.427, 20725.6, 8402.73
20.428, 20726.4, 8402.96
20.429, 20727.2, 8403.19
20.43, 20728, 8403.41
20.431, 20728.7, 8403.64
20.432, 20729.5, 8403.87
20.433, 20730.3, 8404.09
20.434, 20731.1, 8404.32
20.435, 20731.9, 8404.54
20.436, 20732.7, 8404.77
20.437, 20733.5, 8405
20.438, 20734.3, 8405.22
20.439, 20735.1, 8405.45
20.44, 20735.9, 8405.67
20.441, 20736.7, 8405.9
20.442, 20737.5, 8406.13
20.443, 20738.3, 8406.35
20.444, 20739.1, 8406.58
20.445, 20739.9, 8406.81
20.446, 20740.7, 8407.03
20.447, 20741.5, 8407.26
20.448, 20742.3, 8407.48
20.449, 20743.1, 8407.71
20.45, 20743.9, 8407.94
20.451, 20744.7, 8408.16
20.452, 20745.4, 8408.39
20.453, 20746.2, 8408.61
20.454, 20747, 8408.84
20.455, 20747.8, 8409.07
20.456, 20748.6, 8409.29
20.457, 20749.4, 8409.52
20.458, 20750.2, 8409.74
20.459, 20751, 8409.97
20.46, 20751.8, 8410.19
20.461, 20752.6, 8410.42
20.462, 20753.4, 8410.65
20.463, 20754.2, 8410.87
20.464, 20755, 8411.1
20.465, 20755.8, 8411.32
20.466, 20756.6, 8411.55
20.467, 20757.4, 8411.78
20.468, 20758.2, 8412
20.469, 20759, 8412.23
20.47, 20759.8, 8412.45
20.471, 20760.5, 8412.68
20.472, 20761.3, 8412.9
20.473, 20762.1, 8413.13
20.474, 20762.9, 8413.36
20.475, 20763.7, 8413.58
20.476, 20764.5, 8413.81
20.477, 20765.3, 8414.03
20.478, 20766.1, 8414.26
20.479, 20766.9, 8414.48
20.48, 20767.7, 8414.71
20.481, 20768.5, 8414.94
20.482, 20769.3, 8415.16
20.483, 20770.1, 8415.39
20.484, 20770.9, 8415.61
20.485, 20771.7, 8415.84
20.486, 20772.5, 8416.06
20.487, 20773.3, 8416.29
20.488, 20774.1, 8416.51
20.489, 20774.9, 8416.74
20.49, 20775.6, 8416.97
20.491, 20776.4, 8417.19
20.492, 20777.2, 8417.42
20.493, 20778, 8417.64
20.494, 20778.8, 8417.87
20.495, 20779.6, 8418.09
20.496, 20780.4, 8418.32
20.497, 20781.2, 8418.54
20.498, 20782, 8418.77
20.499, 20782.8, 8418.99
20.5, 20783.6, 8419.22
20.501, 20784.4, 8419.44
20.502, 20785.2, 8419.67
20.503, 20786, 8419.9
20.504, 20786.8, 8420.12
20.505, 20787.6, 8420.35
20.506, 20788.4, 8420.57
20.507, 20789.2, 8420.8
20.508, 20789.9, 8421.02
20.509, 20790.7, 8421.25
20.51, 20791.5, 8421.47
20.511, 20792.3, 8421.7
20.512, 20793.1, 8421.92
20.513, 20793.9, 8422.15
20.514, 20794.7, 8422.37
20.515, 20795.5, 8422.6
20.516, 20796.3, 8422.82
20.517, 20797.1, 8423.05
20.518, 20797.9, 8423.27
20.519, 20798.7, 8423.5
20.52, 20799.5, 8423.72
20.521, 20800.3, 8423.95
20.522, 20801.1, 8424.17
20.523, 20801.9, 8424.4
20.524, 20802.7, 8424.62
20.525, 20803.4, 8424.85
20.526, 20804.2, 8425.07
20.527, 20805, 8425.3
20.528, 20805.8, 8425.52
20.529, 20806.6, 8425.75
20.53, 20807.4, 8425.97
20.531, 20808.2, 8426.2
20.532, 20809, 8426.42
20.533, 20809.8, 8426.65
20.534, 20810.6, 8426.87
20.535, 20811.4, 8427.1
20.536, 20812.2, 8427.32
20.537, 20813, 8427.55
20.538, 20813.8, 8427.77
20.539, 20814.6, 8428
20.54, 20815.4, 8428.22
20.541, 20816.2, 8428.45
20.542, 20816.9, 8428.67
20.543, 20817.7, 8428.9
20.544, 20818.5, 8429.12
20.545, 20819.3, 8429.35
20.546, 20820.1, 8429.57
20.547, 20820.9, 8429.8
20.548, 20821.7, 8430.02
20.549, 20822.5, 8430.25
20.55, 20823.3, 8430.47
20.551, 20824.1, 8430.7
20.552, 20824.9, 8430.92
20.553, 20825.7, 8431.14
20.554, 20826.5, 8431.37
20.555, 20827.3, 8431.59
20.556, 20828.1, 8431.82
20.557, 20828.9, 8432.04
20.558, 20829.6, 8432.27
20.559, 20830.4, 8432.49
20.56, 20831.2, 8432.72
20.561, 20832, 8432.94
20.562, 20832.8, 8433.17
20.563, 20833.6, 8433.39
20.564, 20834.4, 8433.62
20.565, 20835.2, 8433.84
20.566, 20836, 8434.06
20.567, 20836.8, 8434.29
20.568, 20837.6, 8434.51
20.569, 20838.4, 8434.74
20.57, 20839.2, 8434.96
20.571, 20840, 8435.19
20.572, 20840.8, 8435.41
20.573, 20841.6, 8435.64
20.574, 20842.3, 8435.86
20.575, 20843.1, 8436.08
20.576, 20843.9, 8436.31
20.577, 20844.7, 8436.53
20.578, 20845.5, 8436.76
20.579, 20846.3, 8436.98
20.58, 20847.1, 8437.21
20.581, 20847.9, 8437.43
20.582, 20848.7, 8437.65
20.583, 20849.5, 8437.88
20.584, 20850.3, 8438.1
20.585, 20851.1, 8438.33
20.586, 20851.9, 8438.55
20.587, 20852.7, 8438.78
20.588, 20853.5, 8439
20.589, 20854.2, 8439.22
20.59, 20855, 8439.45
20.591, 20855.8, 8439.67
20.592, 20856.6, 8439.9
20.593, 20857.4, 8440.12
20.594, 20858.2, 8440.35
20.595, 20859, 8440.57
20.596, 20859.8, 8440.79
20.597, 20860.6, 8441.02
20.598, 20861.4, 8441.24
20.599, 20862.2, 8441.47
20.6, 20863, 8441.69
20.601, 20863.8, 8441.91
20.602, 20864.6, 8442.14
20.603, 20865.4, 8442.36
20.604, 20866.1, 8442.59
20.605, 20866.9, 8442.81
20.606, 20867.7, 8443.03
20.607, 20868.5, 8443.26
20.608, 20869.3, 8443.48
20.609, 20870.1, 8443.71
20.61, 20870.9, 8443.93
20.611, 20871.7, 8444.15
20.612, 20872.5, 8444.38
20.613, 20873.3, 8444.6
20.614, 20874.1, 8444.83
20.615, 20874.9, 8445.05
20.616, 20875.7, 8445.27
20.617, 20876.5, 8445.5
20.618, 20877.3, 8445.72
20.619, 20878, 8445.94
20.62, 20878.8, 8446.17
20.621, 20879.6, 8446.39
20.622, 20880.4, 8446.62
20.623, 20881.2, 8446.84
20.624, 20882, 8447.06
20.625, 20882.8, 8447.29
20.626, 20883.6, 8447.51
20.627, 20884.4, 8447.73
20.628, 20885.2, 8447.96
20.629, 20886, 8448.18
20.63, 20886.8, 8448.41
20.631, 20887.6, 8448.63
20.632, 20888.4, 8448.85
20.633, 20889.1, 8449.08
20.634, 20889.9, 8449.3
20.635, 20890.7, 8449.52
20.636, 20891.5, 8449.75
20.637, 20892.3, 8449.97
20.638, 20893.1, 8450.19
20.639, 20893.9, 8450.42
20.64, 20894.7, 8450.64
20.641, 20895.5, 8450.86
20.642, 20896.3, 8451.09
20.643, 20897.1, 8451.31
20.644, 20897.9, 8451.54
20.645, 20898.7, 8451.76
20.646, 20899.5, 8451.98
20.647, 20900.2, 8452.21
20.648, 20901, 8452.43
20.649, 20901.8, 8452.65
20.65, 20902.6, 8452.88
20.651, 20903.4, 8453.1
20.652, 20904.2, 8453.32
20.653, 20905, 8453.55
20.654, 20905.8, 8453.77
20.655, 20906.6, 8453.99
20.656, 20907.4, 8454.22
20.657, 20908.2, 8454.44
20.658, 20909, 8454.66
20.659, 20909.8, 8454.89
20.66, 20910.6, 8455.11
20.661, 20911.3, 8455.33
20.662, 20912.1, 8455.56
20.663, 20912.9, 8455.78
20.664, 20913.7, 8456
20.665, 20914.5, 8456.23
20.666, 20915.3, 8456.45
20.667, 20916.1, 8456.67
20.668, 20916.9, 8456.9
20.669, 20917.7, 8457.12
20.67, 20918.5, 8457.34
20.671, 20919.3, 8457.56
20.672, 20920.1, 8457.79
20.673, 20920.9, 8458.01
20.674, 20921.6, 8458.23
20.675, 20922.4, 8458.46
20.676, 20923.2, 8458.68
20.677, 20924, 8458.9
20.678, 20924.8, 8459.13
20.679, 20925.6, 8459.35
20.68, 20926.4, 8459.57
20.681, 20927.2, 8459.8
20.682, 20928, 8460.02
20.683, 20928.8, 8460.24
20.684, 20929.6, 8460.46
20.685, 20930.4, 8460.69
20.686, 20931.2, 8460.91
20.687, 20931.9, 8461.13
20.688, 20932.7, 8461.36
20.689, 20933.5, 8461.58
20.69, 20934.3, 8461.8
20.691, 20935.1, 8462.02
20.692, 20935.9, 8462.25
20.693, 20936.7, 8462.47
20.694, 20937.5, 8462.69
20.695, 20938.3, 8462.92
20.696, 20939.1, 8463.14
20.697, 20939.9, 8463.36
20.698, 20940.7, 8463.58
20.699, 20941.5, 8463.81
20.7, 20942.2, 8464.03
20.701, 20943, 8464.25
20.702, 20943.8, 8464.48
20.703, 20944.6, 8464.7
20.704, 20945.4, 8464.92
20.705, 20946.2, 8465.14
20.706, 20947, 8465.37
20.707, 20947.8, 8465.59
20.708, 20948.6, 8465.81
20.709, 20949.4, 8466.03
20.71, 20950.2, 8466.26
20.711, 20951, 8466.48
20.712, 20951.8, 8466.7
20.713, 20952.5, 8466.92
20.714, 20953.3, 8467.15
20.715, 20954.1, 8467.37
20.716, 20954.9, 8467.59
20.717, 20955.7, 8467.82
20.718, 20956.5, 8468.04
20.719, 20957.3, 8468.26
20.72, 20958.1, 8468.48
20.721, 20958.9, 8468.71
20.722, 20959.7, 8468.93
20.723, 20960.5, 8469.15
20.724, 20961.3, 8469.37
20.725, 20962, 8469.59
20.726, 20962.8, 8469.82
20.727, 20963.6, 8470.04
20.728, 20964.4, 8470.26
20.729, 20965.2, 8470.48
20.73, 20966, 8470.71
20.731, 20966.8, 8470.93
20.732, 20967.6, 8471.15
20.733, 20968.4, 8471.37
20.734, 20969.2, 8471.6
20.735, 20970, 8471.82
20.736, 20970.8, 8472.04
20.737, 20971.5, 8472.26
20.738, 20972.3, 8472.49
20.739, 20973.1, 8472.71
20.74, 20973.9, 8472.93
20.741, 20974.7, 8473.15
20.742, 20975.5, 8473.37
20.743, 20976.3, 8473.6
20.744, 20977.1, 8473.82
20.745, 20977.9, 8474.04
20.746, 20978.7, 8474.26
20.747, 20979.5, 8474.49
20.748, 20980.3, 8474.71
20.749, 20981, 8474.93
20.75, 20981.8, 8475.15
20.751, 20982.6, 8475.37
20.752, 20983.4, 8475.6
20.753, 20984.2, 8475.82
20.754, 20985, 8476.04
20.755, 20985.8, 8476.26
20.756, 20986.6, 8476.48
20.757, 20987.4, 8476.71
20.758, 20988.2, 8476.93
20.759, 20989, 8477.15
20.76, 20989.8, 8477.37
20.761, 20990.5, 8477.59
20.762, 20991.3, 8477.82
20.763, 20992.1, 8478.04
20.764, 20992.9, 8478.26
20.765, 20993.7, 8478.48
20.766, 20994.5, 8478.7
20.767, 20995.3, 8478.93
20.768, 20996.1, 8479.15
20.769, 20996.9, 8479.37
20.77, 20997.7, 8479.59
20.771, 20998.5, 8479.81
20.772, 20999.3, 8480.03
20.773, 21000, 8480.26
20.774, 21000.8, 8480.48
20.775, 21001.6, 8480.7
20.776, 21002.4, 8480.92
20.777, 21003.2, 8481.14
20.778, 21004, 8481.37
20.779, 21004.8, 8481.59
20.78, 21005.6, 8481.81
20.781, 21006.4, 8482.03
20.782, 21007.2, 8482.25
20.783, 21008, 8482.47
20.784, 21008.7, 8482.7
20.785, 21009.5, 8482.92
20.786, 21010.3, 8483.14
20.787, 21011.1, 8483.36
20.788, 21011.9, 8483.58
20.789, 21012.7, 8483.8
20.79, 21013.5, 8484.03
20.791, 21014.3, 8484.25
20.792, 21015.1, 8484.47
20.793, 21015.9, 8484.69
20.794, 21016.7, 8484.91
20.795, 21017.5, 8485.13
20.796, 21018.2, 8485.35
20.797, 21019, 8485.58
20.798, 21019.8, 8485.8
20.799, 21020.6, 8486.02
20.8, 21021.4, 8486.24
20.801, 21022.2, 8486.46
20.802, 21023, 8486.68
20.803, 21023.8, 8486.91
20.804, 21024.6, 8487.13
20.805, 21025.4, 8487.35
20.806, 21026.2, 8487.57
20.807, 21026.9, 8487.79
20.808, 21027.7, 8488.01
20.809, 21028.5, 8488.23
20.81, 21029.3, 8488.45
20.811, 21030.1, 8488.68
20.812, 21030.9, 8488.9
20.813, 21031.7, 8489.12
20.814, 21032.5, 8489.34
20.815, 21033.3, 8489.56
20.816, 21034.1, 8489.78
20.817, 21034.9, 8490
20.818, 21035.6, 8490.23
20.819, 21036.4, 8490.45
20.82, 21037.2, 8490.67
20.821, 21038, 8490.89
20.822, 21038.8, 8491.11
20.823, 21039.6, 8491.33
20.824, 21040.4, 8491.55
20.825, 21041.2, 8491.77
20.826, 21042, 8491.99
20.827, 21042.8, 8492.22
20.828, 21043.6, 8492.44
20.829, 21044.3, 8492.66
20.83, 21045.1, 8492.88
20.831, 21045.9, 8493.1
20.832, 21046.7, 8493.32
20.833, 21047.5, 8493.54
20.834, 21048.3, 8493.76
20.835, 21049.1, 8493.98
20.836, 21049.9, 8494.21
20.837, 21050.7, 8494.43
20.838, 21051.5, 8494.65
20.839, 21052.2, 8494.87
20.84, 21053, 8495.09
20.841, 21053.8, 8495.31
20.842, 21054.6, 8495.53
20.843, 21055.4, 8495.75
20.844, 21056.2, 8495.97
20.845, 21057, 8496.19
20.846, 21057.8, 8496.41
20.847, 21058.6, 8496.64
20.848, 21059.4, 8496.86
20.849, 21060.2, 8497.08
20.85, 21060.9, 8497.3
20.851, 21061.7, 8497.52
20.852, 21062.5, 8497.74
20.853, 21063.3, 8497.96
20.854, 21064.1, 8498.18
20.855, 21064.9, 8498.4
20.856, 21065.7, 8498.62
20.857, 21066.5, 8498.84
20.858, 21067.3, 8499.06
20.859, 21068.1, 8499.28
20.86, 21068.8, 8499.51
20.861, 21069.6, 8499.73
20.862, 21070.4, 8499.95
20.863, 21071.2, 8500.17
20.864, 21072, 8500.39
20.865, 21072.8, 8500.61
20.866, 21073.6, 8500.83
20.867, 21074.4, 8501.05
20.868, 21075.2, 8501.27
20.869, 21076, 8501.49
20.87, 21076.8, 8501.71
20.871, 21077.5, 8501.93
20.872, 21078.3, 8502.15
20.873, 21079.1, 8502.37
20.874, 21079.9, 8502.59
20.875, 21080.7, 8502.81
20.876, 21081.5, 8503.03
20.877, 21082.3, 8503.26
20.878, 21083.1, 8503.48
20.879, 21083.9, 8503.7
20.88, 21084.7, 8503.92
20.881, 21085.4, 8504.14
20.882, 21086.2, 8504.36
20.883, 21087, 8504.58
20.884, 21087.8, 8504.8
20.885, 21088.6, 8505.02
20.886, 21089.4, 8505.24
20.887, 21090.2, 8505.46
20.888, 21091, 8505.68
20.889, 21091.8, 8505.9
20.89, 21092.6, 8506.12
20.891, 21093.3, 8506.34
20.892, 21094.1, 8506.56
20.893, 21094.9, 8506.78
20.894, 21095.7, 8507
20.895, 21096.5, 8507.22
20.896, 21097.3, 8507.44
20.897, 21098.1, 8507.66
20.898, 21098.9, 8507.88
20.899, 21099.7, 8508.1
20.9, 21100.5, 8508.32
20.901, 21101.2, 8508.54
20.902, 21102, 8508.76
20.903, 21102.8, 8508.98
20.904, 21103.6, 8509.2
20.905, 21104.4, 8509.42
20.906, 21105.2, 8509.64
20.907, 21106, 8509.86
20.908, 21106.8, 8510.08
20.909, 21107.6, 8510.3
20.91, 21108.4, 8510.52
20.911, 21109.1, 8510.74
20.912, 21109.9, 8510.96
20.913, 21110.7, 8511.18
20.914, 21111.5, 8511.4
20.915, 21112.3, 8511.62
20.916, 21113.1, 8511.84
20.917, 21113.9, 8512.06
20.918, 21114.7, 8512.28
20.919, 21115.5, 8512.5
20.92, 21116.2, 8512.72
20.921, 21117, 8512.94
20.922, 21117.8, 8513.16
20.923, 21118.6, 8513.38
20.924, 21119.4, 8513.6
20.925, 21120.2, 8513.82
20.926, 21121, 8514.04
20.927, 21121.8, 8514.26
20.928, 21122.6, 8514.48
20.929, 21123.4, 8514.7
20.93, 21124.1, 8514.92
20.931, 21124.9, 8515.14
20.932, 21125.7, 8515.36
20.933, 21126.5, 8515.58
20.934, 21127.3, 8515.8
20.935, 21128.1, 8516.02
20.936, 21128.9, 8516.24
20.937, 21129.7, 8516.46
20.938, 21130.5, 8516.68
20.939, 21131.3, 8516.9
20.94, 21132, 8517.12
20.941, 21132.8, 8517.34
20.942, 21133.6, 8517.56
20.943, 21134.4, 8517.78
20.944, 21135.2, 8518
20.945, 21136, 8518.22
20.946, 21136.8, 8518.44
20.947, 21137.6, 8518.66
20.948, 21138.4, 8518.88
20.949, 21139.1, 8519.1
20.95, 21139.9, 8519.31
20.951, 21140.7, 8519.53
20.952, 21141.5, 8519.75
20.953, 21142.3, 8519.97
20.954, 21143.1, 8520.19
20.955, 21143.9, 8520.41
20.956, 21144.7, 8520.63
20.957, 21145.5, 8520.85
20.958, 21146.3, 8521.07
20.959, 21147, 8521.29
20.96, 21147.8, 8521.51
20.961, 21148.6, 8521.73
20.962, 21149.4, 8521.95
20.963, 21150.2, 8522.17
20.964, 21151, 8522.39
20.965, 21151.8, 8522.61
20.966, 21152.6, 8522.83
20.967, 21153.4, 8523.04
20.968, 21154.1, 8523.26
20.969, 21154.9, 8523.48
20.97, 21155.7, 8523.7
20.971, 21156.5, 8523.92
20.972, 21157.3, 8524.14
20.973, 21158.1, 8524.36
20.974, 21158.9, 8524.58
20.975, 21159.7, 8524.8
20.976, 21160.5, 8525.02
20.977, 21161.2, 8525.24
20.978, 21162, 8525.46
20.979, 21162.8, 8525.68
20.98, 21163.6, 8525.89
20.981, 21164.4, 8526.11
20.982, 21165.2, 8526.33
20.983, 21166, 8526.55
20.984, 21166.8, 8526.77
20.985, 21167.6, 8526.99
20.986, 21168.3, 8527.21
20.987, 21169.1, 8527.43
20.988, 21169.9, 8527.65
20.989, 21170.7, 8527.87
20.99, 21171.5, 8528.09
20.991, 21172.3, 8528.3
20.992, 21173.1, 8528.52
20.993, 21173.9, 8528.74
20.994, 21174.7, 8528.96
20.995, 21175.4, 8529.18
20.996, 21176.2, 8529.4
20.997, 21177, 8529.62
20.998, 21177.8, 8529.84
20.999, 21178.6, 8530.06
21, 21179.4, 8530.28
21.001, 21180.2, 8530.49
21.002, 21181, 8530.71
21.003, 21181.8, 8530.93
21.004, 21182.5, 8531.15
21.005, 21183.3, 8531.37
21.006, 21184.1, 8531.59
21.007, 21184.9, 8531.81
21.008, 21185.7, 8532.03
21.009, 21186.5, 8532.24
21.01, 21187.3, 8532.46
21.011, 21188.1, 8532.68
21.012, 21188.9, 8532.9
21.013, 21189.6, 8533.12
21.014, 21190.4, 8533.34
21.015, 21191.2, 8533.56
21.016, 21192, 8533.78
21.017, 21192.8, 8533.99
21.018, 21193.6, 8534.21
21.019, 21194.4, 8534.43
21.02, 21195.2, 8534.65
21.021, 21196, 8534.87
21.022, 21196.7, 8535.09
21.023, 21197.5, 8535.31
21.024, 21198.3, 8535.52
21.025, 21199.1, 8535.74
21.026, 21199.9, 8535.96
21.027, 21200.7, 8536.18
21.028, 21201.5, 8536.4
21.029, 21202.3, 8536.62
21.03, 21203.1, 8536.84
21.031, 21203.8, 8537.05
21.032, 21204.6, 8537.27
21.033, 21205.4, 8537.49
21.034, 21206.2, 8537.71
21.035, 21207, 8537.93
21.036, 21207.8, 8538.15
21.037, 21208.6, 8538.36
21.038, 21209.4, 8538.58
21.039, 21210.1, 8538.8
21.04, 21210.9, 8539.02
21.041, 21211.7, 8539.24
21.042, 21212.5, 8539.46
21.043, 21213.3, 8539.68
21.044, 21214.1, 8539.89
21.045, 21214.9, 8540.11
21.046, 21215.7, 8540.33
21.047, 21216.5, 8540.55
21.048, 21217.2, 8540.77
21.049, 21218, 8540.98
21.05, 21218.8, 8541.2
21.051, 21219.6, 8541.42
21.052, 21220.4, 8541.64
21.053, 21221.2, 8541.86
21.054, 21222, 8542.08
21.055, 21222.8, 8542.29
21.056, 21223.5, 8542.51
21.057, 21224.3, 8542.73
21.058, 21225.1, 8542.95
21.059, 21225.9, 8543.17
21.06, 21226.7, 8543.38
21.061, 21227.5, 8543.6
21.062, 21228.3, 8543.82
21.063, 21229.1, 8544.04
21.064, 21229.9, 8544.26
21.065, 21230.6, 8544.48
21.066, 21231.4, 8544.69
21.067, 21232.2, 8544.91
21.068, 21233, 8545.13
21.069, 21233.8, 8545.35
21.07, 21234.6, 8545.57
21.071, 21235.4, 8545.78
21.072, 21236.2, 8546
21.073, 21236.9, 8546.22
21.074, 21237.7, 8546.44
21.075, 21238.5, 8546.66
21.076, 21239.3, 8546.87
21.077, 21240.1, 8547.09
21.078, 21240.9, 8547.31
21.079, 21241.7, 8547.53
21.08, 21242.5, 8547.74
21.081, 21243.2, 8547.96
21.082, 21244, 8548.18
21.083, 21244.8, 8548.4
21.084, 21245.6, 8548.62
21.085, 21246.4, 8548.83
21.086, 21247.2, 8549.05
21.087, 21248, 8549.27
21.088, 21248.8, 8549.49
21.089, 21249.6, 8549.7
21.09, 21250.3, 8549.92
21.091, 21251.1, 8550.14
21.092, 21251.9, 8550.36
21.093, 21252.7, 8550.58
21.094, 21253.5, 8550.79
21.095, 21254.3, 8551.01
21.096, 21255.1, 8551.23
21.097, 21255.9, 8551.45
21.098, 21256.6, 8551.66
21.099, 21257.4, 8551.88
21.1, 21258.2, 8552.1
21.101, 21259, 8552.32
21.102, 21259.8, 8552.53
21.103, 21260.6, 8552.75
21.104, 21261.4, 8552.97
21.105, 21262.2, 8553.19
21.106, 21262.9, 8553.4
21.107, 21263.7, 8553.62
21.108, 21264.5, 8553.84
21.109, 21265.3, 8554.06
21.11, 21266.1, 8554.27
21.111, 21266.9, 8554.49
21.112, 21267.7, 8554.71
21.113, 21268.5, 8554.93
21.114, 21269.2, 8555.14
21.115, 21270, 8555.36
21.116, 21270.8, 8555.58
21.117, 21271.6, 8555.8
21.118, 21272.4, 8556.01
21.119, 21273.2, 8556.23
21.12, 21274, 8556.45
21.121, 21274.8, 8556.67
21.122, 21275.5, 8556.88
21.123, 21276.3, 8557.1
21.124, 21277.1, 8557.32
21.125, 21277.9, 8557.54
21.126, 21278.7, 8557.75
21.127, 21279.5, 8557.97
21.128, 21280.3, 8558.19
21.129, 21281.1, 8558.4
21.13, 21281.8, 8558.62
21.131, 21282.6, 8558.84
21.132, 21283.4, 8559.06
21.133, 21284.2, 8559.27
21.134, 21285, 8559.49
21.135, 21285.8, 8559.71
21.136, 21286.6, 8559.92
21.137, 21287.4, 8560.14
21.138, 21288.1, 8560.36
21.139, 21288.9, 8560.58
21.14, 21289.7, 8560.79
21.141, 21290.5, 8561.01
21.142, 21291.3, 8561.23
21.143, 21292.1, 8561.44
21.144, 21292.9, 8561.66
21.145, 21293.7, 8561.88
21.146, 21294.4, 8562.09
21.147, 21295.2, 8562.31
21.148, 21296, 8562.53
21.149, 21296.8, 8562.75
21.15, 21297.6, 8562.96
21.151, 21298.4, 8563.18
21.152, 21299.2, 8563.4
21.153, 21300, 8563.61
21.154, 21300.7, 8563.83
21.155, 21301.5, 8564.05
21.156, 21302.3, 8564.26
21.157, 21303.1, 8564.48
21.158, 21303.9, 8564.7
21.159, 21304.7, 8564.92
21.16, 21305.5, 8565.13
21.161, 21306.2, 8565.35
21.162, 21307, 8565.57
21.163, 21307.8, 8565.78
21.164, 21308.6, 8566
21.165, 21309.4, 8566.22
21.166, 21310.2, 8566.43
21.167, 21311, 8566.65
21.168, 21311.8, 8566.87
21.169, 21312.5, 8567.08
21.17, 21313.3, 8567.3
21.171, 21314.1, 8567.52
21.172, 21314.9, 8567.73
21.173, 21315.7, 8567.95
21.174, 21316.5, 8568.17
21.175, 21317.3, 8568.38
21.176, 21318.1, 8568.6
21.177, 21318.8, 8568.82
21.178, 21319.6, 8569.03
21.179, 21320.4, 8569.25
21.18, 21321.2, 8569.47
21.181, 21322, 8569.68
21.182, 21322.8, 8569.9
21.183, 21323.6, 8570.12
21.184, 21324.3, 8570.33
21.185, 21325.1, 8570.55
21.186, 21325.9, 8570.77
21.187, 21326.7, 8570.98
21.188, 21327.5, 8571.2
21.189, 21328.3, 8571.41
21.19, 21329.1, 8571.63
21.191, 21329.9, 8571.85
21.192, 21330.6, 8572.06
21.193, 21331.4, 8572.28
21.194, 21332.2, 8572.5
21.195, 21333, 8572.71
21.196, 21333.8, 8572.93
21.197, 21334.6, 8573.15
21.198, 21335.4, 8573.36
21.199, 21336.1, 8573.58
21.2, 21336.9, 8573.79
21.201, 21337.7, 8574.01
21.202, 21338.5, 8574.23
21.203, 21339.3, 8574.44
21.204, 21340.1, 8574.66
21.205, 21340.9, 8574.88
21.206, 21341.7, 8575.09
21.207, 21342.4, 8575.31
21.208, 21343.2, 8575.52
21.209, 21344, 8575.74
21.21, 21344.8, 8575.96
21.211, 21345.6, 8576.17
21.212, 21346.4, 8576.39
21.213, 21347.2, 8576.61
21.214, 21347.9, 8576.82
21.215, 21348.7, 8577.04
21.216, 21349.5, 8577.25
21.217, 21350.3, 8577.47
21.218, 21351.1, 8577.69
21.219, 21351.9, 8577.9
21.22, 21352.7, 8578.12
21.221, 21353.5, 8578.33
21.222, 21354.2, 8578.55
21.223, 21355, 8578.77
21.224, 21355.8, 8578.98
21.225, 21356.6, 8579.2
21.226, 21357.4, 8579.41
21.227, 21358.2, 8579.63
21.228, 21359, 8579.85
21.229, 21359.7, 8580.06
21.23, 21360.5, 8580.28
21.231, 21361.3, 8580.49
21.232, 21362.1, 8580.71
21.233, 21362.9, 8580.93
21.234, 21363.7, 8581.14
21.235, 21364.5, 8581.36
21.236, 21365.2, 8581.57
21.237, 21366, 8581.79
21.238, 21366.8, 8582.01
21.239, 21367.6, 8582.22
21.24, 21368.4, 8582.44
21.241, 21369.2, 8582.65
21.242, 21370, 8582.87
21.243, 21370.8, 8583.08
21.244, 21371.5, 8583.3
21.245, 21372.3, 8583.52
21.246, 21373.1, 8583.73
21.247, 21373.9, 8583.95
21.248, 21374.7, 8584.16
21.249, 21375.5, 8584.38
21.25, 21376.3, 8584.59
21.251, 21377, 8584.81
21.252, 21377.8, 8585.03
21.253, 21378.6, 8585.24
21.254, 21379.4, 8585.46
21.255, 21380.2, 8585.67
21.256, 21381, 8585.89
21.257, 21381.8, 8586.1
21.258, 21382.5, 8586.32
21.259, 21383.3, 8586.54
21.26, 21384.1, 8586.75
21.261, 21384.9, 8586.97
21.262, 21385.7, 8587.18
21.263, 21386.5, 8587.4
21.264, 21387.3, 8587.61
21.265, 21388, 8587.83
21.266, 21388.8, 8588.04
21.267, 21389.6, 8588.26
21.268, 21390.4, 8588.47
21.269, 21391.2, 8588.69
21.27, 21392, 8588.91
21.271, 21392.8, 8589.12
21.272, 21393.5, 8589.34
21.273, 21394.3, 8589.55
21.274, 21395.1, 8589.77
21.275, 21395.9, 8589.98
21.276, 21396.7, 8590.2
21.277, 21397.5, 8590.41
21.278, 21398.3, 8590.63
21.279, 21399, 8590.84
21.28, 21399.8, 8591.06
21.281, 21400.6, 8591.27
21.282, 21401.4, 8591.49
21.283, 21402.2, 8591.7
21.284, 21403, 8591.92
21.285, 21403.8, 8592.14
21.286, 21404.5, 8592.35
21.287, 21405.3, 8592.57
21.288, 21406.1, 8592.78
21.289, 21406.9, 8593
21.29, 21407.7, 8593.21
21.291, 21408.5, 8593.43
21.292, 21409.3, 8593.64
21.293, 21410, 8593.86
21.294, 21410.8, 8594.07
21.295, 21411.6, 8594.29
21.296, 21412.4, 8594.5
21.297, 21413.2, 8594.72
21.298, 21414, 8594.93
21.299, 21414.8, 8595.15
21.3, 21415.5, 8595.36
21.301, 21416.3, 8595.58
21.302, 21417.1, 8595.79
21.303, 21417.9, 8596.01
21.304, 21418.7, 8596.22
21.305, 21419.5, 8596.44
21.306, 21420.3, 8596.65
21.307, 21421, 8596.87
21.308, 21421.8, 8597.08
21.309, 21422.6, 8597.3
21.31, 21423.4, 8597.51
21.311, 21424.2, 8597.73
21.312, 21425, 8597.94
21.313, 21425.8, 8598.16
21.314, 21426.5, 8598.37
21.315, 21427.3, 8598.59
21.316, 21428.1, 8598.8
21.317, 21428.9, 8599.02
21.318, 21429.7, 8599.23
21.319, 21430.5, 8599.45
21.32, 21431.3, 8599.66
21.321, 21432, 8599.88
21.322, 21432.8, 8600.09
21.323, 21433.6, 8600.3
21.324, 21434.4, 8600.52
21.325, 21435.2, 8600.73
21.326, 21436, 8600.95
21.327, 21436.7, 8601.16
21.328, 21437.5, 8601.38
21.329, 21438.3, 8601.59
21.33, 21439.1, 8601.81
21.331, 21439.9, 8602.02
21.332, 21440.7, 8602.24
21.333, 21441.5, 8602.45
21.334, 21442.2, 8602.67
21.335, 21443, 8602.88
21.336, 21443.8, 8603.1
21.337, 21444.6, 8603.31
21.338, 21445.4, 8603.52
21.339, 21446.2, 8603.74
21.34, 21447, 8603.95
21.341, 21447.7, 8604.17
21.342, 21448.5, 8604.38
21.343, 21449.3, 8604.6
21.344, 21450.1, 8604.81
21.345, 21450.9, 8605.03
21.346, 21451.7, 8605.24
21.347, 21452.5, 8605.46
21.348, 21453.2, 8605.67
21.349, 21454, 8605.88
21.35, 21454.8, 8606.1
21.351, 21455.6, 8606.31
21.352, 21456.4, 8606.53
21.353, 21457.2, 8606.74
21.354, 21457.9, 8606.96
21.355, 21458.7, 8607.17
21.356, 21459.5, 8607.38
21.357, 21460.3, 8607.6
21.358, 21461.1, 8607.81
21.359, 21461.9, 8608.03
21.36, 21462.7, 8608.24
21.361, 21463.4, 8608.46
21.362, 21464.2, 8608.67
21.363, 21465, 8608.88
21.364, 21465.8, 8609.1
21.365, 21466.6, 8609.31
21.366, 21467.4, 8609.53
21.367, 21468.2, 8609.74
21.368, 21468.9, 8609.96
21.369, 21469.7, 8610.17
21.37, 21470.5, 8610.38
21.371, 21471.3, 8610.6
21.372, 21472.1, 8610.81
21.373, 21472.9, 8611.03
21.374, 21473.6, 8611.24
21.375, 21474.4, 8611.45
21.376, 21475.2, 8611.67
21.377, 21476, 8611.88
21.378, 21476.8, 8612.1
21.379, 21477.6, 8612.31
21.38, 21478.4, 8612.52
21.381, 21479.1, 8612.74
21.382, 21479.9, 8612.95
21.383, 21480.7, 8613.17
21.384, 21481.5, 8613.38
21.385, 21482.3, 8613.59
21.386, 21483.1, 8613.81
21.387, 21483.8, 8614.02
21.388, 21484.6, 8614.24
21.389, 21485.4, 8614.45
21.39, 21486.2, 8614.66
21.391, 21487, 8614.88
21.392, 21487.8, 8615.09
21.393, 21488.6, 8615.31
21.394, 21489.3, 8615.52
21.395, 21490.1, 8615.73
21.396, 21490.9, 8615.95
21.397, 21491.7, 8616.16
21.398, 21492.5, 8616.37
21.399, 21493.3, 8616.59
21.4, 21494, 8616.8
21.401, 21494.8, 8617.02
21.402, 21495.6, 8617.23
21.403, 21496.4, 8617.44
21.404, 21497.2, 8617.66
21.405, 21498, 8617.87
21.406, 21498.8, 8618.08
21.407, 21499.5, 8618.3
21.408, 21500.3, 8618.51
21.409, 21501.1, 8618.73
21.41, 21501.9, 8618.94
21.411, 21502.7, 8619.15
21.412, 21503.5, 8619.37
21.413, 21504.2, 8619.58
21.414, 21505, 8619.79
21.415, 21505.8, 8620.01
21.416, 21506.6, 8620.22
21.417, 21507.4, 8620.43
21.418, 21508.2, 8620.65
21.419, 21508.9, 8620.86
21.42, 21509.7, 8621.08
21.421, 21510.5, 8621.29
21.422, 21511.3, 8621.5
21.423, 21512.1, 8621.72
21.424, 21512.9, 8621.93
21.425, 21513.7, 8622.14
21.426, 21514.4, 8622.36
21.427, 21515.2, 8622.57
21.428, 21516, 8622.78
21.429, 21516.8, 8623
21.43, 21517.6, 8623.21
21.431, 21518.4, 8623.42
21.432, 21519.1, 8623.64
21.433, 21519.9, 8623.85
21.434, 21520.7, 8624.06
21.435, 21521.5, 8624.28
21.436, 21522.3, 8624.49
21.437, 21523.1, 8624.7
21.438, 21523.8, 8624.92
21.439, 21524.6, 8625.13
21.44, 21525.4, 8625.34
21.441, 21526.2, 8625.56
21.442, 21527, 8625.77
21.443, 21527.8, 8625.98
21.444, 21528.6, 8626.2
21.445, 21529.3, 8626.41
21.446, 21530.1, 8626.62
21.447, 21530.9, 8626.84
21.448, 21531.7, 8627.05
21.449, 21532.5, 8627.26
21.45, 21533.3, 8627.47
21.451, 21534, 8627.69
21.452, 21534.8, 8627.9
21.453, 21535.6, 8628.11
21.454, 21536.4, 8628.33
21.455, 21537.2, 8628.54
21.456, 21538, 8628.75
21.457, 21538.7, 8628.97
21.458, 21539.5, 8629.18
21.459, 21540.3, 8629.39
21.46, 21541.1, 8629.61
21.461, 21541.9, 8629.82
21.462, 21542.7, 8630.03
21.463, 21543.4, 8630.24
21.464, 21544.2, 8630.46
21.465, 21545, 8630.67
21.466, 21545.8, 8630.88
21.467, 21546.6, 8631.1
21.468, 21547.4, 8631.31
21.469, 21548.1, 8631.52
21.47, 21548.9, 8631.73
21.471, 21549.7, 8631.95
21.472, 21550.5, 8632.16
21.473, 21551.3, 8632.37
21.474, 21552.1, 8632.59
21.475, 21552.8, 8632.8
21.476, 21553.6, 8633.01
21.477, 21554.4, 8633.22
21.478, 21555.2, 8633.44
21.479, 21556, 8633.65
21.48, 21556.8, 8633.86
21.481, 21557.6, 8634.08
21.482, 21558.3, 8634.29
21.483, 21559.1, 8634.5
21.484, 21559.9, 8634.71
21.485, 21560.7, 8634.93
21.486, 21561.5, 8635.14
21.487, 21562.3, 8635.35
21.488, 21563, 8635.56
21.489, 21563.8, 8635.78
21.49, 21564.6, 8635.99
21.491, 21565.4, 8636.2
21.492, 21566.2, 8636.41
21.493, 21567, 8636.63
21.494, 21567.7, 8636.84
21.495, 21568.5, 8637.05
21.496, 21569.3, 8637.26
21.497, 21570.1, 8637.48
21.498, 21570.9, 8637.69
21.499, 21571.7, 8637.9
21.5, 21572.4, 8638.11
21.501, 21573.2, 8638.33
21.502, 21574, 8638.54
21.503, 21574.8, 8638.75
21.504, 21575.6, 8638.96
21.505, 21576.4, 8639.18
21.506, 21577.1, 8639.39
21.507, 21577.9, 8639.6
21.508, 21578.7, 8639.81
21.509, 21579.5, 8640.03
21.51, 21580.3, 8640.24
21.511, 21581.1, 8640.45
21.512, 21581.8, 8640.66
21.513, 21582.6, 8640.88
21.514, 21583.4, 8641.09
21.515, 21584.2, 8641.3
21.516, 21585, 8641.51
21.517, 21585.8, 8641.73
21.518, 21586.5, 8641.94
21.519, 21587.3, 8642.15
21.52, 21588.1, 8642.36
21.521, 21588.9, 8642.57
21.522, 21589.7, 8642.79
21.523, 21590.5, 8643
21.524, 21591.2, 8643.21
21.525, 21592, 8643.42
21.526, 21592.8, 8643.64
21.527, 21593.6, 8643.85
21.528, 21594.4, 8644.06
21.529, 21595.2, 8644.27
21.53, 21595.9, 8644.48
21.531, 21596.7, 8644.7
21.532, 21597.5, 8644.91
21.533, 21598.3, 8645.12
21.534, 21599.1, 8645.33
21.535, 21599.8, 8645.54
21.536, 21600.6, 8645.76
21.537, 21601.4, 8645.97
21.538, 21602.2, 8646.18
21.539, 21603, 8646.39
21.54, 21603.8, 8646.6
21.541, 21604.5, 8646.82
21.542, 21605.3, 8647.03
21.543, 21606.1, 8647.24
21.544, 21606.9, 8647.45
21.545, 21607.7, 8647.66
21.546, 21608.5, 8647.88
21.547, 21609.2, 8648.09
21.548, 21610, 8648.3
21.549, 21610.8, 8648.51
21.55, 21611.6, 8648.72
21.551, 21612.4, 8648.94
21.552, 21613.2, 8649.15
21.553, 21613.9, 8649.36
21.554, 21614.7, 8649.57
21.555, 21615.5, 8649.78
21.556, 21616.3, 8649.99
21.557, 21617.1, 8650.21
21.558, 21617.9, 8650.42
21.559, 21618.6, 8650.63
21.56, 21619.4, 8650.84
21.561, 21620.2, 8651.05
21.562, 21621, 8651.26
21.563, 21621.8, 8651.48
21.564, 21622.6, 8651.69
21.565, 21623.3, 8651.9
21.566, 21624.1, 8652.11
21.567, 21624.9, 8652.32
21.568, 21625.7, 8652.53
21.569, 21626.5, 8652.75
21.57, 21627.2, 8652.96
21.571, 21628, 8653.17
21.572, 21628.8, 8653.38
21.573, 21629.6, 8653.59
21.574, 21630.4, 8653.8
21.575, 21631.2, 8654.02
21.576, 21631.9, 8654.23
21.577, 21632.7, 8654.44
21.578, 21633.5, 8654.65
21.579, 21634.3, 8654.86
21.58, 21635.1, 8655.07
21.581, 21635.9, 8655.28
21.582, 21636.6, 8655.5
21.583, 21637.4, 8655.71
21.584, 21638.2, 8655.92
21.585, 21639, 8656.13
21.586, 21639.8, 8656.34
21.587, 21640.6, 8656.55
21.588, 21641.3, 8656.76
21.589, 21642.1, 8656.98
21.59, 21642.9, 8657.19
21.591, 21643.7, 8657.4
21.592, 21644.5, 8657.61
21.593, 21645.2, 8657.82
21.594, 21646, 8658.03
21.595, 21646.8, 8658.24
21.596, 21647.6, 8658.46
21.597, 21648.4, 8658.67
21.598, 21649.2, 8658.88
21.599, 21649.9, 8659.09
21.6, 21650.7, 8659.3
21.601, 21651.5, 8659.51
21.602, 21652.3, 8659.72
21.603, 21653.1, 8659.93
21.604, 21653.9, 8660.15
21.605, 21654.6, 8660.36
21.606, 21655.4, 8660.57
21.607, 21656.2, 8660.78
21.608, 21657, 8660.99
21.609, 21657.8, 8661.2
21.61, 21658.5, 8661.41
21.611, 21659.3, 8661.62
21.612, 21660.1, 8661.83
21.613, 21660.9, 8662.05
21.614, 21661.7, 8662.26
21.615, 21662.5, 8662.47
21.616, 21663.2, 8662.68
21.617, 21664, 8662.89
21.618, 21664.8, 8663.1
21.619, 21665.6, 8663.31
21.62, 21666.4, 8663.52
21.621, 21667.1, 8663.73
21.622, 21667.9, 8663.94
21.623, 21668.7, 8664.16
21.624, 21669.5, 8664.37
21.625, 21670.3, 8664.58
21.626, 21671.1, 8664.79
21.627, 21671.8, 8665
21.628, 21672.6, 8665.21
21.629, 21673.4, 8665.42
21.63, 21674.2, 8665.63
21.631, 21675, 8665.84
21.632, 21675.8, 8666.05
21.633, 21676.5, 8666.26
21.634, 21677.3, 8666.47
21.635, 21678.1, 8666.69
21.636, 21678.9, 8666.9
21.637, 21679.7, 8667.11
21.638, 21680.4, 8667.32
21.639, 21681.2, 8667.53
21.64, 21682, 8667.74
21.641, 21682.8, 8667.95
21.642, 21683.6, 8668.16
21.643, 21684.4, 8668.37
21.644, 21685.1, 8668.58
21.645, 21685.9, 8668.79
21.646, 21686.7, 8669
21.647, 21687.5, 8669.21
21.648, 21688.3, 8669.42
21.649, 21689, 8669.63
21.65, 21689.8, 8669.85
21.651, 21690.6, 8670.06
21.652, 21691.4, 8670.27
21.653, 21692.2, 8670.48
21.654, 21693, 8670.69
21.655, 21693.7, 8670.9
21.656, 21694.5, 8671.11
21.657, 21695.3, 8671.32
21.658, 21696.1, 8671.53
21.659, 21696.9, 8671.74
21.66, 21697.6, 8671.95
21.661, 21698.4, 8672.16
21.662, 21699.2, 8672.37
21.663, 21700, 8672.58
21.664, 21700.8, 8672.79
21.665, 21701.6, 8673
21.666, 21702.3, 8673.21
21.667, 21703.1, 8673.42
21.668, 21703.9, 8673.63
21.669, 21704.7, 8673.84
21.67, 21705.5, 8674.05
21.671, 21706.2, 8674.27
21.672, 21707, 8674.48
21.673, 21707.8, 8674.69
21.674, 21708.6, 8674.9
21.675, 21709.4, 8675.11
21.676, 21710.1, 8675.32
21.677, 21710.9, 8675.53
21.678, 21711.7, 8675.74
21.679, 21712.5, 8675.95
21.68, 21713.3, 8676.16
21.681, 21714.1, 8676.37
21.682, 21714.8, 8676.58
21.683, 21715.6, 8676.79
21.684, 21716.4, 8677
21.685, 21717.2, 8677.21
21.686, 21718, 8677.42
21.687, 21718.7, 8677.63
21.688, 21719.5, 8677.84
21.689, 21720.3, 8678.05
21.69, 21721.1, 8678.26
21.691, 21721.9, 8678.47
21.692, 21722.7, 8678.68
21.693, 21723.4, 8678.89
21.694, 21724.2, 8679.1
21.695, 21725, 8679.31
21.696, 21725.8, 8679.52
21.697, 21726.6, 8679.73
21.698, 21727.3, 8679.94
21.699, 21728.1, 8680.15
21.7, 21728.9, 8680.36
21.701, 21729.7, 8680.57
21.702, 21730.5, 8680.78
21.703, 21731.2, 8680.99
21.704, 21732, 8681.2
21.705, 21732.8, 8681.41
21.706, 21733.6, 8681.62
21.707, 21734.4, 8681.83
21.708, 21735.2, 8682.04
21.709, 21735.9, 8682.25
21.71, 21736.7, 8682.46
21.711, 21737.5, 8682.67
21.712, 21738.3, 8682.88
21.713, 21739.1, 8683.09
21.714, 21739.8, 8683.3
21.715, 21740.6, 8683.51
21.716, 21741.4, 8683.72
21.717, 21742.2, 8683.93
21.718, 21743, 8684.14
21.719, 21743.7, 8684.35
21.72, 21744.5, 8684.56
21.721, 21745.3, 8684.77
21.722, 21746.1, 8684.97
21.723, 21746.9, 8685.18
21.724, 21747.6, 8685.39
21.725, 21748.4, 8685.6
21.726, 21749.2, 8685.81
21.727, 21750, 8686.02
21.728, 21750.8, 8686.23
21.729, 21751.6, 8686.44
21.73, 21752.3, 8686.65
21.731, 21753.1, 8686.86
21.732, 21753.9, 8687.07
21.733, 21754.7, 8687.28
21.734, 21755.5, 8687.49
21.735, 21756.2, 8687.7
21.736, 21757, 8687.91
21.737, 21757.8, 8688.12
21.738, 21758.6, 8688.33
21.739, 21759.4, 8688.54
21.74, 21760.1, 8688.75
21.741, 21760.9, 8688.96
21.742, 21761.7, 8689.17
21.743, 21762.5, 8689.38
21.744, 21763.3, 8689.58
21.745, 21764, 8689.79
21.746, 21764.8, 8690
21.747, 21765.6, 8690.21
21.748, 21766.4, 8690.42
21.749, 21767.2, 8690.63
21.75, 21768, 8690.84
21.751, 21768.7, 8691.05
21.752, 21769.5, 8691.26
21.753, 21770.3, 8691.47
21.754, 21771.1, 8691.68
21.755, 21771.9, 8691.89
21.756, 21772.6, 8692.1
21.757, 21773.4, 8692.31
21.758, 21774.2, 8692.52
21.759, 21775, 8692.72
21.76, 21775.8, 8692.93
21.761, 21776.5, 8693.14
21.762, 21777.3, 8693.35
21.763, 21778.1, 8693.56
21.764, 21778.9, 8693.77
21.765, 21779.7, 8693.98
21.766, 21780.4, 8694.19
21.767, 21781.2, 8694.4
21.768, 21782, 8694.61
21.769, 21782.8, 8694.82
21.77, 21783.6, 8695.02
21.771, 21784.3, 8695.23
21.772, 21785.1, 8695.44
21.773, 21785.9, 8695.65
21.774, 21786.7, 8695.86
21.775, 21787.5, 8696.07
21.776, 21788.2, 8696.28
21.777, 21789, 8696.49
21.778, 21789.8, 8696.7
21.779, 21790.6, 8696.91
21.78, 21791.4, 8697.11
21.781, 21792.1, 8697.32
21.782, 21792.9, 8697.53
21.783, 21793.7, 8697.74
21.784, 21794.5, 8697.95
21.785, 21795.3, 8698.16
21.786, 21796.1, 8698.37
21.787, 21796.8, 8698.58
21.788, 21797.6, 8698.79
21.789, 21798.4, 8698.99
21.79, 21799.2, 8699.2
21.791, 21800, 8699.41
21.792, 21800.7, 8699.62
21.793, 21801.5, 8699.83
21.794, 21802.3, 8700.04
21.795, 21803.1, 8700.25
21.796, 21803.9, 8700.46
21.797, 21804.6, 8700.67
21.798, 21805.4, 8700.87
21.799, 21806.2, 8701.08
21.8, 21807, 8701.29
21.801, 21807.8, 8701.5
21.802, 21808.5, 8701.71
21.803, 21809.3, 8701.92
21.804, 21810.1, 8702.13
21.805, 21810.9, 8702.33
21.806, 21811.7, 8702.54
21.807, 21812.4, 8702.75
21.808, 21813.2, 8702.96
21.809, 21814, 8703.17
21.81, 21814.8, 8703.38
21.811, 21815.6, 8703.59
21.812, 21816.3, 8703.79
21.813, 21817.1, 8704
21.814, 21817.9, 8704.21
21.815, 21818.7, 8704.42
21.816, 21819.5, 8704.63
21.817, 21820.2, 8704.84
21.818, 21821, 8705.05
21.819, 21821.8, 8705.25
21.82, 21822.6, 8705.46
21.821, 21823.4, 8705.67
21.822, 21824.1, 8705.88
21.823, 21824.9, 8706.09
21.824, 21825.7, 8706.3
21.825, 21826.5, 8706.5
21.826, 21827.3, 8706.71
21.827, 21828, 8706.92
21.828, 21828.8, 8707.13
21.829, 21829.6, 8707.34
21.83, 21830.4, 8707.55
21.831, 21831.2, 8707.75
21.832, 21831.9, 8707.96
21.833, 21832.7, 8708.17
21.834, 21833.5, 8708.38
21.835, 21834.3, 8708.59
21.836, 21835.1, 8708.8
21.837, 21835.8, 8709
21.838, 21836.6, 8709.21
21.839, 21837.4, 8709.42
21.84, 21838.2, 8709.63
21.841, 21839, 8709.84
21.842, 21839.7, 8710.05
21.843, 21840.5, 8710.25
21.844, 21841.3, 8710.46
21.845, 21842.1, 8710.67
21.846, 21842.9, 8710.88
21.847, 21843.6, 8711.09
21.848, 21844.4, 8711.29
21.849, 21845.2, 8711.5
21.85, 21846, 8711.71
21.851, 21846.8, 8711.92
21.852, 21847.5, 8712.13
21.853, 21848.3, 8712.33
21.854, 21849.1, 8712.54
21.855, 21849.9, 8712.75
21.856, 21850.6, 8712.96
21.857, 21851.4, 8713.17
21.858, 21852.2, 8713.37
21.859, 21853, 8713.58
21.86, 21853.8, 8713.79
21.861, 21854.5, 8714
21.862, 21855.3, 8714.21
21.863, 21856.1, 8714.41
21.864, 21856.9, 8714.62
21.865, 21857.7, 8714.83
21.866, 21858.4, 8715.04
21.867, 21859.2, 8715.25
21.868, 21860, 8715.45
21.869, 21860.8, 8715.66
21.87, 21861.6, 8715.87
21.871, 21862.3, 8716.08
21.872, 21863.1, 8716.28
21.873, 21863.9, 8716.49
21.874, 21864.7, 8716.7
21.875, 21865.5, 8716.91
21.876, 21866.2, 8717.12
21.877, 21867, 8717.32
21.878, 21867.8, 8717.53
21.879, 21868.6, 8717.74
21.88, 21869.4, 8717.95
21.881, 21870.1, 8718.15
21.882, 21870.9, 8718.36
21.883, 21871.7, 8718.57
21.884, 21872.5, 8718.78
21.885, 21873.3, 8718.98
21.886, 21874, 8719.19
21.887, 21874.8, 8719.4
21.888, 21875.6, 8719.61
21.889, 21876.4, 8719.81
21.89, 21877.2, 8720.02
21.891, 21877.9, 8720.23
21.892, 21878.7, 8720.44
21.893, 21879.5, 8720.64
21.894, 21880.3, 8720.85
21.895, 21881, 8721.06
21.896, 21881.8, 8721.27
21.897, 21882.6, 8721.47
21.898, 21883.4, 8721.68
21.899, 21884.2, 8721.89
21.9, 21884.9, 8722.1
21.901, 21885.7, 8722.3
21.902, 21886.5, 8722.51
21.903, 21887.3, 8722.72
21.904, 21888.1, 8722.93
21.905, 21888.8, 8723.13
21.906, 21889.6, 8723.34
21.907, 21890.4, 8723.55
21.908, 21891.2, 8723.76
21.909, 21892, 8723.96
21.91, 21892.7, 8724.17
21.911, 21893.5, 8724.38
21.912, 21894.3, 8724.59
21.913, 21895.1, 8724.79
21.914, 21895.9, 8725
21.915, 21896.6, 8725.21
21.916, 21897.4, 8725.41
21.917, 21898.2, 8725.62
21.918, 21899, 8725.83
21.919, 21899.7, 8726.04
21.92, 21900.5, 8726.24
21.921, 21901.3, 8726.45
21.922, 21902.1, 8726.66
21.923, 21902.9, 8726.86
21.924, 21903.6, 8727.07
21.925, 21904.4, 8727.28
21.926, 21905.2, 8727.49
21.927, 21906, 8727.69
21.928, 21906.8, 8727.9
21.929, 21907.5, 8728.11
21.93, 21908.3, 8728.31
21.931, 21909.1, 8728.52
21.932, 21909.9, 8728.73
21.933, 21910.6, 8728.94
21.934, 21911.4, 8729.14
21.935, 21912.2, 8729.35
21.936, 21913, 8729.56
21.937, 21913.8, 8729.76
21.938, 21914.5, 8729.97
21.939, 21915.3, 8730.18
21.94, 21916.1, 8730.38
21.941, 21916.9, 8730.59
21.942, 21917.7, 8730.8
21.943, 21918.4, 8731
21.944, 21919.2, 8731.21
21.945, 21920, 8731.42
21.946, 21920.8, 8731.63
21.947, 21921.6, 8731.83
21.948, 21922.3, 8732.04
21.949, 21923.1, 8732.25
21.95, 21923.9, 8732.45
21.951, 21924.7, 8732.66
21.952, 21925.4, 8732.87
21.953, 21926.2, 8733.07
21.954, 21927, 8733.28
21.955, 21927.8, 8733.49
21.956, 21928.6, 8733.69
21.957, 21929.3, 8733.9
21.958, 21930.1, 8734.11
21.959, 21930.9, 8734.31
21.96, 21931.7, 8734.52
21.961, 21932.5, 8734.73
21.962, 21933.2, 8734.93
21.963, 21934, 8735.14
21.964, 21934.8, 8735.35
21.965, 21935.6, 8735.55
21.966, 21936.3, 8735.76
21.967, 21937.1, 8735.97
21.968, 21937.9, 8736.17
21.969, 21938.7, 8736.38
21.97, 21939.5, 8736.59
21.971, 21940.2, 8736.79
21.972, 21941, 8737
21.973, 21941.8, 8737.21
21.974, 21942.6, 8737.41
21.975, 21943.4, 8737.62
21.976, 21944.1, 8737.83
21.977, 21944.9, 8738.03
21.978, 21945.7, 8738.24
21.979, 21946.5, 8738.44
21.98, 21947.2, 8738.65
21.981, 21948, 8738.86
21.982, 21948.8, 8739.06
21.983, 21949.6, 8739.27
21.984, 21950.4, 8739.48
21.985, 21951.1, 8739.68
21.986, 21951.9, 8739.89
21.987, 21952.7, 8740.1
21.988, 21953.5, 8740.3
21.989, 21954.2, 8740.51
21.99, 21955, 8740.71
21.991, 21955.8, 8740.92
21.992, 21956.6, 8741.13
21.993, 21957.4, 8741.33
21.994, 21958.1, 8741.54
21.995, 21958.9, 8741.75
21.996, 21959.7, 8741.95
21.997, 21960.5, 8742.16
21.998, 21961.2, 8742.36
21.999, 21962, 8742.57
22, 21962.8, 8742.78
22.001, 21963.6, 8742.98
22.002, 21964.4, 8743.19
22.003, 21965.1, 8743.4
22.004, 21965.9, 8743.6
22.005, 21966.7, 8743.81
22.006, 21967.5, 8744.01
22.007, 21968.3, 8744.22
22.008, 21969, 8744.43
22.009, 21969.8, 8744.63
22.01, 21970.6, 8744.84
22.011, 21971.4, 8745.04
22.012, 21972.1, 8745.25
22.013, 21972.9, 8745.46
22.014, 21973.7, 8745.66
22.015, 21974.5, 8745.87
22.016, 21975.3, 8746.07
22.017, 21976, 8746.28
22.018, 21976.8, 8746.49
22.019, 21977.6, 8746.69
22.02, 21978.4, 8746.9
22.021, 21979.1, 8747.1
22.022, 21979.9, 8747.31
22.023, 21980.7, 8747.52
22.024, 21981.5, 8747.72
22.025, 21982.3, 8747.93
22.026, 21983, 8748.13
22.027, 21983.8, 8748.34
22.028, 21984.6, 8748.54
22.029, 21985.4, 8748.75
22.03, 21986.1, 8748.96
22.031, 21986.9, 8749.16
22.032, 21987.7, 8749.37
22.033, 21988.5, 8749.57
22.034, 21989.3, 8749.78
22.035, 21990, 8749.99
22.036, 21990.8, 8750.19
22.037, 21991.6, 8750.4
22.038, 21992.4, 8750.6
22.039, 21993.1, 8750.81
22.04, 21993.9, 8751.01
22.041, 21994.7, 8751.22
22.042, 21995.5, 8751.43
22.043, 21996.3, 8751.63
22.044, 21997, 8751.84
22.045, 21997.8, 8752.04
22.046, 21998.6, 8752.25
22.047, 21999.4, 8752.45
22.048, 22000.1, 8752.66
22.049, 22000.9, 8752.86
22.05, 22001.7, 8753.07
22.051, 22002.5, 8753.28
22.052, 22003.3, 8753.48
22.053, 22004, 8753.69
22.054, 22004.8, 8753.89
22.055, 22005.6, 8754.1
22.056, 22006.4, 8754.3
22.057, 22007.1, 8754.51
22.058, 22007.9, 8754.71
22.059, 22008.7, 8754.92
22.06, 22009.5, 8755.12
22.061, 22010.3, 8755.33
22.062, 22011, 8755.54
22.063, 22011.8, 8755.74
22.064, 22012.6, 8755.95
22.065, 22013.4, 8756.15
22.066, 22014.1, 8756.36
22.067, 22014.9, 8756.56
22.068, 22015.7, 8756.77
22.069, 22016.5, 8756.97
22.07, 22017.2, 8757.18
22.071, 22018, 8757.38
22.072, 22018.8, 8757.59
22.073, 22019.6, 8757.79
22.074, 22020.4, 8758
22.075, 22021.1, 8758.2
22.076, 22021.9, 8758.41
22.077, 22022.7, 8758.62
22.078, 22023.5, 8758.82
22.079, 22024.2, 8759.03
22.08, 22025, 8759.23
22.081, 22025.8, 8759.44
22.082, 22026.6, 8759.64
22.083, 22027.4, 8759.85
22.084, 22028.1, 8760.05
22.085, 22028.9, 8760.26
22.086, 22029.7, 8760.46
22.087, 22030.5, 8760.67
22.088, 22031.2, 8760.87
22.089, 22032, 8761.08
22.09, 22032.8, 8761.28
22.091, 22033.6, 8761.49
22.092, 22034.3, 8761.69
22.093, 22035.1, 8761.9
22.094, 22035.9, 8762.1
22.095, 22036.7, 8762.31
22.096, 22037.5, 8762.51
22.097, 22038.2, 8762.72
22.098, 22039, 8762.92
22.099, 22039.8, 8763.13
22.1, 22040.6, 8763.33
22.101, 22041.3, 8763.54
22.102, 22042.1, 8763.74
22.103, 22042.9, 8763.95
22.104, 22043.7, 8764.15
22.105, 22044.5, 8764.36
22.106, 22045.2, 8764.56
22.107, 22046, 8764.77
22.108, 22046.8, 8764.97
22.109, 22047.6, 8765.18
22.11, 22048.3, 8765.38
22.111, 22049.1, 8765.58
22.112, 22049.9, 8765.79
22.113, 22050.7, 8765.99
22.114, 22051.4, 8766.2
22.115, 22052.2, 8766.4
22.116, 22053, 8766.61
22.117, 22053.8, 8766.81
22.118, 22054.6, 8767.02
22.119, 22055.3, 8767.22
22.12, 22056.1, 8767.43
22.121, 22056.9, 8767.63
22.122, 22057.7, 8767.84
22.123, 22058.4, 8768.04
22.124, 22059.2, 8768.25
22.125, 22060, 8768.45
22.126, 22060.8, 8768.65
22.127, 22061.5, 8768.86
22.128, 22062.3, 8769.06
22.129, 22063.1, 8769.27
22.13, 22063.9, 8769.47
22.131, 22064.6, 8769.68
22.132, 22065.4, 8769.88
22.133, 22066.2, 8770.09
22.134, 22067, 8770.29
22.135, 22067.8, 8770.5
22.136, 22068.5, 8770.7
22.137, 22069.3, 8770.9
22.138, 22070.1, 8771.11
22.139, 22070.9, 8771.31
22.14, 22071.6, 8771.52
22.141, 22072.4, 8771.72
22.142, 22073.2, 8771.93
22.143, 22074, 8772.13
22.144, 22074.7, 8772.34
22.145, 22075.5, 8772.54
22.146, 22076.3, 8772.74
22.147, 22077.1, 8772.95
22.148, 22077.9, 8773.15
22.149, 22078.6, 8773.36
22.15, 22079.4, 8773.56
22.151, 22080.2, 8773.77
22.152, 22081, 8773.97
22.153, 22081.7, 8774.17
22.154, 22082.5, 8774.38
22.155, 22083.3, 8774.58
22.156, 22084.1, 8774.79
22.157, 22084.8, 8774.99
22.158, 22085.6, 8775.2
22.159, 22086.4, 8775.4
22.16, 22087.2, 8775.6
22.161, 22087.9, 8775.81
22.162, 22088.7, 8776.01
22.163, 22089.5, 8776.22
22.164, 22090.3, 8776.42
22.165, 22091.1, 8776.62
22.166, 22091.8, 8776.83
22.167, 22092.6, 8777.03
22.168, 22093.4, 8777.24
22.169, 22094.2, 8777.44
22.17, 22094.9, 8777.64
22.171, 22095.7, 8777.85
22.172, 22096.5, 8778.05
22.173, 22097.3, 8778.26
22.174, 22098, 8778.46
22.175, 22098.8, 8778.66
22.176, 22099.6, 8778.87
22.177, 22100.4, 8779.07
22.178, 22101.1, 8779.28
22.179, 22101.9, 8779.48
22.18, 22102.7, 8779.68
22.181, 22103.5, 8779.89
22.182, 22104.3, 8780.09
22.183, 22105, 8780.3
22.184, 22105.8, 8780.5
22.185, 22106.6, 8780.7
22.186, 22107.4, 8780.91
22.187, 22108.1, 8781.11
22.188, 22108.9, 8781.32
22.189, 22109.7, 8781.52
22.19, 22110.5, 8781.72
22.191, 22111.2, 8781.93
22.192, 22112, 8782.13
22.193, 22112.8, 8782.33
22.194, 22113.6, 8782.54
22.195, 22114.3, 8782.74
22.196, 22115.1, 8782.95
22.197, 22115.9, 8783.15
22.198, 22116.7, 8783.35
22.199, 22117.4, 8783.56
22.2, 22118.2, 8783.76
22.201, 22119, 8783.96
22.202, 22119.8, 8784.17
22.203, 22120.5, 8784.37
22.204, 22121.3, 8784.57
22.205, 22122.1, 8784.78
22.206, 22122.9, 8784.98
22.207, 22123.7, 8785.19
22.208, 22124.4, 8785.39
22.209, 22125.2, 8785.59
22.21, 22126, 8785.8
22.211, 22126.8, 8786
22.212, 22127.5, 8786.2
22.213, 22128.3, 8786.41
22.214, 22129.1, 8786.61
22.215, 22129.9, 8786.81
22.216, 22130.6, 8787.02
22.217, 22131.4, 8787.22
22.218, 22132.2, 8787.42
22.219, 22133, 8787.63
22.22, 22133.7, 8787.83
22.221, 22134.5, 8788.03
22.222, 22135.3, 8788.24
22.223, 22136.1, 8788.44
22.224, 22136.8, 8788.64
22.225, 22137.6, 8788.85
22.226, 22138.4, 8789.05
22.227, 22139.2, 8789.25
22.228, 22139.9, 8789.46
22.229, 22140.7, 8789.66
22.23, 22141.5, 8789.86
22.231, 22142.3, 8790.07
22.232, 22143, 8790.27
22.233, 22143.8, 8790.47
22.234, 22144.6, 8790.68
22.235, 22145.4, 8790.88
22.236, 22146.2, 8791.08
22.237, 22146.9, 8791.29
22.238, 22147.7, 8791.49
22.239, 22148.5, 8791.69
22.24, 22149.3, 8791.9
22.241, 22150, 8792.1
22.242, 22150.8, 8792.3
22.243, 22151.6, 8792.51
22.244, 22152.4, 8792.71
22.245, 22153.1, 8792.91
22.246, 22153.9, 8793.12
22.247, 22154.7, 8793.32
22.248, 22155.5, 8793.52
22.249, 22156.2, 8793.72
22.25, 22157, 8793.93
22.251, 22157.8, 8794.13
22.252, 22158.6, 8794.33
22.253, 22159.3, 8794.54
22.254, 22160.1, 8794.74
22.255, 22160.9, 8794.94
22.256, 22161.7, 8795.15
22.257, 22162.4, 8795.35
22.258, 22163.2, 8795.55
22.259, 22164, 8795.75
22.26, 22164.8, 8795.96
22.261, 22165.5, 8796.16
22.262, 22166.3, 8796.36
22.263, 22167.1, 8796.57
22.264, 22167.9, 8796.77
22.265, 22168.6, 8796.97
22.266, 22169.4, 8797.17
22.267, 22170.2, 8797.38
22.268, 22171, 8797.58
22.269, 22171.7, 8797.78
22.27, 22172.5, 8797.99
22.271, 22173.3, 8798.19
22.272, 22174.1, 8798.39
22.273, 22174.8, 8798.59
22.274, 22175.6, 8798.8
22.275, 22176.4, 8799
22.276, 22177.2, 8799.2
22.277, 22177.9, 8799.41
22.278, 22178.7, 8799.61
22.279, 22179.5, 8799.81
22.28, 22180.3, 8800.01
22.281, 22181, 8800.22
22.282, 22181.8, 8800.42
22.283, 22182.6, 8800.62
22.284, 22183.4, 8800.82
22.285, 22184.1, 8801.03
22.286, 22184.9, 8801.23
22.287, 22185.7, 8801.43
22.288, 22186.5, 8801.63
22.289, 22187.2, 8801.84
22.29, 22188, 8802.04
22.291, 22188.8, 8802.24
22.292, 22189.6, 8802.44
22.293, 22190.3, 8802.65
22.294, 22191.1, 8802.85
22.295, 22191.9, 8803.05
22.296, 22192.7, 8803.25
22.297, 22193.4, 8803.46
22.298, 22194.2, 8803.66
22.299, 22195, 8803.86
22.3, 22195.8, 8804.06
22.301, 22196.5, 8804.27
22.302, 22197.3, 8804.47
22.303, 22198.1, 8804.67
22.304, 22198.9, 8804.87
22.305, 22199.6, 8805.08
22.306, 22200.4, 8805.28
22.307, 22201.2, 8805.48
22.308, 22202, 8805.68
22.309, 22202.7, 8805.89
22.31, 22203.5, 8806.09
22.311, 22204.3, 8806.29
22.312, 22205.1, 8806.49
22.313, 22205.8, 8806.69
22.314, 22206.6, 8806.9
22.315, 22207.4, 8807.1
22.316, 22208.2, 8807.3
22.317, 22208.9, 8807.5
22.318, 22209.7, 8807.71
22.319, 22210.5, 8807.91
22.32, 22211.3, 8808.11
22.321, 22212, 8808.31
22.322, 22212.8, 8808.51
22.323, 22213.6, 8808.72
22.324, 22214.4, 8808.92
22.325, 22215.1, 8809.12
22.326, 22215.9, 8809.32
22.327, 22216.7, 8809.52
22.328, 22217.5, 8809.73
22.329, 22218.2, 8809.93
22.33, 22219, 8810.13
22.331, 22219.8, 8810.33
22.332, 22220.6, 8810.53
22.333, 22221.3, 8810.74
22.334, 22222.1, 8810.94
22.335, 22222.9, 8811.14
22.336, 22223.7, 8811.34
22.337, 22224.4, 8811.54
22.338, 22225.2, 8811.75
22.339, 22226, 8811.95
22.34, 22226.8, 8812.15
22.341, 22227.5, 8812.35
22.342, 22228.3, 8812.55
22.343, 22229.1, 8812.76
22.344, 22229.9, 8812.96
22.345, 22230.6, 8813.16
22.346, 22231.4, 8813.36
22.347, 22232.2, 8813.56
22.348, 22233, 8813.77
22.349, 22233.7, 8813.97
22.35, 22234.5, 8814.17
22.351, 22235.3, 8814.37
22.352, 22236.1, 8814.57
22.353, 22236.8, 8814.77
22.354, 22237.6, 8814.98
22.355, 22238.4, 8815.18
22.356, 22239.2, 8815.38
22.357, 22239.9, 8815.58
22.358, 22240.7, 8815.78
22.359, 22241.5, 8815.98
22.36, 22242.3, 8816.19
22.361, 22243, 8816.39
22.362, 22243.8, 8816.59
22.363, 22244.6, 8816.79
22.364, 22245.4, 8816.99
22.365, 22246.1, 8817.19
22.366, 22246.9, 8817.4
22.367, 22247.7, 8817.6
22.368, 22248.5, 8817.8
22.369, 22249.2, 8818
22.37, 22250, 8818.2
22.371, 22250.8, 8818.4
22.372, 22251.5, 8818.61
22.373, 22252.3, 8818.81
22.374, 22253.1, 8819.01
22.375, 22253.9, 8819.21
22.376, 22254.6, 8819.41
22.377, 22255.4, 8819.61
22.378, 22256.2, 8819.81
22.379, 22257, 8820.02
22.38, 22257.7, 8820.22
22.381, 22258.5, 8820.42
22.382, 22259.3, 8820.62
22.383, 22260.1, 8820.82
22.384, 22260.8, 8821.02
22.385, 22261.6, 8821.22
22.386, 22262.4, 8821.43
22.387, 22263.2, 8821.63
22.388, 22263.9, 8821.83
22.389, 22264.7, 8822.03
22.39, 22265.5, 8822.23
22.391, 22266.3, 8822.43
22.392, 22267, 8822.63
22.393, 22267.8, 8822.83
22.394, 22268.6, 8823.04
22.395, 22269.4, 8823.24
22.396, 22270.1, 8823.44
22.397, 22270.9, 8823.64
22.398, 22271.7, 8823.84
22.399, 22272.4, 8824.04
22.4, 22273.2, 8824.24
22.401, 22274, 8824.44
22.402, 22274.8, 8824.65
22.403, 22275.5, 8824.85
22.404, 22276.3, 8825.05
22.405, 22277.1, 8825.25
22.406, 22277.9, 8825.45
22.407, 22278.6, 8825.65
22.408, 22279.4, 8825.85
22.409, 22280.2, 8826.05
22.41, 22281, 8826.25
22.411, 22281.7, 8826.46
22.412, 22282.5, 8826.66
22.413, 22283.3, 8826.86
22.414, 22284.1, 8827.06
22.415, 22284.8, 8827.26
22.416, 22285.6, 8827.46
22.417, 22286.4, 8827.66
22.418, 22287.2, 8827.86
22.419, 22287.9, 8828.06
22.42, 22288.7, 8828.26
22.421, 22289.5, 8828.46
22.422, 22290.2, 8828.67
22.423, 22291, 8828.87
22.424, 22291.8, 8829.07
22.425, 22292.6, 8829.27
22.426, 22293.3, 8829.47
22.427, 22294.1, 8829.67
22.428, 22294.9, 8829.87
22.429, 22295.7, 8830.07
22.43, 22296.4, 8830.27
22.431, 22297.2, 8830.47
22.432, 22298, 8830.67
22.433, 22298.8, 8830.87
22.434, 22299.5, 8831.08
22.435, 22300.3, 8831.28
22.436, 22301.1, 8831.48
22.437, 22301.9, 8831.68
22.438, 22302.6, 8831.88
22.439, 22303.4, 8832.08
22.44, 22304.2, 8832.28
22.441, 22304.9, 8832.48
22.442, 22305.7, 8832.68
22.443, 22306.5, 8832.88
22.444, 22307.3, 8833.08
22.445, 22308, 8833.28
22.446, 22308.8, 8833.48
22.447, 22309.6, 8833.68
22.448, 22310.4, 8833.88
22.449, 22311.1, 8834.09
22.45, 22311.9, 8834.29
22.451, 22312.7, 8834.49
22.452, 22313.5, 8834.69
22.453, 22314.2, 8834.89
22.454, 22315, 8835.09
22.455, 22315.8, 8835.29
22.456, 22316.6, 8835.49
22.457, 22317.3, 8835.69
22.458, 22318.1, 8835.89
22.459, 22318.9, 8836.09
22.46, 22319.6, 8836.29
22.461, 22320.4, 8836.49
22.462, 22321.2, 8836.69
22.463, 22322, 8836.89
22.464, 22322.7, 8837.09
22.465, 22323.5, 8837.29
22.466, 22324.3, 8837.49
22.467, 22325.1, 8837.69
22.468, 22325.8, 8837.89
22.469, 22326.6, 8838.09
22.47, 22327.4, 8838.29
22.471, 22328.2, 8838.49
22.472, 22328.9, 8838.69
22.473, 22329.7, 8838.9
22.474, 22330.5, 8839.1
22.475, 22331.2, 8839.3
22.476, 22332, 8839.5
22.477, 22332.8, 8839.7
22.478, 22333.6, 8839.9
22.479, 22334.3, 8840.1
22.48, 22335.1, 8840.3
22.481, 22335.9, 8840.5
22.482, 22336.7, 8840.7
22.483, 22337.4, 8840.9
22.484, 22338.2, 8841.1
22.485, 22339, 8841.3
22.486, 22339.7, 8841.5
22.487, 22340.5, 8841.7
22.488, 22341.3, 8841.9
22.489, 22342.1, 8842.1
22.49, 22342.8, 8842.3
22.491, 22343.6, 8842.5
22.492, 22344.4, 8842.7
22.493, 22345.2, 8842.9
22.494, 22345.9, 8843.1
22.495, 22346.7, 8843.3
22.496, 22347.5, 8843.5
22.497, 22348.3, 8843.7
22.498, 22349, 8843.9
22.499, 22349.8, 8844.1
22.5, 22350.6, 8844.3
22.501, 22351.3, 8844.5
22.502, 22352.1, 8844.7
22.503, 22352.9, 8844.9
22.504, 22353.7, 8845.1
22.505, 22354.4, 8845.3
22.506, 22355.2, 8845.5
22.507, 22356, 8845.7
22.508, 22356.8, 8845.9
22.509, 22357.5, 8846.1
22.51, 22358.3, 8846.3
22.511, 22359.1, 8846.5
22.512, 22359.8, 8846.7
22.513, 22360.6, 8846.9
22.514, 22361.4, 8847.1
22.515, 22362.2, 8847.3
22.516, 22362.9, 8847.49
22.517, 22363.7, 8847.69
22.518, 22364.5, 8847.89
22.519, 22365.3, 8848.09
22.52, 22366, 8848.29
22.521, 22366.8, 8848.49
22.522, 22367.6, 8848.69
22.523, 22368.3, 8848.89
22.524, 22369.1, 8849.09
22.525, 22369.9, 8849.29
22.526, 22370.7, 8849.49
22.527, 22371.4, 8849.69
22.528, 22372.2, 8849.89
22.529, 22373, 8850.09
22.53, 22373.8, 8850.29
22.531, 22374.5, 8850.49
22.532, 22375.3, 8850.69
22.533, 22376.1, 8850.89
22.534, 22376.8, 8851.09
22.535, 22377.6, 8851.29
22.536, 22378.4, 8851.49
22.537, 22379.2, 8851.69
22.538, 22379.9, 8851.89
22.539, 22380.7, 8852.09
22.54, 22381.5, 8852.28
22.541, 22382.3, 8852.48
22.542, 22383, 8852.68
22.543, 22383.8, 8852.88
22.544, 22384.6, 8853.08
22.545, 22385.3, 8853.28
22.546, 22386.1, 8853.48
22.547, 22386.9, 8853.68
22.548, 22387.7, 8853.88
22.549, 22388.4, 8854.08
22.55, 22389.2, 8854.28
22.551, 22390, 8854.48
22.552, 22390.8, 8854.68
22.553, 22391.5, 8854.88
22.554, 22392.3, 8855.08
22.555, 22393.1, 8855.27
22.556, 22393.8, 8855.47
22.557, 22394.6, 8855.67
22.558, 22395.4, 8855.87
22.559, 22396.2, 8856.07
22.56, 22396.9, 8856.27
22.561, 22397.7, 8856.47
22.562, 22398.5, 8856.67
22.563, 22399.2, 8856.87
22.564, 22400, 8857.07
22.565, 22400.8, 8857.27
22.566, 22401.6, 8857.47
22.567, 22402.3, 8857.66
22.568, 22403.1, 8857.86
22.569, 22403.9, 8858.06
22.57, 22404.7, 8858.26
22.571, 22405.4, 8858.46
22.572, 22406.2, 8858.66
22.573, 22407, 8858.86
22.574, 22407.7, 8859.06
22.575, 22408.5, 8859.26
22.576, 22409.3, 8859.46
22.577, 22410.1, 8859.65
22.578, 22410.8, 8859.85
22.579, 22411.6, 8860.05
22.58, 22412.4, 8860.25
22.581, 22413.1, 8860.45
22.582, 22413.9, 8860.65
22.583, 22414.7, 8860.85
22.584, 22415.5, 8861.05
22.585, 22416.2, 8861.25
22.586, 22417, 8861.44
22.587, 22417.8, 8861.64
22.588, 22418.6, 8861.84
22.589, 22419.3, 8862.04
22.59, 22420.1, 8862.24
22.591, 22420.9, 8862.44
22.592, 22421.6, 8862.64
22.593, 22422.4, 8862.84
22.594, 22423.2, 8863.04
22.595, 22424, 8863.23
22.596, 22424.7, 8863.43
22.597, 22425.5, 8863.63
22.598, 22426.3, 8863.83
22.599, 22427, 8864.03
22.6, 22427.8, 8864.23
22.601, 22428.6, 8864.43
22.602, 22429.4, 8864.63
22.603, 22430.1, 8864.82
22.604, 22430.9, 8865.02
22.605, 22431.7, 8865.22
22.606, 22432.5, 8865.42
22.607, 22433.2, 8865.62
22.608, 22434, 8865.82
22.609, 22434.8, 8866.02
22.61, 22435.5, 8866.21
22.611, 22436.3, 8866.41
22.612, 22437.1, 8866.61
22.613, 22437.9, 8866.81
22.614, 22438.6, 8867.01
22.615, 22439.4, 8867.21
22.616, 22440.2, 8867.41
22.617, 22440.9, 8867.6
22.618, 22441.7, 8867.8
22.619, 22442.5, 8868
22.62, 22443.3, 8868.2
22.621, 22444, 8868.4
22.622, 22444.8, 8868.6
22.623, 22445.6, 8868.79
22.624, 22446.3, 8868.99
22.625, 22447.1, 8869.19
22.626, 22447.9, 8869.39
22.627, 22448.7, 8869.59
22.628, 22449.4, 8869.79
22.629, 22450.2, 8869.98
22.63, 22451, 8870.18
22.631, 22451.7, 8870.38
22.632, 22452.5, 8870.58
22.633, 22453.3, 8870.78
22.634, 22454.1, 8870.98
22.635, 22454.8, 8871.17
22.636, 22455.6, 8871.37
22.637, 22456.4, 8871.57
22.638, 22457.1, 8871.77
22.639, 22457.9, 8871.97
22.64, 22458.7, 8872.17
22.641, 22459.5, 8872.36
22.642, 22460.2, 8872.56
22.643, 22461, 8872.76
22.644, 22461.8, 8872.96
22.645, 22462.5, 8873.16
22.646, 22463.3, 8873.35
22.647, 22464.1, 8873.55
22.648, 22464.9, 8873.75
22.649, 22465.6, 8873.95
22.65, 22466.4, 8874.15
22.651, 22467.2, 8874.34
22.652, 22467.9, 8874.54
22.653, 22468.7, 8874.74
22.654, 22469.5, 8874.94
22.655, 22470.3, 8875.14
22.656, 22471, 8875.33
22.657, 22471.8, 8875.53
22.658, 22472.6, 8875.73
22.659, 22473.3, 8875.93
22.66, 22474.1, 8876.13
22.661, 22474.9, 8876.32
22.662, 22475.7, 8876.52
22.663, 22476.4, 8876.72
22.664, 22477.2, 8876.92
22.665, 22478, 8877.12
22.666, 22478.7, 8877.31
22.667, 22479.5, 8877.51
22.668, 22480.3, 8877.71
22.669, 22481.1, 8877.91
22.67, 22481.8, 8878.11
22.671, 22482.6, 8878.3
22.672, 22483.4, 8878.5
22.673, 22484.1, 8878.7
22.674, 22484.9, 8878.9
22.675, 22485.7, 8879.09
22.676, 22486.5, 8879.29
22.677, 22487.2, 8879.49
22.678, 22488, 8879.69
22.679, 22488.8, 8879.88
22.68, 22489.5, 8880.08
22.681, 22490.3, 8880.28
22.682, 22491.1, 8880.48
22.683, 22491.9, 8880.68
22.684, 22492.6, 8880.87
22.685, 22493.4, 8881.07
22.686, 22494.2, 8881.27
22.687, 22494.9, 8881.47
22.688, 22495.7, 8881.66
22.689, 22496.5, 8881.86
22.69, 22497.3, 8882.06
22.691, 22498, 8882.26
22.692, 22498.8, 8882.45
22.693, 22499.6, 8882.65
22.694, 22500.3, 8882.85
22.695, 22501.1, 8883.05
22.696, 22501.9, 8883.24
22.697, 22502.7, 8883.44
22.698, 22503.4, 8883.64
22.699, 22504.2, 8883.84
22.7, 22505, 8884.03
22.701, 22505.7, 8884.23
22.702, 22506.5, 8884.43
22.703, 22507.3, 8884.63
22.704, 22508, 8884.82
22.705, 22508.8, 8885.02
22.706, 22509.6, 8885.22
22.707, 22510.4, 8885.42
22.708, 22511.1, 8885.61
22.709, 22511.9, 8885.81
22.71, 22512.7, 8886.01
22.711, 22513.4, 8886.2
22.712, 22514.2, 8886.4
22.713, 22515, 8886.6
22.714, 22515.8, 8886.8
22.715, 22516.5, 8886.99
22.716, 22517.3, 8887.19
22.717, 22518.1, 8887.39
22.718, 22518.8, 8887.59
22.719, 22519.6, 8887.78
22.72, 22520.4, 8887.98
22.721, 22521.2, 8888.18
22.722, 22521.9, 8888.37
22.723, 22522.7, 8888.57
22.724, 22523.5, 8888.77
22.725, 22524.2, 8888.97
22.726, 22525, 8889.16
22.727, 22525.8, 8889.36
22.728, 22526.5, 8889.56
22.729, 22527.3, 8889.75
22.73, 22528.1, 8889.95
22.731, 22528.9, 8890.15
22.732, 22529.6, 8890.35
22.733, 22530.4, 8890.54
22.734, 22531.2, 8890.74
22.735, 22531.9, 8890.94
22.736, 22532.7, 8891.13
22.737, 22533.5, 8891.33
22.738, 22534.3, 8891.53
22.739, 22535, 8891.72
22.74, 22535.8, 8891.92
22.741, 22536.6, 8892.12
22.742, 22537.3, 8892.32
22.743, 22538.1, 8892.51
22.744, 22538.9, 8892.71
22.745, 22539.6, 8892.91
22.746, 22540.4, 8893.1
22.747, 22541.2, 8893.3
22.748, 22542, 8893.5
22.749, 22542.7, 8893.69
22.75, 22543.5, 8893.89
22.751, 22544.3, 8894.09
22.752, 22545, 8894.28
22.753, 22545.8, 8894.48
22.754, 22546.6, 8894.68
22.755, 22547.4, 8894.87
22.756, 22548.1, 8895.07
22.757, 22548.9, 8895.27
22.758, 22549.7, 8895.46
22.759, 22550.4, 8895.66
22.76, 22551.2, 8895.86
22.761, 22552, 8896.05
22.762, 22552.7, 8896.25
22.763, 22553.5, 8896.45
22.764, 22554.3, 8896.64
22.765, 22555.1, 8896.84
22.766, 22555.8, 8897.04
22.767, 22556.6, 8897.23
22.768, 22557.4, 8897.43
22.769, 22558.1, 8897.63
22.77, 22558.9, 8897.82
22.771, 22559.7, 8898.02
22.772, 22560.4, 8898.22
22.773, 22561.2, 8898.41
22.774, 22562, 8898.61
22.775, 22562.8, 8898.81
22.776, 22563.5, 8899
22.777, 22564.3, 8899.2
22.778, 22565.1, 8899.4
22.779, 22565.8, 8899.59
22.78, 22566.6, 8899.79
22.781, 22567.4, 8899.99
22.782, 22568.1, 8900.18
22.783, 22568.9, 8900.38
22.784, 22569.7, 8900.58
22.785, 22570.5, 8900.77
22.786, 22571.2, 8900.97
22.787, 22572, 8901.16
22.788, 22572.8, 8901.36
22.789, 22573.5, 8901.56
22.79, 22574.3, 8901.75
22.791, 22575.1, 8901.95
22.792, 22575.9, 8902.15
22.793, 22576.6, 8902.34
22.794, 22577.4, 8902.54
22.795, 22578.2, 8902.74
22.796, 22578.9, 8902.93
22.797, 22579.7, 8903.13
22.798, 22580.5, 8903.32
22.799, 22581.2, 8903.52
22.8, 22582, 8903.72
22.801, 22582.8, 8903.91
22.802, 22583.6, 8904.11
22.803, 22584.3, 8904.3
22.804, 22585.1, 8904.5
22.805, 22585.9, 8904.7
22.806, 22586.6, 8904.89
22.807, 22587.4, 8905.09
22.808, 22588.2, 8905.29
22.809, 22588.9, 8905.48
22.81, 22589.7, 8905.68
22.811, 22590.5, 8905.87
22.812, 22591.2, 8906.07
22.813, 22592, 8906.27
22.814, 22592.8, 8906.46
22.815, 22593.6, 8906.66
22.816, 22594.3, 8906.85
22.817, 22595.1, 8907.05
22.818, 22595.9, 8907.25
22.819, 22596.6, 8907.44
22.82, 22597.4, 8907.64
22.821, 22598.2, 8907.83
22.822, 22598.9, 8908.03
22.823, 22599.7, 8908.23
22.824, 22600.5, 8908.42
22.825, 22601.3, 8908.62
22.826, 22602, 8908.81
22.827, 22602.8, 8909.01
22.828, 22603.6, 8909.21
22.829, 22604.3, 8909.4
22.83, 22605.1, 8909.6
22.831, 22605.9, 8909.79
22.832, 22606.6, 8909.99
22.833, 22607.4, 8910.18
22.834, 22608.2, 8910.38
22.835, 22609, 8910.58
22.836, 22609.7, 8910.77
22.837, 22610.5, 8910.97
22.838, 22611.3, 8911.16
22.839, 22612, 8911.36
22.84, 22612.8, 8911.55
22.841, 22613.6, 8911.75
22.842, 22614.3, 8911.95
22.843, 22615.1, 8912.14
22.844, 22615.9, 8912.34
22.845, 22616.6, 8912.53
22.846, 22617.4, 8912.73
22.847, 22618.2, 8912.92
22.848, 22619, 8913.12
22.849, 22619.7, 8913.32
22.85, 22620.5, 8913.51
22.851, 22621.3, 8913.71
22.852, 22622, 8913.9
22.853, 22622.8, 8914.1
22.854, 22623.6, 8914.29
22.855, 22624.3, 8914.49
22.856, 22625.1, 8914.68
22.857, 22625.9, 8914.88
22.858, 22626.7, 8915.08
22.859, 22627.4, 8915.27
22.86, 22628.2, 8915.47
22.861, 22629, 8915.66
22.862, 22629.7, 8915.86
22.863, 22630.5, 8916.05
22.864, 22631.3, 8916.25
22.865, 22632, 8916.44
22.866, 22632.8, 8916.64
22.867, 22633.6, 8916.83
22.868, 22634.3, 8917.03
22.869, 22635.1, 8917.23
22.87, 22635.9, 8917.42
22.871, 22636.7, 8917.62
22.872, 22637.4, 8917.81
22.873, 22638.2, 8918.01
22.874, 22639, 8918.2
22.875, 22639.7, 8918.4
22.876, 22640.5, 8918.59
22.877, 22641.3, 8918.79
22.878, 22642, 8918.98
22.879, 22642.8, 8919.18
22.88, 22643.6, 8919.37
22.881, 22644.3, 8919.57
22.882, 22645.1, 8919.76
22.883, 22645.9, 8919.96
22.884, 22646.7, 8920.15
22.885, 22647.4, 8920.35
22.886, 22648.2, 8920.54
22.887, 22649, 8920.74
22.888, 22649.7, 8920.93
22.889, 22650.5, 8921.13
22.89, 22651.3, 8921.32
22.891, 22652, 8921.52
22.892, 22652.8, 8921.71
22.893, 22653.6, 8921.91
22.894, 22654.3, 8922.11
22.895, 22655.1, 8922.3
22.896, 22655.9, 8922.5
22.897, 22656.6, 8922.69
22.898, 22657.4, 8922.89
22.899, 22658.2, 8923.08
22.9, 22659, 8923.28
22.901, 22659.7, 8923.47
22.902, 22660.5, 8923.67
22.903, 22661.3, 8923.86
22.904, 22662, 8924.05
22.905, 22662.8, 8924.25
22.906, 22663.6, 8924.44
22.907, 22664.3, 8924.64
22.908, 22665.1, 8924.83
22.909, 22665.9, 8925.03
22.91, 22666.6, 8925.22
22.911, 22667.4, 8925.42
22.912, 22668.2, 8925.61
22.913, 22669, 8925.81
22.914, 22669.7, 8926
22.915, 22670.5, 8926.2
22.916, 22671.3, 8926.39
22.917, 22672, 8926.59
22.918, 22672.8, 8926.78
22.919, 22673.6, 8926.98
22.92, 22674.3, 8927.17
22.921, 22675.1, 8927.37
22.922, 22675.9, 8927.56
22.923, 22676.6, 8927.76
22.924, 22677.4, 8927.95
22.925, 22678.2, 8928.15
22.926, 22678.9, 8928.34
22.927, 22679.7, 8928.53
22.928, 22680.5, 8928.73
22.929, 22681.3, 8928.92
22.93, 22682, 8929.12
22.931, 22682.8, 8929.31
22.932, 22683.6, 8929.51
22.933, 22684.3, 8929.7
22.934, 22685.1, 8929.9
22.935, 22685.9, 8930.09
22.936, 22686.6, 8930.29
22.937, 22687.4, 8930.48
22.938, 22688.2, 8930.68
22.939, 22688.9, 8930.87
22.94, 22689.7, 8931.06
22.941, 22690.5, 8931.26
22.942, 22691.2, 8931.45
22.943, 22692, 8931.65
22.944, 22692.8, 8931.84
22.945, 22693.5, 8932.04
22.946, 22694.3, 8932.23
22.947, 22695.1, 8932.43
22.948, 22695.9, 8932.62
22.949, 22696.6, 8932.81
22.95, 22697.4, 8933.01
22.951, 22698.2, 8933.2
22.952, 22698.9, 8933.4
22.953, 22699.7, 8933.59
22.954, 22700.5, 8933.79
22.955, 22701.2, 8933.98
22.956, 22702, 8934.17
22.957, 22702.8, 8934.37
22.958, 22703.5, 8934.56
22.959, 22704.3, 8934.76
22.96, 22705.1, 8934.95
22.961, 22705.8, 8935.15
22.962, 22706.6, 8935.34
22.963, 22707.4, 8935.53
22.964, 22708.1, 8935.73
22.965, 22708.9, 8935.92
22.966, 22709.7, 8936.12
22.967, 22710.5, 8936.31
22.968, 22711.2, 8936.5
22.969, 22712, 8936.7
22.97, 22712.8, 8936.89
22.971, 22713.5, 8937.09
22.972, 22714.3, 8937.28
22.973, 22715.1, 8937.48
22.974, 22715.8, 8937.67
22.975, 22716.6, 8937.86
22.976, 22717.4, 8938.06
22.977, 22718.1, 8938.25
22.978, 22718.9, 8938.45
22.979, 22719.7, 8938.64
22.98, 22720.4, 8938.83
22.981, 22721.2, 8939.03
22.982, 22722, 8939.22
22.983, 22722.7, 8939.42
22.984, 22723.5, 8939.61
22.985, 22724.3, 8939.8
22.986, 22725.1, 8940
22.987, 22725.8, 8940.19
22.988, 22726.6, 8940.39
22.989, 22727.4, 8940.58
22.99, 22728.1, 8940.77
22.991, 22728.9, 8940.97
22.992, 22729.7, 8941.16
22.993, 22730.4, 8941.35
22.994, 22731.2, 8941.55
22.995, 22732, 8941.74
22.996, 22732.7, 8941.94
22.997, 22733.5, 8942.13
22.998, 22734.3, 8942.32
22.999, 22735, 8942.52
23, 22735.8, 8942.71
23.001, 22736.6, 8942.9
23.002, 22737.3, 8943.1
23.003, 22738.1, 8943.29
23.004, 22738.9, 8943.49
23.005, 22739.6, 8943.68
23.006, 22740.4, 8943.87
23.007, 22741.2, 8944.07
23.008, 22741.9, 8944.26
23.009, 22742.7, 8944.45
23.01, 22743.5, 8944.65
23.011, 22744.2, 8944.84
23.012, 22745, 8945.03
23.013, 22745.8, 8945.23
23.014, 22746.6, 8945.42
23.015, 22747.3, 8945.62
23.016, 22748.1, 8945.81
23.017, 22748.9, 8946
23.018, 22749.6, 8946.2
23.019, 22750.4, 8946.39
23.02, 22751.2, 8946.58
23.021, 22751.9, 8946.78
23.022, 22752.7, 8946.97
23.023, 22753.5, 8947.16
23.024, 22754.2, 8947.36
23.025, 22755, 8947.55
23.026, 22755.8, 8947.74
23.027, 22756.5, 8947.94
23.028, 22757.3, 8948.13
23.029, 22758.1, 8948.32
23.03, 22758.8, 8948.52
23.031, 22759.6, 8948.71
23.032, 22760.4, 8948.9
23.033, 22761.1, 8949.1
23.034, 22761.9, 8949.29
23.035, 22762.7, 8949.48
23.036, 22763.4, 8949.68
23.037, 22764.2, 8949.87
23.038, 22765, 8950.06
23.039, 22765.7, 8950.26
23.04, 22766.5, 8950.45
23.041, 22767.3, 8950.64
23.042, 22768, 8950.84
23.043, 22768.8, 8951.03
23.044, 22769.6, 8951.22
23.045, 22770.4, 8951.42
23.046, 22771.1, 8951.61
23.047, 22771.9, 8951.8
23.048, 22772.7, 8952
23.049, 22773.4, 8952.19
23.05, 22774.2, 8952.38
23.051, 22775, 8952.58
23.052, 22775.7, 8952.77
23.053, 22776.5, 8952.96
23.054, 22777.3, 8953.15
23.055, 22778, 8953.35
23.056, 22778.8, 8953.54
23.057, 22779.6, 8953.73
23.058, 22780.3, 8953.93
23.059, 22781.1, 8954.12
23.06, 22781.9, 8954.31
23.061, 22782.6, 8954.51
23.062, 22783.4, 8954.7
23.063, 22784.2, 8954.89
23.064, 22784.9, 8955.09
23.065, 22785.7, 8955.28
23.066, 22786.5, 8955.47
23.067, 22787.2, 8955.66
23.068, 22788, 8955.86
23.069, 22788.8, 8956.05
23.07, 22789.5, 8956.24
23.071, 22790.3, 8956.44
23.072, 22791.1, 8956.63
23.073, 22791.8, 8956.82
23.074, 22792.6, 8957.01
23.075, 22793.4, 8957.21
23.076, 22794.1, 8957.4
23.077, 22794.9, 8957.59
23.078, 22795.7, 8957.79
23.079, 22796.4, 8957.98
23.08, 22797.2, 8958.17
23.081, 22798, 8958.36
23.082, 22798.7, 8958.56
23.083, 22799.5, 8958.75
23.084, 22800.3, 8958.94
23.085, 22801, 8959.13
23.086, 22801.8, 8959.33
23.087, 22802.6, 8959.52
23.088, 22803.3, 8959.71
23.089, 22804.1, 8959.91
23.09, 22804.9, 8960.1
23.091, 22805.6, 8960.29
23.092, 22806.4, 8960.48
23.093, 22807.2, 8960.68
23.094, 22807.9, 8960.87
23.095, 22808.7, 8961.06
23.096, 22809.5, 8961.25
23.097, 22810.2, 8961.45
23.098, 22811, 8961.64
23.099, 22811.8, 8961.83
23.1, 22812.6, 8962.02
23.101, 22813.3, 8962.22
23.102, 22814.1, 8962.41
23.103, 22814.9, 8962.6
23.104, 22815.6, 8962.79
23.105, 22816.4, 8962.99
23.106, 22817.2, 8963.18
23.107, 22817.9, 8963.37
23.108, 22818.7, 8963.56
23.109, 22819.5, 8963.76
23.11, 22820.2, 8963.95
23.111, 22821, 8964.14
23.112, 22821.8, 8964.33
23.113, 22822.5, 8964.53
23.114, 22823.3, 8964.72
23.115, 22824.1, 8964.91
23.116, 22824.8, 8965.1
23.117, 22825.6, 8965.29
23.118, 22826.4, 8965.49
23.119, 22827.1, 8965.68
23.12, 22827.9, 8965.87
23.121, 22828.7, 8966.06
23.122, 22829.4, 8966.26
23.123, 22830.2, 8966.45
23.124, 22831, 8966.64
23.125, 22831.7, 8966.83
23.126, 22832.5, 8967.02
23.127, 22833.3, 8967.22
23.128, 22834, 8967.41
23.129, 22834.8, 8967.6
23.13, 22835.6, 8967.79
23.131, 22836.3, 8967.99
23.132, 22837.1, 8968.18
23.133, 22837.9, 8968.37
23.134, 22838.6, 8968.56
23.135, 22839.4, 8968.75
23.136, 22840.2, 8968.95
23.137, 22840.9, 8969.14
23.138, 22841.7, 8969.33
23.139, 22842.5, 8969.52
23.14, 22843.2, 8969.71
23.141, 22844, 8969.91
23.142, 22844.8, 8970.1
23.143, 22845.5, 8970.29
23.144, 22846.3, 8970.48
23.145, 22847.1, 8970.67
23.146, 22847.8, 8970.87
23.147, 22848.6, 8971.06
23.148, 22849.4, 8971.25
23.149, 22850.1, 8971.44
23.15, 22850.9, 8971.63
23.151, 22851.7, 8971.83
23.152, 22852.4, 8972.02
23.153, 22853.2, 8972.21
23.154, 22854, 8972.4
23.155, 22854.7, 8972.59
23.156, 22855.5, 8972.78
23.157, 22856.3, 8972.98
23.158, 22857, 8973.17
23.159, 22857.8, 8973.36
23.16, 22858.6, 8973.55
23.161, 22859.3, 8973.74
23.162, 22860.1, 8973.94
23.163, 22860.9, 8974.13
23.164, 22861.6, 8974.32
23.165, 22862.4, 8974.51
23.166, 22863.2, 8974.7
23.167, 22863.9, 8974.89
23.168, 22864.7, 8975.09
23.169, 22865.4, 8975.28
23.17, 22866.2, 8975.47
23.171, 22867, 8975.66
23.172, 22867.7, 8975.85
23.173, 22868.5, 8976.04
23.174, 22869.3, 8976.24
23.175, 22870, 8976.43
23.176, 22870.8, 8976.62
23.177, 22871.6, 8976.81
23.178, 22872.3, 8977
23.179, 22873.1, 8977.19
23.18, 22873.9, 8977.39
23.181, 22874.6, 8977.58
23.182, 22875.4, 8977.77
23.183, 22876.2, 8977.96
23.184, 22876.9, 8978.15
23.185, 22877.7, 8978.34
23.186, 22878.5, 8978.53
23.187, 22879.2, 8978.73
23.188, 22880, 8978.92
23.189, 22880.8, 8979.11
23.19, 22881.5, 8979.3
23.191, 22882.3, 8979.49
23.192, 22883.1, 8979.68
23.193, 22883.8, 8979.87
23.194, 22884.6, 8980.07
23.195, 22885.4, 8980.26
23.196, 22886.1, 8980.45
23.197, 22886.9, 8980.64
23.198, 22887.7, 8980.83
23.199, 22888.4, 8981.02
23.2, 22889.2, 8981.21
23.201, 22890, 8981.4
23.202, 22890.7, 8981.6
23.203, 22891.5, 8981.79
23.204, 22892.3, 8981.98
23.205, 22893, 8982.17
23.206, 22893.8, 8982.36
23.207, 22894.6, 8982.55
23.208, 22895.3, 8982.74
23.209, 22896.1, 8982.93
23.21, 22896.9, 8983.13
23.211, 22897.6, 8983.32
23.212, 22898.4, 8983.51
23.213, 22899.2, 8983.7
23.214, 22899.9, 8983.89
23.215, 22900.7, 8984.08
23.216, 22901.5, 8984.27
23.217, 22902.2, 8984.46
23.218, 22903, 8984.65
23.219, 22903.8, 8984.85
23.22, 22904.5, 8985.04
23.221, 22905.3, 8985.23
23.222, 22906.1, 8985.42
23.223, 22906.8, 8985.61
23.224, 22907.6, 8985.8
23.225, 22908.3, 8985.99
23.226, 22909.1, 8986.18
23.227, 22909.9, 8986.37
23.228, 22910.6, 8986.56
23.229, 22911.4, 8986.76
23.23, 22912.2, 8986.95
23.231, 22912.9, 8987.14
23.232, 22913.7, 8987.33
23.233, 22914.5, 8987.52
23.234, 22915.2, 8987.71
23.235, 22916, 8987.9
23.236, 22916.8, 8988.09
23.237, 22917.5, 8988.28
23.238, 22918.3, 8988.47
23.239, 22919.1, 8988.66
23.24, 22919.8, 8988.86
23.241, 22920.6, 8989.05
23.242, 22921.4, 8989.24
23.243, 22922.1, 8989.43
23.244, 22922.9, 8989.62
23.245, 22923.7, 8989.81
23.246, 22924.4, 8990
23.247, 22925.2, 8990.19
23.248, 22926, 8990.38
23.249, 22926.7, 8990.57
23.25, 22927.5, 8990.76
23.251, 22928.3, 8990.95
23.252, 22929, 8991.14
23.253, 22929.8, 8991.33
23.254, 22930.6, 8991.53
23.255, 22931.3, 8991.72
23.256, 22932.1, 8991.91
23.257, 22932.8, 8992.1
23.258, 22933.6, 8992.29
23.259, 22934.4, 8992.48
23.26, 22935.1, 8992.67
23.261, 22935.9, 8992.86
23.262, 22936.7, 8993.05
23.263, 22937.4, 8993.24
23.264, 22938.2, 8993.43
23.265, 22939, 8993.62
23.266, 22939.7, 8993.81
23.267, 22940.5, 8994
23.268, 22941.3, 8994.19
23.269, 22942, 8994.38
23.27, 22942.8, 8994.57
23.271, 22943.6, 8994.76
23.272, 22944.3, 8994.95
23.273, 22945.1, 8995.14
23.274, 22945.9, 8995.34
23.275, 22946.6, 8995.53
23.276, 22947.4, 8995.72
23.277, 22948.2, 8995.91
23.278, 22948.9, 8996.1
23.279, 22949.7, 8996.29
23.28, 22950.4, 8996.48
23.281, 22951.2, 8996.67
23.282, 22952, 8996.86
23.283, 22952.7, 8997.05
23.284, 22953.5, 8997.24
23.285, 22954.3, 8997.43
23.286, 22955, 8997.62
23.287, 22955.8, 8997.81
23.288, 22956.6, 8998
23.289, 22957.3, 8998.19
23.29, 22958.1, 8998.38
23.291, 22958.9, 8998.57
23.292, 22959.6, 8998.76
23.293, 22960.4, 8998.95
23.294, 22961.2, 8999.14
23.295, 22961.9, 8999.33
23.296, 22962.7, 8999.52
23.297, 22963.5, 8999.71
23.298, 22964.2, 8999.9
23.299, 22965, 9000.09
23.3, 22965.8, 9000.28
23.301, 22966.5, 9000.47
23.302, 22967.3, 9000.66
23.303, 22968, 9000.85
23.304, 22968.8, 9001.04
23.305, 22969.6, 9001.23
23.306, 22970.3, 9001.42
23.307, 22971.1, 9001.61
23.308, 22971.9, 9001.8
23.309, 22972.6, 9001.99
23.31, 22973.4, 9002.18
23.311, 22974.2, 9002.37
23.312, 22974.9, 9002.56
23.313, 22975.7, 9002.75
23.314, 22976.5, 9002.94
23.315, 22977.2, 9003.13
23.316, 22978, 9003.32
23.317, 22978.8, 9003.51
23.318, 22979.5, 9003.7
23.319, 22980.3, 9003.89
23.32, 22981.1, 9004.08
23.321, 22981.8, 9004.27
23.322, 22982.6, 9004.46
23.323, 22983.3, 9004.65
23.324, 22984.1, 9004.84
23.325, 22984.9, 9005.03
23.326, 22985.6, 9005.22
23.327, 22986.4, 9005.41
23.328, 22987.2, 9005.6
23.329, 22987.9, 9005.79
23.33, 22988.7, 9005.98
23.331, 22989.5, 9006.17
23.332, 22990.2, 9006.36
23.333, 22991, 9006.55
23.334, 22991.8, 9006.74
23.335, 22992.5, 9006.93
23.336, 22993.3, 9007.12
23.337, 22994.1, 9007.3
23.338, 22994.8, 9007.49
23.339, 22995.6, 9007.68
23.34, 22996.3, 9007.87
23.341, 22997.1, 9008.06
23.342, 22997.9, 9008.25
23.343, 22998.6, 9008.44
23.344, 22999.4, 9008.63
23.345, 23000.2, 9008.82
23.346, 23000.9, 9009.01
23.347, 23001.7, 9009.2
23.348, 23002.5, 9009.39
23.349, 23003.2, 9009.58
23.35, 23004, 9009.77
23.351, 23004.8, 9009.96
23.352, 23005.5, 9010.15
23.353, 23006.3, 9010.34
23.354, 23007, 9010.53
23.355, 23007.8, 9010.72
23.356, 23008.6, 9010.91
23.357, 23009.3, 9011.09
23.358, 23010.1, 9011.28
23.359, 23010.9, 9011.47
23.36, 23011.6, 9011.66
23.361, 23012.4, 9011.85
23.362, 23013.2, 9012.04
23.363, 23013.9, 9012.23
23.364, 23014.7, 9012.42
23.365, 23015.5, 9012.61
23.366, 23016.2, 9012.8
23.367, 23017, 9012.99
23.368, 23017.8, 9013.18
23.369, 23018.5, 9013.37
23.37, 23019.3, 9013.56
23.371, 23020, 9013.74
23.372, 23020.8, 9013.93
23.373, 23021.6, 9014.12
23.374, 23022.3, 9014.31
23.375, 23023.1, 9014.5
23.376, 23023.9, 9014.69
23.377, 23024.6, 9014.88
23.378, 23025.4, 9015.07
23.379, 23026.2, 9015.26
23.38, 23026.9, 9015.45
23.381, 23027.7, 9015.64
23.382, 23028.5, 9015.83
23.383, 23029.2, 9016.01
23.384, 23030, 9016.2
23.385, 23030.7, 9016.39
23.386, 23031.5, 9016.58
23.387, 23032.3, 9016.77
23.388, 23033, 9016.96
23.389, 23033.8, 9017.15
23.39, 23034.6, 9017.34
23.391, 23035.3, 9017.53
23.392, 23036.1, 9017.72
23.393, 23036.9, 9017.9
23.394, 23037.6, 9018.09
23.395, 23038.4, 9018.28
23.396, 23039.2, 9018.47
23.397, 23039.9, 9018.66
23.398, 23040.7, 9018.85
23.399, 23041.4, 9019.04
23.4, 23042.2, 9019.23
23.401, 23043, 9019.42
23.402, 23043.7, 9019.6
23.403, 23044.5, 9019.79
23.404, 23045.3, 9019.98
23.405, 23046, 9020.17
23.406, 23046.8, 9020.36
23.407, 23047.6, 9020.55
23.408, 23048.3, 9020.74
23.409, 23049.1, 9020.93
23.41, 23049.8, 9021.11
23.411, 23050.6, 9021.3
23.412, 23051.4, 9021.49
23.413, 23052.1, 9021.68
23.414, 23052.9, 9021.87
23.415, 23053.7, 9022.06
23.416, 23054.4, 9022.25
23.417, 23055.2, 9022.43
23.418, 23056, 9022.62
23.419, 23056.7, 9022.81
23.42, 23057.5, 9023
23.421, 23058.3, 9023.19
23.422, 23059, 9023.38
23.423, 23059.8, 9023.57
23.424, 23060.5, 9023.75
23.425, 23061.3, 9023.94
23.426, 23062.1, 9024.13
23.427, 23062.8, 9024.32
23.428, 23063.6, 9024.51
23.429, 23064.4, 9024.7
23.43, 23065.1, 9024.89
23.431, 23065.9, 9025.07
23.432, 23066.7, 9025.26
23.433, 23067.4, 9025.45
23.434, 23068.2, 9025.64
23.435, 23068.9, 9025.83
23.436, 23069.7, 9026.02
23.437, 23070.5, 9026.21
23.438, 23071.2, 9026.39
23.439, 23072, 9026.58
23.44, 23072.8, 9026.77
23.441, 23073.5, 9026.96
23.442, 23074.3, 9027.15
23.443, 23075.1, 9027.34
23.444, 23075.8, 9027.52
23.445, 23076.6, 9027.71
23.446, 23077.3, 9027.9
23.447, 23078.1, 9028.09
23.448, 23078.9, 9028.28
23.449, 23079.6, 9028.46
23.45, 23080.4, 9028.65
23.451, 23081.2, 9028.84
23.452, 23081.9, 9029.03
23.453, 23082.7, 9029.22
23.454, 23083.5, 9029.41
23.455, 23084.2, 9029.59
23.456, 23085, 9029.78
23.457, 23085.7, 9029.97
23.458, 23086.5, 9030.16
23.459, 23087.3, 9030.35
23.46, 23088, 9030.53
23.461, 23088.8, 9030.72
23.462, 23089.6, 9030.91
23.463, 23090.3, 9031.1
23.464, 23091.1, 9031.29
23.465, 23091.9, 9031.48
23.466, 23092.6, 9031.66
23.467, 23093.4, 9031.85
23.468, 23094.1, 9032.04
23.469, 23094.9, 9032.23
23.47, 23095.7, 9032.42
23.471, 23096.4, 9032.6
23.472, 23097.2, 9032.79
23.473, 23098, 9032.98
23.474, 23098.7, 9033.17
23.475, 23099.5, 9033.36
23.476, 23100.2, 9033.54
23.477, 23101, 9033.73
23.478, 23101.8, 9033.92
23.479, 23102.5, 9034.11
23.48, 23103.3, 9034.29
23.481, 23104.1, 9034.48
23.482, 23104.8, 9034.67
23.483, 23105.6, 9034.86
23.484, 23106.4, 9035.05
23.485, 23107.1, 9035.23
23.486, 23107.9, 9035.42
23.487, 23108.6, 9035.61
23.488, 23109.4, 9035.8
23.489, 23110.2, 9035.98
23.49, 23110.9, 9036.17
23.491, 23111.7, 9036.36
23.492, 23112.5, 9036.55
23.493, 23113.2, 9036.74
23.494, 23114, 9036.92
23.495, 23114.7, 9037.11
23.496, 23115.5, 9037.3
23.497, 23116.3, 9037.49
23.498, 23117, 9037.67
23.499, 23117.8, 9037.86
23.5, 23118.6, 9038.05
23.501, 23119.3, 9038.24
23.502, 23120.1, 9038.42
23.503, 23120.9, 9038.61
23.504, 23121.6, 9038.8
23.505, 23122.4, 9038.99
23.506, 23123.1, 9039.18
23.507, 23123.9, 9039.36
23.508, 23124.7, 9039.55
23.509, 23125.4, 9039.74
23.51, 23126.2, 9039.93
23.511, 23127, 9040.11
23.512, 23127.7, 9040.3
23.513, 23128.5, 9040.49
23.514, 23129.2, 9040.68
23.515, 23130, 9040.86
23.516, 23130.8, 9041.05
23.517, 23131.5, 9041.24
23.518, 23132.3, 9041.42
23.519, 23133.1, 9041.61
23.52, 23133.8, 9041.8
23.521, 23134.6, 9041.99
23.522, 23135.4, 9042.17
23.523, 23136.1, 9042.36
23.524, 23136.9, 9042.55
23.525, 23137.6, 9042.74
23.526, 23138.4, 9042.92
23.527, 23139.2, 9043.11
23.528, 23139.9, 9043.3
23.529, 23140.7, 9043.49
23.53, 23141.5, 9043.67
23.531, 23142.2, 9043.86
23.532, 23143, 9044.05
23.533, 23143.7, 9044.23
23.534, 23144.5, 9044.42
23.535, 23145.3, 9044.61
23.536, 23146, 9044.8
23.537, 23146.8, 9044.98
23.538, 23147.6, 9045.17
23.539, 23148.3, 9045.36
23.54, 23149.1, 9045.54
23.541, 23149.8, 9045.73
23.542, 23150.6, 9045.92
23.543, 23151.4, 9046.11
23.544, 23152.1, 9046.29
23.545, 23152.9, 9046.48
23.546, 23153.7, 9046.67
23.547, 23154.4, 9046.85
23.548, 23155.2, 9047.04
23.549, 23155.9, 9047.23
23.55, 23156.7, 9047.42
23.551, 23157.5, 9047.6
23.552, 23158.2, 9047.79
23.553, 23159, 9047.98
23.554, 23159.8, 9048.16
23.555, 23160.5, 9048.35
23.556, 23161.3, 9048.54
23.557, 23162, 9048.72
23.558, 23162.8, 9048.91
23.559, 23163.6, 9049.1
23.56, 23164.3, 9049.29
23.561, 23165.1, 9049.47
23.562, 23165.9, 9049.66
23.563, 23166.6, 9049.85
23.564, 23167.4, 9050.03
23.565, 23168.1, 9050.22
23.566, 23168.9, 9050.41
23.567, 23169.7, 9050.59
23.568, 23170.4, 9050.78
23.569, 23171.2, 9050.97
23.57, 23172, 9051.15
23.571, 23172.7, 9051.34
23.572, 23173.5, 9051.53
23.573, 23174.2, 9051.71
23.574, 23175, 9051.9
23.575, 23175.8, 9052.09
23.576, 23176.5, 9052.27
23.577, 23177.3, 9052.46
23.578, 23178.1, 9052.65
23.579, 23178.8, 9052.83
23.58, 23179.6, 9053.02
23.581, 23180.3, 9053.21
23.582, 23181.1, 9053.39
23.583, 23181.9, 9053.58
23.584, 23182.6, 9053.77
23.585, 23183.4, 9053.95
23.586, 23184.2, 9054.14
23.587, 23184.9, 9054.33
23.588, 23185.7, 9054.51
23.589, 23186.4, 9054.7
23.59, 23187.2, 9054.89
23.591, 23188, 9055.07
23.592, 23188.7, 9055.26
23.593, 23189.5, 9055.45
23.594, 23190.3, 9055.63
23.595, 23191, 9055.82
23.596, 23191.8, 9056.01
23.597, 23192.5, 9056.19
23.598, 23193.3, 9056.38
23.599, 23194.1, 9056.56
23.6, 23194.8, 9056.75
23.601, 23195.6, 9056.94
23.602, 23196.4, 9057.12
23.603, 23197.1, 9057.31
23.604, 23197.9, 9057.5
23.605, 23198.6, 9057.68
23.606, 23199.4, 9057.87
23.607, 23200.2, 9058.06
23.608, 23200.9, 9058.24
23.609, 23201.7, 9058.43
23.61, 23202.4, 9058.61
23.611, 23203.2, 9058.8
23.612, 23204, 9058.99
23.613, 23204.7, 9059.17
23.614, 23205.5, 9059.36
23.615, 23206.3, 9059.55
23.616, 23207, 9059.73
23.617, 23207.8, 9059.92
23.618, 23208.5, 9060.1
23.619, 23209.3, 9060.29
23.62, 23210.1, 9060.48
23.621, 23210.8, 9060.66
23.622, 23211.6, 9060.85
23.623, 23212.4, 9061.04
23.624, 23213.1, 9061.22
23.625, 23213.9, 9061.41
23.626, 23214.6, 9061.59
23.627, 23215.4, 9061.78
23.628, 23216.2, 9061.97
23.629, 23216.9, 9062.15
23.63, 23217.7, 9062.34
23.631, 23218.4, 9062.52
23.632, 23219.2, 9062.71
23.633, 23220, 9062.9
23.634, 23220.7, 9063.08
23.635, 23221.5, 9063.27
23.636, 23222.3, 9063.45
23.637, 23223, 9063.64
23.638, 23223.8, 9063.83
23.639, 23224.5, 9064.01
23.64, 23225.3, 9064.2
23.641, 23226.1, 9064.38
23.642, 23226.8, 9064.57
23.643, 23227.6, 9064.76
23.644, 23228.4, 9064.94
23.645, 23229.1, 9065.13
23.646, 23229.9, 9065.31
23.647, 23230.6, 9065.5
23.648, 23231.4, 9065.68
23.649, 23232.2, 9065.87
23.65, 23232.9, 9066.06
23.651, 23233.7, 9066.24
23.652, 23234.4, 9066.43
23.653, 23235.2, 9066.61
23.654, 23236, 9066.8
23.655, 23236.7, 9066.99
23.656, 23237.5, 9067.17
23.657, 23238.3, 9067.36
23.658, 23239, 9067.54
23.659, 23239.8, 9067.73
23.66, 23240.5, 9067.91
23.661, 23241.3, 9068.1
23.662, 23242.1, 9068.29
23.663, 23242.8, 9068.47
23.664, 23243.6, 9068.66
23.665, 23244.3, 9068.84
23.666, 23245.1, 9069.03
23.667, 23245.9, 9069.21
23.668, 23246.6, 9069.4
23.669, 23247.4, 9069.58
23.67, 23248.2, 9069.77
23.671, 23248.9, 9069.96
23.672, 23249.7, 9070.14
23.673, 23250.4, 9070.33
23.674, 23251.2, 9070.51
23.675, 23252, 9070.7
23.676, 23252.7, 9070.88
23.677, 23253.5, 9071.07
23.678, 23254.2, 9071.25
23.679, 23255, 9071.44
23.68, 23255.8, 9071.62
23.681, 23256.5, 9071.81
23.682, 23257.3, 9072
23.683, 23258.1, 9072.18
23.684, 23258.8, 9072.37
23.685, 23259.6, 9072.55
23.686, 23260.3, 9072.74
23.687, 23261.1, 9072.92
23.688, 23261.9, 9073.11
23.689, 23262.6, 9073.29
23.69, 23263.4, 9073.48
23.691, 23264.1, 9073.66
23.692, 23264.9, 9073.85
23.693, 23265.7, 9074.03
23.694, 23266.4, 9074.22
23.695, 23267.2, 9074.41
23.696, 23267.9, 9074.59
23.697, 23268.7, 9074.78
23.698, 23269.5, 9074.96
23.699, 23270.2, 9075.15
23.7, 23271, 9075.33
23.701, 23271.8, 9075.52
23.702, 23272.5, 9075.7
23.703, 23273.3, 9075.89
23.704, 23274, 9076.07
23.705, 23274.8, 9076.26
23.706, 23275.6, 9076.44
23.707, 23276.3, 9076.63
23.708, 23277.1, 9076.81
23.709, 23277.8, 9077
23.71, 23278.6, 9077.18
23.711, 23279.4, 9077.37
23.712, 23280.1, 9077.55
23.713, 23280.9, 9077.74
23.714, 23281.6, 9077.92
23.715, 23282.4, 9078.11
23.716, 23283.2, 9078.29
23.717, 23283.9, 9078.48
23.718, 23284.7, 9078.66
23.719, 23285.5, 9078.85
23.72, 23286.2, 9079.03
23.721, 23287, 9079.22
23.722, 23287.7, 9079.4
23.723, 23288.5, 9079.59
23.724, 23289.3, 9079.77
23.725, 23290, 9079.96
23.726, 23290.8, 9080.14
23.727, 23291.5, 9080.33
23.728, 23292.3, 9080.51
23.729, 23293.1, 9080.7
23.73, 23293.8, 9080.88
23.731, 23294.6, 9081.07
23.732, 23295.3, 9081.25
23.733, 23296.1, 9081.44
23.734, 23296.9, 9081.62
23.735, 23297.6, 9081.81
23.736, 23298.4, 9081.99
23.737, 23299.1, 9082.18
23.738, 23299.9, 9082.36
23.739, 23300.7, 9082.54
23.74, 23301.4, 9082.73
23.741, 23302.2, 9082.91
23.742, 23303, 9083.1
23.743, 23303.7, 9083.28
23.744, 23304.5, 9083.47
23.745, 23305.2, 9083.65
23.746, 23306, 9083.84
23.747, 23306.8, 9084.02
23.748, 23307.5, 9084.21
23.749, 23308.3, 9084.39
23.75, 23309, 9084.58
23.751, 23309.8, 9084.76
23.752, 23310.6, 9084.94
23.753, 23311.3, 9085.13
23.754, 23312.1, 9085.31
23.755, 23312.8, 9085.5
23.756, 23313.6, 9085.68
23.757, 23314.4, 9085.87
23.758, 23315.1, 9086.05
23.759, 23315.9, 9086.24
23.76, 23316.6, 9086.42
23.761, 23317.4, 9086.61
23.762, 23318.2, 9086.79
23.763, 23318.9, 9086.97
23.764, 23319.7, 9087.16
23.765, 23320.4, 9087.34
23.766, 23321.2, 9087.53
23.767, 23322, 9087.71
23.768, 23322.7, 9087.9
23.769, 23323.5, 9088.08
23.77, 23324.3, 9088.27
23.771, 23325, 9088.45
23.772, 23325.8, 9088.63
23.773, 23326.5, 9088.82
23.774, 23327.3, 9089
23.775, 23328.1, 9089.19
23.776, 23328.8, 9089.37
23.777, 23329.6, 9089.56
23.778, 23330.3, 9089.74
23.779, 23331.1, 9089.92
23.78, 23331.9, 9090.11
23.781, 23332.6, 9090.29
23.782, 23333.4, 9090.48
23.783, 23334.1, 9090.66
23.784, 23334.9, 9090.84
23.785, 23335.7, 9091.03
23.786, 23336.4, 9091.21
23.787, 23337.2, 9091.4
23.788, 23337.9, 9091.58
23.789, 23338.7, 9091.77
23.79, 23339.5, 9091.95
23.791, 23340.2, 9092.13
23.792, 23341, 9092.32
23.793, 23341.7, 9092.5
23.794, 23342.5, 9092.69
23.795, 23343.3, 9092.87
23.796, 23344, 9093.05
23.797, 23344.8, 9093.24
23.798, 23345.5, 9093.42
23.799, 23346.3, 9093.61
23.8, 23347.1, 9093.79
23.801, 23347.8, 9093.97
23.802, 23348.6, 9094.16
23.803, 23349.3, 9094.34
23.804, 23350.1, 9094.53
23.805, 23350.9, 9094.71
23.806, 23351.6, 9094.89
23.807, 23352.4, 9095.08
23.808, 23353.1, 9095.26
23.809, 23353.9, 9095.45
23.81, 23354.7, 9095.63
23.811, 23355.4, 9095.81
23.812, 23356.2, 9096
23.813, 23356.9, 9096.18
23.814, 23357.7, 9096.36
23.815, 23358.5, 9096.55
23.816, 23359.2, 9096.73
23.817, 23360, 9096.92
23.818, 23360.7, 9097.1
23.819, 23361.5, 9097.28
23.82, 23362.3, 9097.47
23.821, 23363, 9097.65
23.822, 23363.8, 9097.83
23.823, 23364.5, 9098.02
23.824, 23365.3, 9098.2
23.825, 23366.1, 9098.39
23.826, 23366.8, 9098.57
23.827, 23367.6, 9098.75
23.828, 23368.3, 9098.94
23.829, 23369.1, 9099.12
23.83, 23369.9, 9099.3
23.831, 23370.6, 9099.49
23.832, 23371.4, 9099.67
23.833, 23372.1, 9099.85
23.834, 23372.9, 9100.04
23.835, 23373.7, 9100.22
23.836, 23374.4, 9100.41
23.837, 23375.2, 9100.59
23.838, 23375.9, 9100.77
23.839, 23376.7, 9100.96
23.84, 23377.5, 9101.14
23.841, 23378.2, 9101.32
23.842, 23379, 9101.51
23.843, 23379.7, 9101.69
23.844, 23380.5, 9101.87
23.845, 23381.3, 9102.06
23.846, 23382, 9102.24
23.847, 23382.8, 9102.42
23.848, 23383.5, 9102.61
23.849, 23384.3, 9102.79
23.85, 23385.1, 9102.97
23.851, 23385.8, 9103.16
23.852, 23386.6, 9103.34
23.853, 23387.3, 9103.52
23.854, 23388.1, 9103.71
23.855, 23388.9, 9103.89
23.856, 23389.6, 9104.07
23.857, 23390.4, 9104.26
23.858, 23391.1, 9104.44
23.859, 23391.9, 9104.62
23.86, 23392.7, 9104.81
23.861, 23393.4, 9104.99
23.862, 23394.2, 9105.17
23.863, 23394.9, 9105.36
23.864, 23395.7, 9105.54
23.865, 23396.5, 9105.72
23.866, 23397.2, 9105.91
23.867, 23398, 9106.09
23.868, 23398.7, 9106.27
23.869, 23399.5, 9106.46
23.87, 23400.3, 9106.64
23.871, 23401, 9106.82
23.872, 23401.8, 9107.01
23.873, 23402.5, 9107.19
23.874, 23403.3, 9107.37
23.875, 23404.1, 9107.55
23.876, 23404.8, 9107.74
23.877, 23405.6, 9107.92
23.878, 23406.3, 9108.1
23.879, 23407.1, 9108.29
23.88, 23407.9, 9108.47
23.881, 23408.6, 9108.65
23.882, 23409.4, 9108.84
23.883, 23410.1, 9109.02
23.884, 23410.9, 9109.2
23.885, 23411.6, 9109.38
23.886, 23412.4, 9109.57
23.887, 23413.2, 9109.75
23.888, 23413.9, 9109.93
23.889, 23414.7, 9110.12
23.89, 23415.4, 9110.3
23.891, 23416.2, 9110.48
23.892, 23417, 9110.67
23.893, 23417.7, 9110.85
23.894, 23418.5, 9111.03
23.895, 23419.2, 9111.21
23.896, 23420, 9111.4
23.897, 23420.8, 9111.58
23.898, 23421.5, 9111.76
23.899, 23422.3, 9111.95
23.9, 23423, 9112.13
23.901, 23423.8, 9112.31
23.902, 23424.6, 9112.49
23.903, 23425.3, 9112.68
23.904, 23426.1, 9112.86
23.905, 23426.8, 9113.04
23.906, 23427.6, 9113.22
23.907, 23428.4, 9113.41
23.908, 23429.1, 9113.59
23.909, 23429.9, 9113.77
23.91, 23430.6, 9113.96
23.911, 23431.4, 9114.14
23.912, 23432.2, 9114.32
23.913, 23432.9, 9114.5
23.914, 23433.7, 9114.69
23.915, 23434.4, 9114.87
23.916, 23435.2, 9115.05
23.917, 23435.9, 9115.23
23.918, 23436.7, 9115.42
23.919, 23437.5, 9115.6
23.92, 23438.2, 9115.78
23.921, 23439, 9115.96
23.922, 23439.7, 9116.15
23.923, 23440.5, 9116.33
23.924, 23441.3, 9116.51
23.925, 23442, 9116.69
23.926, 23442.8, 9116.88
23.927, 23443.5, 9117.06
23.928, 23444.3, 9117.24
23.929, 23445.1, 9117.42
23.93, 23445.8, 9117.61
23.931, 23446.6, 9117.79
23.932, 23447.3, 9117.97
23.933, 23448.1, 9118.15
23.934, 23448.8, 9118.34
23.935, 23449.6, 9118.52
23.936, 23450.4, 9118.7
23.937, 23451.1, 9118.88
23.938, 23451.9, 9119.06
23.939, 23452.6, 9119.25
23.94, 23453.4, 9119.43
23.941, 23454.2, 9119.61
23.942, 23454.9, 9119.79
23.943, 23455.7, 9119.98
23.944, 23456.4, 9120.16
23.945, 23457.2, 9120.34
23.946, 23458, 9120.52
23.947, 23458.7, 9120.7
23.948, 23459.5, 9120.89
23.949, 23460.2, 9121.07
23.95, 23461, 9121.25
23.951, 23461.8, 9121.43
23.952, 23462.5, 9121.62
23.953, 23463.3, 9121.8
23.954, 23464, 9121.98
23.955, 23464.8, 9122.16
23.956, 23465.5, 9122.34
23.957, 23466.3, 9122.53
23.958, 23467.1, 9122.71
23.959, 23467.8, 9122.89
23.96, 23468.6, 9123.07
23.961, 23469.3, 9123.25
23.962, 23470.1, 9123.44
23.963, 23470.9, 9123.62
23.964, 23471.6, 9123.8
23.965, 23472.4, 9123.98
23.966, 23473.1, 9124.16
23.967, 23473.9, 9124.35
23.968, 23474.6, 9124.53
23.969, 23475.4, 9124.71
23.97, 23476.2, 9124.89
23.971, 23476.9, 9125.07
23.972, 23477.7, 9125.26
23.973, 23478.4, 9125.44
23.974, 23479.2, 9125.62
23.975, 23480, 9125.8
23.976, 23480.7, 9125.98
23.977, 23481.5, 9126.17
23.978, 23482.2, 9126.35
23.979, 23483, 9126.53
23.98, 23483.8, 9126.71
23.981, 23484.5, 9126.89
23.982, 23485.3, 9127.07
23.983, 23486, 9127.26
23.984, 23486.8, 9127.44
23.985, 23487.5, 9127.62
23.986, 23488.3, 9127.8
23.987, 23489.1, 9127.98
23.988, 23489.8, 9128.17
23.989, 23490.6, 9128.35
23.99, 23491.3, 9128.53
23.991, 23492.1, 9128.71
23.992, 23492.9, 9128.89
23.993, 23493.6, 9129.07
23.994, 23494.4, 9129.26
23.995, 23495.1, 9129.44
23.996, 23495.9, 9129.62
23.997, 23496.6, 9129.8
23.998, 23497.4, 9129.98
23.999, 23498.2, 9130.16
24, 23498.9, 9130.34
24.001, 23499.7, 9130.53
24.002, 23500.4, 9130.71
24.003, 23501.2, 9130.89
24.004, 23502, 9131.07
24.005, 23502.7, 9131.25
24.006, 23503.5, 9131.43
24.007, 23504.2, 9131.62
24.008, 23505, 9131.8
24.009, 23505.7, 9131.98
24.01, 23506.5, 9132.16
24.011, 23507.3, 9132.34
24.012, 23508, 9132.52
24.013, 23508.8, 9132.7
24.014, 23509.5, 9132.89
24.015, 23510.3, 9133.07
24.016, 23511.1, 9133.25
24.017, 23511.8, 9133.43
24.018, 23512.6, 9133.61
24.019, 23513.3, 9133.79
24.02, 23514.1, 9133.97
24.021, 23514.8, 9134.16
24.022, 23515.6, 9134.34
24.023, 23516.4, 9134.52
24.024, 23517.1, 9134.7
24.025, 23517.9, 9134.88
24.026, 23518.6, 9135.06
24.027, 23519.4, 9135.24
24.028, 23520.2, 9135.42
24.029, 23520.9, 9135.61
24.03, 23521.7, 9135.79
24.031, 23522.4, 9135.97
24.032, 23523.2, 9136.15
24.033, 23523.9, 9136.33
24.034, 23524.7, 9136.51
24.035, 23525.5, 9136.69
24.036, 23526.2, 9136.87
24.037, 23527, 9137.05
24.038, 23527.7, 9137.24
24.039, 23528.5, 9137.42
24.04, 23529.2, 9137.6
24.041, 23530, 9137.78
24.042, 23530.8, 9137.96
24.043, 23531.5, 9138.14
24.044, 23532.3, 9138.32
24.045, 23533, 9138.5
24.046, 23533.8, 9138.68
24.047, 23534.6, 9138.87
24.048, 23535.3, 9139.05
24.049, 23536.1, 9139.23
24.05, 23536.8, 9139.41
24.051, 23537.6, 9139.59
24.052, 23538.3, 9139.77
24.053, 23539.1, 9139.95
24.054, 23539.9, 9140.13
24.055, 23540.6, 9140.31
24.056, 23541.4, 9140.49
24.057, 23542.1, 9140.67
24.058, 23542.9, 9140.86
24.059, 23543.6, 9141.04
24.06, 23544.4, 9141.22
24.061, 23545.2, 9141.4
24.062, 23545.9, 9141.58
24.063, 23546.7, 9141.76
24.064, 23547.4, 9141.94
24.065, 23548.2, 9142.12
24.066, 23549, 9142.3
24.067, 23549.7, 9142.48
24.068, 23550.5, 9142.66
24.069, 23551.2, 9142.84
24.07, 23552, 9143.03
24.071, 23552.7, 9143.21
24.072, 23553.5, 9143.39
24.073, 23554.3, 9143.57
24.074, 23555, 9143.75
24.075, 23555.8, 9143.93
24.076, 23556.5, 9144.11
24.077, 23557.3, 9144.29
24.078, 23558, 9144.47
24.079, 23558.8, 9144.65
24.08, 23559.6, 9144.83
24.081, 23560.3, 9145.01
24.082, 23561.1, 9145.19
24.083, 23561.8, 9145.37
24.084, 23562.6, 9145.55
24.085, 23563.3, 9145.73
24.086, 23564.1, 9145.92
24.087, 23564.9, 9146.1
24.088, 23565.6, 9146.28
24.089, 23566.4, 9146.46
24.09, 23567.1, 9146.64
24.091, 23567.9, 9146.82
24.092, 23568.6, 9147
24.093, 23569.4, 9147.18
24.094, 23570.2, 9147.36
24.095, 23570.9, 9147.54
24.096, 23571.7, 9147.72
24.097, 23572.4, 9147.9
24.098, 23573.2, 9148.08
24.099, 23574, 9148.26
24.1, 23574.7, 9148.44
24.101, 23575.5, 9148.62
24.102, 23576.2, 9148.8
24.103, 23577, 9148.98
24.104, 23577.7, 9149.16
24.105, 23578.5, 9149.34
24.106, 23579.3, 9149.52
24.107, 23580, 9149.7
24.108, 23580.8, 9149.88
24.109, 23581.5, 9150.06
24.11, 23582.3, 9150.24
24.111, 23583, 9150.42
24.112, 23583.8, 9150.61
24.113, 23584.6, 9150.79
24.114, 23585.3, 9150.97
24.115, 23586.1, 9151.15
24.116, 23586.8, 9151.33
24.117, 23587.6, 9151.51
24.118, 23588.3, 9151.69
24.119, 23589.1, 9151.87
24.12, 23589.9, 9152.05
24.121, 23590.6, 9152.23
24.122, 23591.4, 9152.41
24.123, 23592.1, 9152.59
24.124, 23592.9, 9152.77
24.125, 23593.6, 9152.95
24.126, 23594.4, 9153.13
24.127, 23595.2, 9153.31
24.128, 23595.9, 9153.49
24.129, 23596.7, 9153.67
24.13, 23597.4, 9153.85
24.131, 23598.2, 9154.03
24.132, 23598.9, 9154.21
24.133, 23599.7, 9154.39
24.134, 23600.5, 9154.57
24.135, 23601.2, 9154.75
24.136, 23602, 9154.93
24.137, 23602.7, 9155.11
24.138, 23603.5, 9155.29
24.139, 23604.2, 9155.47
24.14, 23605, 9155.65
24.141, 23605.8, 9155.83
24.142, 23606.5, 9156.01
24.143, 23607.3, 9156.19
24.144, 23608, 9156.37
24.145, 23608.8, 9156.55
24.146, 23609.5, 9156.73
24.147, 23610.3, 9156.91
24.148, 23611.1, 9157.09
24.149, 23611.8, 9157.26
24.15, 23612.6, 9157.44
24.151, 23613.3, 9157.62
24.152, 23614.1, 9157.8
24.153, 23614.8, 9157.98
24.154, 23615.6, 9158.16
24.155, 23616.4, 9158.34
24.156, 23617.1, 9158.52
24.157, 23617.9, 9158.7
24.158, 23618.6, 9158.88
24.159, 23619.4, 9159.06
24.16, 23620.1, 9159.24
24.161, 23620.9, 9159.42
24.162, 23621.7, 9159.6
24.163, 23622.4, 9159.78
24.164, 23623.2, 9159.96
24.165, 23623.9, 9160.14
24.166, 23624.7, 9160.32
24.167, 23625.4, 9160.5
24.168, 23626.2, 9160.68
24.169, 23626.9, 9160.86
24.17, 23627.7, 9161.04
24.171, 23628.5, 9161.22
24.172, 23629.2, 9161.4
24.173, 23630, 9161.58
24.174, 23630.7, 9161.76
24.175, 23631.5, 9161.93
24.176, 23632.2, 9162.11
24.177, 23633, 9162.29
24.178, 23633.8, 9162.47
24.179, 23634.5, 9162.65
24.18, 23635.3, 9162.83
24.181, 23636, 9163.01
24.182, 23636.8, 9163.19
24.183, 23637.5, 9163.37
24.184, 23638.3, 9163.55
24.185, 23639.1, 9163.73
24.186, 23639.8, 9163.91
24.187, 23640.6, 9164.09
24.188, 23641.3, 9164.27
24.189, 23642.1, 9164.45
24.19, 23642.8, 9164.63
24.191, 23643.6, 9164.8
24.192, 23644.4, 9164.98
24.193, 23645.1, 9165.16
24.194, 23645.9, 9165.34
24.195, 23646.6, 9165.52
24.196, 23647.4, 9165.7
24.197, 23648.1, 9165.88
24.198, 23648.9, 9166.06
24.199, 23649.6, 9166.24
24.2, 23650.4, 9166.42
24.201, 23651.2, 9166.6
24.202, 23651.9, 9166.78
24.203, 23652.7, 9166.96
24.204, 23653.4, 9167.13
24.205, 23654.2, 9167.31
24.206, 23654.9, 9167.49
24.207, 23655.7, 9167.67
24.208, 23656.5, 9167.85
24.209, 23657.2, 9168.03
24.21, 23658, 9168.21
24.211, 23658.7, 9168.39
24.212, 23659.5, 9168.57
24.213, 23660.2, 9168.75
24.214, 23661, 9168.92
24.215, 23661.7, 9169.1
24.216, 23662.5, 9169.28
24.217, 23663.3, 9169.46
24.218, 23664, 9169.64
24.219, 23664.8, 9169.82
24.22, 23665.5, 9170
24.221, 23666.3, 9170.18
24.222, 23667, 9170.36
24.223, 23667.8, 9170.54
24.224, 23668.6, 9170.71
24.225, 23669.3, 9170.89
24.226, 23670.1, 9171.07
24.227, 23670.8, 9171.25
24.228, 23671.6, 9171.43
24.229, 23672.3, 9171.61
24.23, 23673.1, 9171.79
24.231, 23673.8, 9171.97
24.232, 23674.6, 9172.14
24.233, 23675.4, 9172.32
24.234, 23676.1, 9172.5
24.235, 23676.9, 9172.68
24.236, 23677.6, 9172.86
24.237, 23678.4, 9173.04
24.238, 23679.1, 9173.22
24.239, 23679.9, 9173.4
24.24, 23680.7, 9173.57
24.241, 23681.4, 9173.75
24.242, 23682.2, 9173.93
24.243, 23682.9, 9174.11
24.244, 23683.7, 9174.29
24.245, 23684.4, 9174.47
24.246, 23685.2, 9174.65
24.247, 23685.9, 9174.83
24.248, 23686.7, 9175
24.249, 23687.5, 9175.18
24.25, 23688.2, 9175.36
24.251, 23689, 9175.54
24.252, 23689.7, 9175.72
24.253, 23690.5, 9175.9
24.254, 23691.2, 9176.07
24.255, 23692, 9176.25
24.256, 23692.8, 9176.43
24.257, 23693.5, 9176.61
24.258, 23694.3, 9176.79
24.259, 23695, 9176.97
24.26, 23695.8, 9177.15
24.261, 23696.5, 9177.32
24.262, 23697.3, 9177.5
24.263, 23698, 9177.68
24.264, 23698.8, 9177.86
24.265, 23699.6, 9178.04
24.266, 23700.3, 9178.22
24.267, 23701.1, 9178.39
24.268, 23701.8, 9178.57
24.269, 23702.6, 9178.75
24.27, 23703.3, 9178.93
24.271, 23704.1, 9179.11
24.272, 23704.8, 9179.29
24.273, 23705.6, 9179.46
24.274, 23706.4, 9179.64
24.275, 23707.1, 9179.82
24.276, 23707.9, 9180
24.277, 23708.6, 9180.18
24.278, 23709.4, 9180.36
24.279, 23710.1, 9180.53
24.28, 23710.9, 9180.71
24.281, 23711.6, 9180.89
24.282, 23712.4, 9181.07
24.283, 23713.2, 9181.25
24.284, 23713.9, 9181.43
24.285, 23714.7, 9181.6
24.286, 23715.4, 9181.78
24.287, 23716.2, 9181.96
24.288, 23716.9, 9182.14
24.289, 23717.7, 9182.32
24.29, 23718.4, 9182.49
24.291, 23719.2, 9182.67
24.292, 23720, 9182.85
24.293, 23720.7, 9183.03
24.294, 23721.5, 9183.21
24.295, 23722.2, 9183.38
24.296, 23723, 9183.56
24.297, 23723.7, 9183.74
24.298, 23724.5, 9183.92
24.299, 23725.2, 9184.1
24.3, 23726, 9184.27
24.301, 23726.8, 9184.45
24.302, 23727.5, 9184.63
24.303, 23728.3, 9184.81
24.304, 23729, 9184.99
24.305, 23729.8, 9185.16
24.306, 23730.5, 9185.34
24.307, 23731.3, 9185.52
24.308, 23732, 9185.7
24.309, 23732.8, 9185.88
24.31, 23733.6, 9186.05
24.311, 23734.3, 9186.23
24.312, 23735.1, 9186.41
24.313, 23735.8, 9186.59
24.314, 23736.6, 9186.76
24.315, 23737.3, 9186.94
24.316, 23738.1, 9187.12
24.317, 23738.8, 9187.3
24.318, 23739.6, 9187.48
24.319, 23740.4, 9187.65
24.32, 23741.1, 9187.83
24.321, 23741.9, 9188.01
24.322, 23742.6, 9188.19
24.323, 23743.4, 9188.36
24.324, 23744.1, 9188.54
24.325, 23744.9, 9188.72
24.326, 23745.6, 9188.9
24.327, 23746.4, 9189.07
24.328, 23747.2, 9189.25
24.329, 23747.9, 9189.43
24.33, 23748.7, 9189.61
24.331, 23749.4, 9189.78
24.332, 23750.2, 9189.96
24.333, 23750.9, 9190.14
24.334, 23751.7, 9190.32
24.335, 23752.4, 9190.5
24.336, 23753.2, 9190.67
24.337, 23754, 9190.85
24.338, 23754.7, 9191.03
24.339, 23755.5, 9191.21
24.34, 23756.2, 9191.38
24.341, 23757, 9191.56
24.342, 23757.7, 9191.74
24.343, 23758.5, 9191.92
24.344, 23759.2, 9192.09
24.345, 23760, 9192.27
24.346, 23760.8, 9192.45
24.347, 23761.5, 9192.62
24.348, 23762.3, 9192.8
24.349, 23763, 9192.98
24.35, 23763.8, 9193.16
24.351, 23764.5, 9193.33
24.352, 23765.3, 9193.51
24.353, 23766, 9193.69
24.354, 23766.8, 9193.87
24.355, 23767.5, 9194.04
24.356, 23768.3, 9194.22
24.357, 23769.1, 9194.4
24.358, 23769.8, 9194.58
24.359, 23770.6, 9194.75
24.36, 23771.3, 9194.93
24.361, 23772.1, 9195.11
24.362, 23772.8, 9195.28
24.363, 23773.6, 9195.46
24.364, 23774.3, 9195.64
24.365, 23775.1, 9195.82
24.366, 23775.9, 9195.99
24.367, 23776.6, 9196.17
24.368, 23777.4, 9196.35
24.369, 23778.1, 9196.52
24.37, 23778.9, 9196.7
24.371, 23779.6, 9196.88
24.372, 23780.4, 9197.06
24.373, 23781.1, 9197.23
24.374, 23781.9, 9197.41
24.375, 23782.6, 9197.59
24.376, 23783.4, 9197.76
24.377, 23784.2, 9197.94
24.378, 23784.9, 9198.12
24.379, 23785.7, 9198.3
24.38, 23786.4, 9198.47
24.381, 23787.2, 9198.65
24.382, 23787.9, 9198.83
24.383, 23788.7, 9199
24.384, 23789.4, 9199.18
24.385, 23790.2, 9199.36
24.386, 23790.9, 9199.53
24.387, 23791.7, 9199.71
24.388, 23792.5, 9199.89
24.389, 23793.2, 9200.07
24.39, 23794, 9200.24
24.391, 23794.7, 9200.42
24.392, 23795.5, 9200.6
24.393, 23796.2, 9200.77
24.394, 23797, 9200.95
24.395, 23797.7, 9201.13
24.396, 23798.5, 9201.3
24.397, 23799.2, 9201.48
24.398, 23800, 9201.66
24.399, 23800.8, 9201.83
24.4, 23801.5, 9202.01
24.401, 23802.3, 9202.19
24.402, 23803, 9202.36
24.403, 23803.8, 9202.54
24.404, 23804.5, 9202.72
24.405, 23805.3, 9202.89
24.406, 23806, 9203.07
24.407, 23806.8, 9203.25
24.408, 23807.6, 9203.42
24.409, 23808.3, 9203.6
24.41, 23809.1, 9203.78
24.411, 23809.8, 9203.95
24.412, 23810.6, 9204.13
24.413, 23811.3, 9204.31
24.414, 23812.1, 9204.48
24.415, 23812.8, 9204.66
24.416, 23813.6, 9204.84
24.417, 23814.3, 9205.01
24.418, 23815.1, 9205.19
24.419, 23815.9, 9205.37
24.42, 23816.6, 9205.54
24.421, 23817.4, 9205.72
24.422, 23818.1, 9205.9
24.423, 23818.9, 9206.07
24.424, 23819.6, 9206.25
24.425, 23820.4, 9206.43
24.426, 23821.1, 9206.6
24.427, 23821.9, 9206.78
24.428, 23822.6, 9206.95
24.429, 23823.4, 9207.13
24.43, 23824.1, 9207.31
24.431, 23824.9, 9207.48
24.432, 23825.7, 9207.66
24.433, 23826.4, 9207.84
24.434, 23827.2, 9208.01
24.435, 23827.9, 9208.19
24.436, 23828.7, 9208.37
24.437, 23829.4, 9208.54
24.438, 23830.2, 9208.72
24.439, 23830.9, 9208.89
24.44, 23831.7, 9209.07
24.441, 23832.4, 9209.25
24.442, 23833.2, 9209.42
24.443, 23834, 9209.6
24.444, 23834.7, 9209.78
24.445, 23835.5, 9209.95
24.446, 23836.2, 9210.13
24.447, 23837, 9210.3
24.448, 23837.7, 9210.48
24.449, 23838.5, 9210.66
24.45, 23839.2, 9210.83
24.451, 23840, 9211.01
24.452, 23840.7, 9211.19
24.453, 23841.5, 9211.36
24.454, 23842.3, 9211.54
24.455, 23843, 9211.71
24.456, 23843.8, 9211.89
24.457, 23844.5, 9212.07
24.458, 23845.3, 9212.24
24.459, 23846, 9212.42
24.46, 23846.8, 9212.59
24.461, 23847.5, 9212.77
24.462, 23848.3, 9212.95
24.463, 23849, 9213.12
24.464, 23849.8, 9213.3
24.465, 23850.5, 9213.47
24.466, 23851.3, 9213.65
24.467, 23852.1, 9213.83
24.468, 23852.8, 9214
24.469, 23853.6, 9214.18
24.47, 23854.3, 9214.35
24.471, 23855.1, 9214.53
24.472, 23855.8, 9214.71
24.473, 23856.6, 9214.88
24.474, 23857.3, 9215.06
24.475, 23858.1, 9215.23
24.476, 23858.8, 9215.41
24.477, 23859.6, 9215.59
24.478, 23860.3, 9215.76
24.479, 23861.1, 9215.94
24.48, 23861.9, 9216.11
24.481, 23862.6, 9216.29
24.482, 23863.4, 9216.46
24.483, 23864.1, 9216.64
24.484, 23864.9, 9216.82
24.485, 23865.6, 9216.99
24.486, 23866.4, 9217.17
24.487, 23867.1, 9217.34
24.488, 23867.9, 9217.52
24.489, 23868.6, 9217.69
24.49, 23869.4, 9217.87
24.491, 23870.1, 9218.05
24.492, 23870.9, 9218.22
24.493, 23871.7, 9218.4
24.494, 23872.4, 9218.57
24.495, 23873.2, 9218.75
24.496, 23873.9, 9218.92
24.497, 23874.7, 9219.1
24.498, 23875.4, 9219.28
24.499, 23876.2, 9219.45
24.5, 23876.9, 9219.63
24.501, 23877.7, 9219.8
24.502, 23878.4, 9219.98
24.503, 23879.2, 9220.15
24.504, 23879.9, 9220.33
24.505, 23880.7, 9220.5
24.506, 23881.5, 9220.68
24.507, 23882.2, 9220.86
24.508, 23883, 9221.03
24.509, 23883.7, 9221.21
24.51, 23884.5, 9221.38
24.511, 23885.2, 9221.56
24.512, 23886, 9221.73
24.513, 23886.7, 9221.91
24.514, 23887.5, 9222.08
24.515, 23888.2, 9222.26
24.516, 23889, 9222.43
24.517, 23889.7, 9222.61
24.518, 23890.5, 9222.79
24.519, 23891.2, 9222.96
24.52, 23892, 9223.14
24.521, 23892.8, 9223.31
24.522, 23893.5, 9223.49
24.523, 23894.3, 9223.66
24.524, 23895, 9223.84
24.525, 23895.8, 9224.01
24.526, 23896.5, 9224.19
24.527, 23897.3, 9224.36
24.528, 23898, 9224.54
24.529, 23898.8, 9224.71
24.53, 23899.5, 9224.89
24.531, 23900.3, 9225.06
24.532, 23901, 9225.24
24.533, 23901.8, 9225.41
24.534, 23902.6, 9225.59
24.535, 23903.3, 9225.76
24.536, 23904.1, 9225.94
24.537, 23904.8, 9226.11
24.538, 23905.6, 9226.29
24.539, 23906.3, 9226.47
24.54, 23907.1, 9226.64
24.541, 23907.8, 9226.82
24.542, 23908.6, 9226.99
24.543, 23909.3, 9227.17
24.544, 23910.1, 9227.34
24.545, 23910.8, 9227.52
24.546, 23911.6, 9227.69
24.547, 23912.3, 9227.87
24.548, 23913.1, 9228.04
24.549, 23913.9, 9228.22
24.55, 23914.6, 9228.39
24.551, 23915.4, 9228.57
24.552, 23916.1, 9228.74
24.553, 23916.9, 9228.92
24.554, 23917.6, 9229.09
24.555, 23918.4, 9229.27
24.556, 23919.1, 9229.44
24.557, 23919.9, 9229.62
24.558, 23920.6, 9229.79
24.559, 23921.4, 9229.96
24.56, 23922.1, 9230.14
24.561, 23922.9, 9230.31
24.562, 23923.6, 9230.49
24.563, 23924.4, 9230.66
24.564, 23925.1, 9230.84
24.565, 23925.9, 9231.01
24.566, 23926.7, 9231.19
24.567, 23927.4, 9231.36
24.568, 23928.2, 9231.54
24.569, 23928.9, 9231.71
24.57, 23929.7, 9231.89
24.571, 23930.4, 9232.06
24.572, 23931.2, 9232.24
24.573, 23931.9, 9232.41
24.574, 23932.7, 9232.59
24.575, 23933.4, 9232.76
24.576, 23934.2, 9232.94
24.577, 23934.9, 9233.11
24.578, 23935.7, 9233.29
24.579, 23936.4, 9233.46
24.58, 23937.2, 9233.63
24.581, 23938, 9233.81
24.582, 23938.7, 9233.98
24.583, 23939.5, 9234.16
24.584, 23940.2, 9234.33
24.585, 23941, 9234.51
24.586, 23941.7, 9234.68
24.587, 23942.5, 9234.86
24.588, 23943.2, 9235.03
24.589, 23944, 9235.21
24.59, 23944.7, 9235.38
24.591, 23945.5, 9235.55
24.592, 23946.2, 9235.73
24.593, 23947, 9235.9
24.594, 23947.7, 9236.08
24.595, 23948.5, 9236.25
24.596, 23949.2, 9236.43
24.597, 23950, 9236.6
24.598, 23950.8, 9236.78
24.599, 23951.5, 9236.95
24.6, 23952.3, 9237.12
24.601, 23953, 9237.3
24.602, 23953.8, 9237.47
24.603, 23954.5, 9237.65
24.604, 23955.3, 9237.82
24.605, 23956, 9238
24.606, 23956.8, 9238.17
24.607, 23957.5, 9238.34
24.608, 23958.3, 9238.52
24.609, 23959, 9238.69
24.61, 23959.8, 9238.87
24.611, 23960.5, 9239.04
24.612, 23961.3, 9239.22
24.613, 23962, 9239.39
24.614, 23962.8, 9239.56
24.615, 23963.5, 9239.74
24.616, 23964.3, 9239.91
24.617, 23965.1, 9240.09
24.618, 23965.8, 9240.26
24.619, 23966.6, 9240.44
24.62, 23967.3, 9240.61
24.621, 23968.1, 9240.78
24.622, 23968.8, 9240.96
24.623, 23969.6, 9241.13
24.624, 23970.3, 9241.31
24.625, 23971.1, 9241.48
24.626, 23971.8, 9241.65
24.627, 23972.6, 9241.83
24.628, 23973.3, 9242
24.629, 23974.1, 9242.18
24.63, 23974.8, 9242.35
24.631, 23975.6, 9242.52
24.632, 23976.3, 9242.7
24.633, 23977.1, 9242.87
24.634, 23977.8, 9243.05
24.635, 23978.6, 9243.22
24.636, 23979.4, 9243.39
24.637, 23980.1, 9243.57
24.638, 23980.9, 9243.74
24.639, 23981.6, 9243.92
24.64, 23982.4, 9244.09
24.641, 23983.1, 9244.26
24.642, 23983.9, 9244.44
24.643, 23984.6, 9244.61
24.644, 23985.4, 9244.79
24.645, 23986.1, 9244.96
24.646, 23986.9, 9245.13
24.647, 23987.6, 9245.31
24.648, 23988.4, 9245.48
24.649, 23989.1, 9245.65
24.65, 23989.9, 9245.83
24.651, 23990.6, 9246
24.652, 23991.4, 9246.18
24.653, 23992.1, 9246.35
24.654, 23992.9, 9246.52
24.655, 23993.6, 9246.7
24.656, 23994.4, 9246.87
24.657, 23995.2, 9247.04
24.658, 23995.9, 9247.22
24.659, 23996.7, 9247.39
24.66, 23997.4, 9247.57
24.661, 23998.2, 9247.74
24.662, 23998.9, 9247.91
24.663, 23999.7, 9248.09
24.664, 24000.4, 9248.26
24.665, 24001.2, 9248.43
24.666, 24001.9, 9248.61
24.667, 24002.7, 9248.78
24.668, 24003.4, 9248.95
24.669, 24004.2, 9249.13
24.67, 24004.9, 9249.3
24.671, 24005.7, 9249.47
24.672, 24006.4, 9249.65
24.673, 24007.2, 9249.82
24.674, 24007.9, 9250
24.675, 24008.7, 9250.17
24.676, 24009.4, 9250.34
24.677, 24010.2, 9250.52
24.678, 24010.9, 9250.69
24.679, 24011.7, 9250.86
24.68, 24012.5, 9251.04
24.681, 24013.2, 9251.21
24.682, 24014, 9251.38
24.683, 24014.7, 9251.56
24.684, 24015.5, 9251.73
24.685, 24016.2, 9251.9
24.686, 24017, 9252.08
24.687, 24017.7, 9252.25
24.688, 24018.5, 9252.42
24.689, 24019.2, 9252.6
24.69, 24020, 9252.77
24.691, 24020.7, 9252.94
24.692, 24021.5, 9253.12
24.693, 24022.2, 9253.29
24.694, 24023, 9253.46
24.695, 24023.7, 9253.64
24.696, 24024.5, 9253.81
24.697, 24025.2, 9253.98
24.698, 24026, 9254.16
24.699, 24026.7, 9254.33
24.7, 24027.5, 9254.5
24.701, 24028.2, 9254.68
24.702, 24029, 9254.85
24.703, 24029.7, 9255.02
24.704, 24030.5, 9255.2
24.705, 24031.2, 9255.37
24.706, 24032, 9255.54
24.707, 24032.8, 9255.71
24.708, 24033.5, 9255.89
24.709, 24034.3, 9256.06
24.71, 24035, 9256.23
24.711, 24035.8, 9256.41
24.712, 24036.5, 9256.58
24.713, 24037.3, 9256.75
24.714, 24038, 9256.93
24.715, 24038.8, 9257.1
24.716, 24039.5, 9257.27
24.717, 24040.3, 9257.44
24.718, 24041, 9257.62
24.719, 24041.8, 9257.79
24.72, 24042.5, 9257.96
24.721, 24043.3, 9258.14
24.722, 24044, 9258.31
24.723, 24044.8, 9258.48
24.724, 24045.5, 9258.66
24.725, 24046.3, 9258.83
24.726, 24047, 9259
24.727, 24047.8, 9259.17
24.728, 24048.5, 9259.35
24.729, 24049.3, 9259.52
24.73, 24050, 9259.69
24.731, 24050.8, 9259.87
24.732, 24051.5, 9260.04
24.733, 24052.3, 9260.21
24.734, 24053, 9260.38
24.735, 24053.8, 9260.56
24.736, 24054.6, 9260.73
24.737, 24055.3, 9260.9
24.738, 24056.1, 9261.07
24.739, 24056.8, 9261.25
24.74, 24057.6, 9261.42
24.741, 24058.3, 9261.59
24.742, 24059.1, 9261.77
24.743, 24059.8, 9261.94
24.744, 24060.6, 9262.11
24.745, 24061.3, 9262.28
24.746, 24062.1, 9262.46
24.747, 24062.8, 9262.63
24.748, 24063.6, 9262.8
24.749, 24064.3, 9262.97
24.75, 24065.1, 9263.15
24.751, 24065.8, 9263.32
24.752, 24066.6, 9263.49
24.753, 24067.3, 9263.66
24.754, 24068.1, 9263.84
24.755, 24068.8, 9264.01
24.756, 24069.6, 9264.18
24.757, 24070.3, 9264.35
24.758, 24071.1, 9264.53
24.759, 24071.8, 9264.7
24.76, 24072.6, 9264.87
24.761, 24073.3, 9265.04
24.762, 24074.1, 9265.22
24.763, 24074.8, 9265.39
24.764, 24075.6, 9265.56
24.765, 24076.3, 9265.73
24.766, 24077.1, 9265.91
24.767, 24077.8, 9266.08
24.768, 24078.6, 9266.25
24.769, 24079.3, 9266.42
24.77, 24080.1, 9266.6
24.771, 24080.9, 9266.77
24.772, 24081.6, 9266.94
24.773, 24082.4, 9267.11
24.774, 24083.1, 9267.29
24.775, 24083.9, 9267.46
24.776, 24084.6, 9267.63
24.777, 24085.4, 9267.8
24.778, 24086.1, 9267.97
24.779, 24086.9, 9268.15
24.78, 24087.6, 9268.32
24.781, 24088.4, 9268.49
24.782, 24089.1, 9268.66
24.783, 24089.9, 9268.84
24.784, 24090.6, 9269.01
24.785, 24091.4, 9269.18
24.786, 24092.1, 9269.35
24.787, 24092.9, 9269.52
24.788, 24093.6, 9269.7
24.789, 24094.4, 9269.87
24.79, 24095.1, 9270.04
24.791, 24095.9, 9270.21
24.792, 24096.6, 9270.39
24.793, 24097.4, 9270.56
24.794, 24098.1, 9270.73
24.795, 24098.9, 9270.9
24.796, 24099.6, 9271.07
24.797, 24100.4, 9271.25
24.798, 24101.1, 9271.42
24.799, 24101.9, 9271.59
24.8, 24102.6, 9271.76
24.801, 24103.4, 9271.93
24.802, 24104.1, 9272.11
24.803, 24104.9, 9272.28
24.804, 24105.6, 9272.45
24.805, 24106.4, 9272.62
24.806, 24107.1, 9272.79
24.807, 24107.9, 9272.97
24.808, 24108.6, 9273.14
24.809, 24109.4, 9273.31
24.81, 24110.1, 9273.48
24.811, 24110.9, 9273.65
24.812, 24111.6, 9273.82
24.813, 24112.4, 9274
24.814, 24113.1, 9274.17
24.815, 24113.9, 9274.34
24.816, 24114.6, 9274.51
24.817, 24115.4, 9274.68
24.818, 24116.2, 9274.86
24.819, 24116.9, 9275.03
24.82, 24117.7, 9275.2
24.821, 24118.4, 9275.37
24.822, 24119.2, 9275.54
24.823, 24119.9, 9275.71
24.824, 24120.7, 9275.89
24.825, 24121.4, 9276.06
24.826, 24122.2, 9276.23
24.827, 24122.9, 9276.4
24.828, 24123.7, 9276.57
24.829, 24124.4, 9276.74
24.83, 24125.2, 9276.92
24.831, 24125.9, 9277.09
24.832, 24126.7, 9277.26
24.833, 24127.4, 9277.43
24.834, 24128.2, 9277.6
24.835, 24128.9, 9277.77
24.836, 24129.7, 9277.95
24.837, 24130.4, 9278.12
24.838, 24131.2, 9278.29
24.839, 24131.9, 9278.46
24.84, 24132.7, 9278.63
24.841, 24133.4, 9278.8
24.842, 24134.2, 9278.97
24.843, 24134.9, 9279.15
24.844, 24135.7, 9279.32
24.845, 24136.4, 9279.49
24.846, 24137.2, 9279.66
24.847, 24137.9, 9279.83
24.848, 24138.7, 9280
24.849, 24139.4, 9280.18
24.85, 24140.2, 9280.35
24.851, 24140.9, 9280.52
24.852, 24141.7, 9280.69
24.853, 24142.4, 9280.86
24.854, 24143.2, 9281.03
24.855, 24143.9, 9281.2
24.856, 24144.7, 9281.37
24.857, 24145.4, 9281.55
24.858, 24146.2, 9281.72
24.859, 24146.9, 9281.89
24.86, 24147.7, 9282.06
24.861, 24148.4, 9282.23
24.862, 24149.2, 9282.4
24.863, 24149.9, 9282.57
24.864, 24150.7, 9282.75
24.865, 24151.4, 9282.92
24.866, 24152.2, 9283.09
24.867, 24152.9, 9283.26
24.868, 24153.7, 9283.43
24.869, 24154.4, 9283.6
24.87, 24155.2, 9283.77
24.871, 24155.9, 9283.94
24.872, 24156.7, 9284.11
24.873, 24157.4, 9284.29
24.874, 24158.2, 9284.46
24.875, 24158.9, 9284.63
24.876, 24159.7, 9284.8
24.877, 24160.4, 9284.97
24.878, 24161.2, 9285.14
24.879, 24161.9, 9285.31
24.88, 24162.7, 9285.48
24.881, 24163.4, 9285.65
24.882, 24164.2, 9285.83
24.883, 24164.9, 9286
24.884, 24165.7, 9286.17
24.885, 24166.4, 9286.34
24.886, 24167.2, 9286.51
24.887, 24167.9, 9286.68
24.888, 24168.7, 9286.85
24.889, 24169.4, 9287.02
24.89, 24170.2, 9287.19
24.891, 24170.9, 9287.36
24.892, 24171.7, 9287.54
24.893, 24172.4, 9287.71
24.894, 24173.2, 9287.88
24.895, 24173.9, 9288.05
24.896, 24174.7, 9288.22
24.897, 24175.4, 9288.39
24.898, 24176.2, 9288.56
24.899, 24176.9, 9288.73
24.9, 24177.7, 9288.9
24.901, 24178.4, 9289.07
24.902, 24179.2, 9289.24
24.903, 24179.9, 9289.41
24.904, 24180.7, 9289.59
24.905, 24181.4, 9289.76
24.906, 24182.2, 9289.93
24.907, 24182.9, 9290.1
24.908, 24183.7, 9290.27
24.909, 24184.4, 9290.44
24.91, 24185.2, 9290.61
24.911, 24185.9, 9290.78
24.912, 24186.7, 9290.95
24.913, 24187.4, 9291.12
24.914, 24188.2, 9291.29
24.915, 24188.9, 9291.46
24.916, 24189.7, 9291.63
24.917, 24190.4, 9291.8
24.918, 24191.2, 9291.97
24.919, 24191.9, 9292.15
24.92, 24192.7, 9292.32
24.921, 24193.4, 9292.49
24.922, 24194.2, 9292.66
24.923, 24194.9, 9292.83
24.924, 24195.7, 9293
24.925, 24196.4, 9293.17
24.926, 24197.2, 9293.34
24.927, 24197.9, 9293.51
24.928, 24198.7, 9293.68
24.929, 24199.4, 9293.85
24.93, 24200.2, 9294.02
24.931, 24200.9, 9294.19
24.932, 24201.7, 9294.36
24.933, 24202.4, 9294.53
24.934, 24203.2, 9294.7
24.935, 24203.9, 9294.87
24.936, 24204.7, 9295.04
24.937, 24205.4, 9295.21
24.938, 24206.2, 9295.38
24.939, 24206.9, 9295.55
24.94, 24207.7, 9295.72
24.941, 24208.4, 9295.9
24.942, 24209.2, 9296.07
24.943, 24209.9, 9296.24
24.944, 24210.7, 9296.41
24.945, 24211.4, 9296.58
24.946, 24212.2, 9296.75
24.947, 24212.9, 9296.92
24.948, 24213.7, 9297.09
24.949, 24214.4, 9297.26
24.95, 24215.2, 9297.43
24.951, 24215.9, 9297.6
24.952, 24216.7, 9297.77
24.953, 24217.4, 9297.94
24.954, 24218.2, 9298.11
24.955, 24218.9, 9298.28
24.956, 24219.7, 9298.45
24.957, 24220.4, 9298.62
24.958, 24221.2, 9298.79
24.959, 24221.9, 9298.96
24.96, 24222.7, 9299.13
24.961, 24223.4, 9299.3
24.962, 24224.2, 9299.47
24.963, 24224.9, 9299.64
24.964, 24225.7, 9299.81
24.965, 24226.4, 9299.98
24.966, 24227.2, 9300.15
24.967, 24227.9, 9300.32
24.968, 24228.7, 9300.49
24.969, 24229.4, 9300.66
24.97, 24230.2, 9300.83
24.971, 24230.9, 9301
24.972, 24231.7, 9301.17
24.973, 24232.4, 9301.34
24.974, 24233.2, 9301.51
24.975, 24233.9, 9301.68
24.976, 24234.7, 9301.85
24.977, 24235.4, 9302.02
24.978, 24236.2, 9302.19
24.979, 24236.9, 9302.36
24.98, 24237.7, 9302.53
24.981, 24238.4, 9302.7
24.982, 24239.2, 9302.87
24.983, 24239.9, 9303.04
24.984, 24240.7, 9303.21
24.985, 24241.4, 9303.38
24.986, 24242.2, 9303.55
24.987, 24242.9, 9303.72
24.988, 24243.7, 9303.89
24.989, 24244.4, 9304.06
24.99, 24245.2, 9304.23
24.991, 24245.9, 9304.4
24.992, 24246.7, 9304.57
24.993, 24247.4, 9304.74
24.994, 24248.2, 9304.91
24.995, 24248.9, 9305.08
24.996, 24249.7, 9305.25
24.997, 24250.4, 9305.41
24.998, 24251.2, 9305.58
24.999, 24251.9, 9305.75
25, 24252.7, 9305.92
25.001, 24253.4, 9306.09
25.002, 24254.1, 9306.26
25.003, 24254.9, 9306.43
25.004, 24255.6, 9306.6
25.005, 24256.4, 9306.77
25.006, 24257.1, 9306.94
25.007, 24257.9, 9307.11
25.008, 24258.6, 9307.28
25.009, 24259.4, 9307.45
25.01, 24260.1, 9307.62
25.011, 24260.9, 9307.79
25.012, 24261.6, 9307.96
25.013, 24262.4, 9308.13
25.014, 24263.1, 9308.3
25.015, 24263.9, 9308.47
25.016, 24264.6, 9308.64
25.017, 24265.4, 9308.81
25.018, 24266.1, 9308.98
25.019, 24266.9, 9309.14
25.02, 24267.6, 9309.31
25.021, 24268.4, 9309.48
25.022, 24269.1, 9309.65
25.023, 24269.9, 9309.82
25.024, 24270.6, 9309.99
25.025, 24271.4, 9310.16
25.026, 24272.1, 9310.33
25.027, 24272.9, 9310.5
25.028, 24273.6, 9310.67
25.029, 24274.4, 9310.84
25.03, 24275.1, 9311.01
25.031, 24275.9, 9311.18
25.032, 24276.6, 9311.35
25.033, 24277.4, 9311.52
25.034, 24278.1, 9311.68
25.035, 24278.9, 9311.85
25.036, 24279.6, 9312.02
25.037, 24280.4, 9312.19
25.038, 24281.1, 9312.36
25.039, 24281.9, 9312.53
25.04, 24282.6, 9312.7
25.041, 24283.4, 9312.87
25.042, 24284.1, 9313.04
25.043, 24284.9, 9313.21
25.044, 24285.6, 9313.38
25.045, 24286.4, 9313.55
25.046, 24287.1, 9313.71
25.047, 24287.9, 9313.88
25.048, 24288.6, 9314.05
25.049, 24289.4, 9314.22
25.05, 24290.1, 9314.39
25.051, 24290.8, 9314.56
25.052, 24291.6, 9314.73
25.053, 24292.3, 9314.9
25.054, 24293.1, 9315.07
25.055, 24293.8, 9315.24
25.056, 24294.6, 9315.4
25.057, 24295.3, 9315.57
25.058, 24296.1, 9315.74
25.059, 24296.8, 9315.91
25.06, 24297.6, 9316.08
25.061, 24298.3, 9316.25
25.062, 24299.1, 9316.42
25.063, 24299.8, 9316.59
25.064, 24300.6, 9316.76
25.065, 24301.3, 9316.92
25.066, 24302.1, 9317.09
25.067, 24302.8, 9317.26
25.068, 24303.6, 9317.43
25.069, 24304.3, 9317.6
25.07, 24305.1, 9317.77
25.071, 24305.8, 9317.94
25.072, 24306.6, 9318.11
25.073, 24307.3, 9318.28
25.074, 24308.1, 9318.44
25.075, 24308.8, 9318.61
25.076, 24309.6, 9318.78
25.077, 24310.3, 9318.95
25.078, 24311.1, 9319.12
25.079, 24311.8, 9319.29
25.08, 24312.6, 9319.46
25.081, 24313.3, 9319.62
25.082, 24314.1, 9319.79
25.083, 24314.8, 9319.96
25.084, 24315.6, 9320.13
25.085, 24316.3, 9320.3
25.086, 24317, 9320.47
25.087, 24317.8, 9320.64
25.088, 24318.5, 9320.81
25.089, 24319.3, 9320.97
25.09, 24320, 9321.14
25.091, 24320.8, 9321.31
25.092, 24321.5, 9321.48
25.093, 24322.3, 9321.65
25.094, 24323, 9321.82
25.095, 24323.8, 9321.99
25.096, 24324.5, 9322.15
25.097, 24325.3, 9322.32
25.098, 24326, 9322.49
25.099, 24326.8, 9322.66
25.1, 24327.5, 9322.83
25.101, 24328.3, 9323
25.102, 24329, 9323.16
25.103, 24329.8, 9323.33
25.104, 24330.5, 9323.5
25.105, 24331.3, 9323.67
25.106, 24332, 9323.84
25.107, 24332.8, 9324.01
25.108, 24333.5, 9324.17
25.109, 24334.3, 9324.34
25.11, 24335, 9324.51
25.111, 24335.8, 9324.68
25.112, 24336.5, 9324.85
25.113, 24337.3, 9325.02
25.114, 24338, 9325.18
25.115, 24338.7, 9325.35
25.116, 24339.5, 9325.52
25.117, 24340.2, 9325.69
25.118, 24341, 9325.86
25.119, 24341.7, 9326.03
25.12, 24342.5, 9326.19
25.121, 24343.2, 9326.36
25.122, 24344, 9326.53
25.123, 24344.7, 9326.7
25.124, 24345.5, 9326.87
25.125, 24346.2, 9327.03
25.126, 24347, 9327.2
25.127, 24347.7, 9327.37
25.128, 24348.5, 9327.54
25.129, 24349.2, 9327.71
25.13, 24350, 9327.88
25.131, 24350.7, 9328.04
25.132, 24351.5, 9328.21
25.133, 24352.2, 9328.38
25.134, 24353, 9328.55
25.135, 24353.7, 9328.72
25.136, 24354.5, 9328.88
25.137, 24355.2, 9329.05
25.138, 24356, 9329.22
25.139, 24356.7, 9329.39
25.14, 24357.4, 9329.56
25.141, 24358.2, 9329.72
25.142, 24358.9, 9329.89
25.143, 24359.7, 9330.06
25.144, 24360.4, 9330.23
25.145, 24361.2, 9330.4
25.146, 24361.9, 9330.56
25.147, 24362.7, 9330.73
25.148, 24363.4, 9330.9
25.149, 24364.2, 9331.07
25.15, 24364.9, 9331.24
25.151, 24365.7, 9331.4
25.152, 24366.4, 9331.57
25.153, 24367.2, 9331.74
25.154, 24367.9, 9331.91
25.155, 24368.7, 9332.07
25.156, 24369.4, 9332.24
25.157, 24370.2, 9332.41
25.158, 24370.9, 9332.58
25.159, 24371.7, 9332.75
25.16, 24372.4, 9332.91
25.161, 24373.2, 9333.08
25.162, 24373.9, 9333.25
25.163, 24374.7, 9333.42
25.164, 24375.4, 9333.58
25.165, 24376.1, 9333.75
25.166, 24376.9, 9333.92
25.167, 24377.6, 9334.09
25.168, 24378.4, 9334.25
25.169, 24379.1, 9334.42
25.17, 24379.9, 9334.59
25.171, 24380.6, 9334.76
25.172, 24381.4, 9334.92
25.173, 24382.1, 9335.09
25.174, 24382.9, 9335.26
25.175, 24383.6, 9335.43
25.176, 24384.4, 9335.6
25.177, 24385.1, 9335.76
25.178, 24385.9, 9335.93
25.179, 24386.6, 9336.1
25.18, 24387.4, 9336.27
25.181, 24388.1, 9336.43
25.182, 24388.9, 9336.6
25.183, 24389.6, 9336.77
25.184, 24390.4, 9336.94
25.185, 24391.1, 9337.1
25.186, 24391.8, 9337.27
25.187, 24392.6, 9337.44
25.188, 24393.3, 9337.6
25.189, 24394.1, 9337.77
25.19, 24394.8, 9337.94
25.191, 24395.6, 9338.11
25.192, 24396.3, 9338.27
25.193, 24397.1, 9338.44
25.194, 24397.8, 9338.61
25.195, 24398.6, 9338.78
25.196, 24399.3, 9338.94
25.197, 24400.1, 9339.11
25.198, 24400.8, 9339.28
25.199, 24401.6, 9339.45
25.2, 24402.3, 9339.61
25.201, 24403.1, 9339.78
25.202, 24403.8, 9339.95
25.203, 24404.6, 9340.11
25.204, 24405.3, 9340.28
25.205, 24406, 9340.45
25.206, 24406.8, 9340.62
25.207, 24407.5, 9340.78
25.208, 24408.3, 9340.95
25.209, 24409, 9341.12
25.21, 24409.8, 9341.29
25.211, 24410.5, 9341.45
25.212, 24411.3, 9341.62
25.213, 24412, 9341.79
25.214, 24412.8, 9341.95
25.215, 24413.5, 9342.12
25.216, 24414.3, 9342.29
25.217, 24415, 9342.45
25.218, 24415.8, 9342.62
25.219, 24416.5, 9342.79
25.22, 24417.3, 9342.96
25.221, 24418, 9343.12
25.222, 24418.8, 9343.29
25.223, 24419.5, 9343.46
25.224, 24420.2, 9343.62
25.225, 24421, 9343.79
25.226, 24421.7, 9343.96
25.227, 24422.5, 9344.12
25.228, 24423.2, 9344.29
25.229, 24424, 9344.46
25.23, 24424.7, 9344.63
25.231, 24425.5, 9344.79
25.232, 24426.2, 9344.96
25.233, 24427, 9345.13
25.234, 24427.7, 9345.29
25.235, 24428.5, 9345.46
25.236, 24429.2, 9345.63
25.237, 24430, 9345.79
25.238, 24430.7, 9345.96
25.239, 24431.5, 9346.13
25.24, 24432.2, 9346.29
25.241, 24432.9, 9346.46
25.242, 24433.7, 9346.63
25.243, 24434.4, 9346.79
25.244, 24435.2, 9346.96
25.245, 24435.9, 9347.13
25.246, 24436.7, 9347.29
25.247, 24437.4, 9347.46
25.248, 24438.2, 9347.63
25.249, 24438.9, 9347.79
25.25, 24439.7, 9347.96
25.251, 24440.4, 9348.13
25.252, 24441.2, 9348.29
25.253, 24441.9, 9348.46
25.254, 24442.7, 9348.63
25.255, 24443.4, 9348.79
25.256, 24444.2, 9348.96
25.257, 24444.9, 9349.13
25.258, 24445.6, 9349.29
25.259, 24446.4, 9349.46
25.26, 24447.1, 9349.63
25.261, 24447.9, 9349.79
25.262, 24448.6, 9349.96
25.263, 24449.4, 9350.13
25.264, 24450.1, 9350.29
25.265, 24450.9, 9350.46
25.266, 24451.6, 9350.63
25.267, 24452.4, 9350.79
25.268, 24453.1, 9350.96
25.269, 24453.9, 9351.13
25.27, 24454.6, 9351.29
25.271, 24455.4, 9351.46
25.272, 24456.1, 9351.63
25.273, 24456.8, 9351.79
25.274, 24457.6, 9351.96
25.275, 24458.3, 9352.12
25.276, 24459.1, 9352.29
25.277, 24459.8, 9352.46
25.278, 24460.6, 9352.62
25.279, 24461.3, 9352.79
25.28, 24462.1, 9352.96
25.281, 24462.8, 9353.12
25.282, 24463.6, 9353.29
25.283, 24464.3, 9353.46
25.284, 24465.1, 9353.62
25.285, 24465.8, 9353.79
25.286, 24466.6, 9353.95
25.287, 24467.3, 9354.12
25.288, 24468, 9354.29
25.289, 24468.8, 9354.45
25.29, 24469.5, 9354.62
25.291, 24470.3, 9354.79
25.292, 24471, 9354.95
25.293, 24471.8, 9355.12
25.294, 24472.5, 9355.28
25.295, 24473.3, 9355.45
25.296, 24474, 9355.62
25.297, 24474.8, 9355.78
25.298, 24475.5, 9355.95
25.299, 24476.3, 9356.11
25.3, 24477, 9356.28
25.301, 24477.8, 9356.45
25.302, 24478.5, 9356.61
25.303, 24479.2, 9356.78
25.304, 24480, 9356.94
25.305, 24480.7, 9357.11
25.306, 24481.5, 9357.28
25.307, 24482.2, 9357.44
25.308, 24483, 9357.61
25.309, 24483.7, 9357.77
25.31, 24484.5, 9357.94
25.311, 24485.2, 9358.11
25.312, 24486, 9358.27
25.313, 24486.7, 9358.44
25.314, 24487.5, 9358.6
25.315, 24488.2, 9358.77
25.316, 24489, 9358.94
25.317, 24489.7, 9359.1
25.318, 24490.4, 9359.27
25.319, 24491.2, 9359.43
25.32, 24491.9, 9359.6
25.321, 24492.7, 9359.77
25.322, 24493.4, 9359.93
25.323, 24494.2, 9360.1
25.324, 24494.9, 9360.26
25.325, 24495.7, 9360.43
25.326, 24496.4, 9360.59
25.327, 24497.2, 9360.76
25.328, 24497.9, 9360.93
25.329, 24498.7, 9361.09
25.33, 24499.4, 9361.26
25.331, 24500.1, 9361.42
25.332, 24500.9, 9361.59
25.333, 24501.6, 9361.76
25.334, 24502.4, 9361.92
25.335, 24503.1, 9362.09
25.336, 24503.9, 9362.25
25.337, 24504.6, 9362.42
25.338, 24505.4, 9362.58
25.339, 24506.1, 9362.75
25.34, 24506.9, 9362.91
25.341, 24507.6, 9363.08
25.342, 24508.4, 9363.25
25.343, 24509.1, 9363.41
25.344, 24509.8, 9363.58
25.345, 24510.6, 9363.74
25.346, 24511.3, 9363.91
25.347, 24512.1, 9364.07
25.348, 24512.8, 9364.24
25.349, 24513.6, 9364.4
25.35, 24514.3, 9364.57
25.351, 24515.1, 9364.74
25.352, 24515.8, 9364.9
25.353, 24516.6, 9365.07
25.354, 24517.3, 9365.23
25.355, 24518.1, 9365.4
25.356, 24518.8, 9365.56
25.357, 24519.5, 9365.73
25.358, 24520.3, 9365.89
25.359, 24521, 9366.06
25.36, 24521.8, 9366.22
25.361, 24522.5, 9366.39
25.362, 24523.3, 9366.56
25.363, 24524, 9366.72
25.364, 24524.8, 9366.89
25.365, 24525.5, 9367.05
25.366, 24526.3, 9367.22
25.367, 24527, 9367.38
25.368, 24527.8, 9367.55
25.369, 24528.5, 9367.71
25.37, 24529.2, 9367.88
25.371, 24530, 9368.04
25.372, 24530.7, 9368.21
25.373, 24531.5, 9368.37
25.374, 24532.2, 9368.54
25.375, 24533, 9368.7
25.376, 24533.7, 9368.87
25.377, 24534.5, 9369.03
25.378, 24535.2, 9369.2
25.379, 24536, 9369.36
25.38, 24536.7, 9369.53
25.381, 24537.4, 9369.7
25.382, 24538.2, 9369.86
25.383, 24538.9, 9370.03
25.384, 24539.7, 9370.19
25.385, 24540.4, 9370.36
25.386, 24541.2, 9370.52
25.387, 24541.9, 9370.69
25.388, 24542.7, 9370.85
25.389, 24543.4, 9371.02
25.39, 24544.2, 9371.18
25.391, 24544.9, 9371.35
25.392, 24545.6, 9371.51
25.393, 24546.4, 9371.68
25.394, 24547.1, 9371.84
25.395, 24547.9, 9372.01
25.396, 24548.6, 9372.17
25.397, 24549.4, 9372.34
25.398, 24550.1, 9372.5
25.399, 24550.9, 9372.67
25.4, 24551.6, 9372.83
25.401, 24552.4, 9373
25.402, 24553.1, 9373.16
25.403, 24553.9, 9373.33
25.404, 24554.6, 9373.49
25.405, 24555.3, 9373.65
25.406, 24556.1, 9373.82
25.407, 24556.8, 9373.98
25.408, 24557.6, 9374.15
25.409, 24558.3, 9374.31
25.41, 24559.1, 9374.48
25.411, 24559.8, 9374.64
25.412, 24560.6, 9374.81
25.413, 24561.3, 9374.97
25.414, 24562.1, 9375.14
25.415, 24562.8, 9375.3
25.416, 24563.5, 9375.47
25.417, 24564.3, 9375.63
25.418, 24565, 9375.8
25.419, 24565.8, 9375.96
25.42, 24566.5, 9376.13
25.421, 24567.3, 9376.29
25.422, 24568, 9376.46
25.423, 24568.8, 9376.62
25.424, 24569.5, 9376.79
25.425, 24570.3, 9376.95
25.426, 24571, 9377.11
25.427, 24571.7, 9377.28
25.428, 24572.5, 9377.44
25.429, 24573.2, 9377.61
25.43, 24574, 9377.77
25.431, 24574.7, 9377.94
25.432, 24575.5, 9378.1
25.433, 24576.2, 9378.27
25.434, 24577, 9378.43
25.435, 24577.7, 9378.6
25.436, 24578.5, 9378.76
25.437, 24579.2, 9378.92
25.438, 24579.9, 9379.09
25.439, 24580.7, 9379.25
25.44, 24581.4, 9379.42
25.441, 24582.2, 9379.58
25.442, 24582.9, 9379.75
25.443, 24583.7, 9379.91
25.444, 24584.4, 9380.08
25.445, 24585.2, 9380.24
25.446, 24585.9, 9380.4
25.447, 24586.7, 9380.57
25.448, 24587.4, 9380.73
25.449, 24588.1, 9380.9
25.45, 24588.9, 9381.06
25.451, 24589.6, 9381.23
25.452, 24590.4, 9381.39
25.453, 24591.1, 9381.55
25.454, 24591.9, 9381.72
25.455, 24592.6, 9381.88
25.456, 24593.4, 9382.05
25.457, 24594.1, 9382.21
25.458, 24594.8, 9382.38
25.459, 24595.6, 9382.54
25.46, 24596.3, 9382.7
25.461, 24597.1, 9382.87
25.462, 24597.8, 9383.03
25.463, 24598.6, 9383.2
25.464, 24599.3, 9383.36
25.465, 24600.1, 9383.53
25.466, 24600.8, 9383.69
25.467, 24601.6, 9383.85
25.468, 24602.3, 9384.02
25.469, 24603, 9384.18
25.47, 24603.8, 9384.35
25.471, 24604.5, 9384.51
25.472, 24605.3, 9384.67
25.473, 24606, 9384.84
25.474, 24606.8, 9385
25.475, 24607.5, 9385.17
25.476, 24608.3, 9385.33
25.477, 24609, 9385.49
25.478, 24609.7, 9385.66
25.479, 24610.5, 9385.82
25.48, 24611.2, 9385.99
25.481, 24612, 9386.15
25.482, 24612.7, 9386.31
25.483, 24613.5, 9386.48
25.484, 24614.2, 9386.64
25.485, 24615, 9386.81
25.486, 24615.7, 9386.97
25.487, 24616.5, 9387.13
25.488, 24617.2, 9387.3
25.489, 24617.9, 9387.46
25.49, 24618.7, 9387.63
25.491, 24619.4, 9387.79
25.492, 24620.2, 9387.95
25.493, 24620.9, 9388.12
25.494, 24621.7, 9388.28
25.495, 24622.4, 9388.44
25.496, 24623.2, 9388.61
25.497, 24623.9, 9388.77
25.498, 24624.6, 9388.94
25.499, 24625.4, 9389.1
25.5, 24626.1, 9389.26
25.501, 24626.9, 9389.43
25.502, 24627.6, 9389.59
25.503, 24628.4, 9389.75
25.504, 24629.1, 9389.92
25.505, 24629.9, 9390.08
25.506, 24630.6, 9390.25
25.507, 24631.3, 9390.41
25.508, 24632.1, 9390.57
25.509, 24632.8, 9390.74
25.51, 24633.6, 9390.9
25.511, 24634.3, 9391.06
25.512, 24635.1, 9391.23
25.513, 24635.8, 9391.39
25.514, 24636.6, 9391.55
25.515, 24637.3, 9391.72
25.516, 24638.1, 9391.88
25.517, 24638.8, 9392.04
25.518, 24639.5, 9392.21
25.519, 24640.3, 9392.37
25.52, 24641, 9392.54
25.521, 24641.8, 9392.7
25.522, 24642.5, 9392.86
25.523, 24643.3, 9393.03
25.524, 24644, 9393.19
25.525, 24644.8, 9393.35
25.526, 24645.5, 9393.52
25.527, 24646.2, 9393.68
25.528, 24647, 9393.84
25.529, 24647.7, 9394.01
25.53, 24648.5, 9394.17
25.531, 24649.2, 9394.33
25.532, 24650, 9394.5
25.533, 24650.7, 9394.66
25.534, 24651.5, 9394.82
25.535, 24652.2, 9394.99
25.536, 24652.9, 9395.15
25.537, 24653.7, 9395.31
25.538, 24654.4, 9395.48
25.539, 24655.2, 9395.64
25.54, 24655.9, 9395.8
25.541, 24656.7, 9395.97
25.542, 24657.4, 9396.13
25.543, 24658.2, 9396.29
25.544, 24658.9, 9396.46
25.545, 24659.6, 9396.62
25.546, 24660.4, 9396.78
25.547, 24661.1, 9396.95
25.548, 24661.9, 9397.11
25.549, 24662.6, 9397.27
25.55, 24663.4, 9397.44
25.551, 24664.1, 9397.6
25.552, 24664.9, 9397.76
25.553, 24665.6, 9397.92
25.554, 24666.3, 9398.09
25.555, 24667.1, 9398.25
25.556, 24667.8, 9398.41
25.557, 24668.6, 9398.58
25.558, 24669.3, 9398.74
25.559, 24670.1, 9398.9
25.56, 24670.8, 9399.07
25.561, 24671.6, 9399.23
25.562, 24672.3, 9399.39
25.563, 24673, 9399.56
25.564, 24673.8, 9399.72
25.565, 24674.5, 9399.88
25.566, 24675.3, 9400.04
25.567, 24676, 9400.21
25.568, 24676.8, 9400.37
25.569, 24677.5, 9400.53
25.57, 24678.2, 9400.7
25.571, 24679, 9400.86
25.572, 24679.7, 9401.02
25.573, 24680.5, 9401.18
25.574, 24681.2, 9401.35
25.575, 24682, 9401.51
25.576, 24682.7, 9401.67
25.577, 24683.5, 9401.84
25.578, 24684.2, 9402
25.579, 24684.9, 9402.16
25.58, 24685.7, 9402.32
25.581, 24686.4, 9402.49
25.582, 24687.2, 9402.65
25.583, 24687.9, 9402.81
25.584, 24688.7, 9402.98
25.585, 24689.4, 9403.14
25.586, 24690.2, 9403.3
25.587, 24690.9, 9403.46
25.588, 24691.6, 9403.63
25.589, 24692.4, 9403.79
25.59, 24693.1, 9403.95
25.591, 24693.9, 9404.11
25.592, 24694.6, 9404.28
25.593, 24695.4, 9404.44
25.594, 24696.1, 9404.6
25.595, 24696.8, 9404.77
25.596, 24697.6, 9404.93
25.597, 24698.3, 9405.09
25.598, 24699.1, 9405.25
25.599, 24699.8, 9405.42
25.6, 24700.6, 9405.58
25.601, 24701.3, 9405.74
25.602, 24702.1, 9405.9
25.603, 24702.8, 9406.07
25.604, 24703.5, 9406.23
25.605, 24704.3, 9406.39
25.606, 24705, 9406.55
25.607, 24705.8, 9406.72
25.608, 24706.5, 9406.88
25.609, 24707.3, 9407.04
25.61, 24708, 9407.2
25.611, 24708.8, 9407.37
25.612, 24709.5, 9407.53
25.613, 24710.2, 9407.69
25.614, 24711, 9407.85
25.615, 24711.7, 9408.02
25.616, 24712.5, 9408.18
25.617, 24713.2, 9408.34
25.618, 24714, 9408.5
25.619, 24714.7, 9408.66
25.62, 24715.4, 9408.83
25.621, 24716.2, 9408.99
25.622, 24716.9, 9409.15
25.623, 24717.7, 9409.31
25.624, 24718.4, 9409.48
25.625, 24719.2, 9409.64
25.626, 24719.9, 9409.8
25.627, 24720.7, 9409.96
25.628, 24721.4, 9410.13
25.629, 24722.1, 9410.29
25.63, 24722.9, 9410.45
25.631, 24723.6, 9410.61
25.632, 24724.4, 9410.77
25.633, 24725.1, 9410.94
25.634, 24725.9, 9411.1
25.635, 24726.6, 9411.26
25.636, 24727.3, 9411.42
25.637, 24728.1, 9411.59
25.638, 24728.8, 9411.75
25.639, 24729.6, 9411.91
25.64, 24730.3, 9412.07
25.641, 24731.1, 9412.23
25.642, 24731.8, 9412.4
25.643, 24732.5, 9412.56
25.644, 24733.3, 9412.72
25.645, 24734, 9412.88
25.646, 24734.8, 9413.04
25.647, 24735.5, 9413.21
25.648, 24736.3, 9413.37
25.649, 24737, 9413.53
25.65, 24737.8, 9413.69
25.651, 24738.5, 9413.85
25.652, 24739.2, 9414.02
25.653, 24740, 9414.18
25.654, 24740.7, 9414.34
25.655, 24741.5, 9414.5
25.656, 24742.2, 9414.66
25.657, 24743, 9414.83
25.658, 24743.7, 9414.99
25.659, 24744.4, 9415.15
25.66, 24745.2, 9415.31
25.661, 24745.9, 9415.47
25.662, 24746.7, 9415.63
25.663, 24747.4, 9415.8
25.664, 24748.2, 9415.96
25.665, 24748.9, 9416.12
25.666, 24749.6, 9416.28
25.667, 24750.4, 9416.44
25.668, 24751.1, 9416.61
25.669, 24751.9, 9416.77
25.67, 24752.6, 9416.93
25.671, 24753.4, 9417.09
25.672, 24754.1, 9417.25
25.673, 24754.9, 9417.41
25.674, 24755.6, 9417.58
25.675, 24756.3, 9417.74
25.676, 24757.1, 9417.9
25.677, 24757.8, 9418.06
25.678, 24758.6, 9418.22
25.679, 24759.3, 9418.38
25.68, 24760.1, 9418.55
25.681, 24760.8, 9418.71
25.682, 24761.5, 9418.87
25.683, 24762.3, 9419.03
25.684, 24763, 9419.19
25.685, 24763.8, 9419.35
25.686, 24764.5, 9419.52
25.687, 24765.3, 9419.68
25.688, 24766, 9419.84
25.689, 24766.7, 9420
25.69, 24767.5, 9420.16
25.691, 24768.2, 9420.32
25.692, 24769, 9420.48
25.693, 24769.7, 9420.65
25.694, 24770.5, 9420.81
25.695, 24771.2, 9420.97
25.696, 24771.9, 9421.13
25.697, 24772.7, 9421.29
25.698, 24773.4, 9421.45
25.699, 24774.2, 9421.61
25.7, 24774.9, 9421.78
25.701, 24775.7, 9421.94
25.702, 24776.4, 9422.1
25.703, 24777.1, 9422.26
25.704, 24777.9, 9422.42
25.705, 24778.6, 9422.58
25.706, 24779.4, 9422.74
25.707, 24780.1, 9422.91
25.708, 24780.9, 9423.07
25.709, 24781.6, 9423.23
25.71, 24782.3, 9423.39
25.711, 24783.1, 9423.55
25.712, 24783.8, 9423.71
25.713, 24784.6, 9423.87
25.714, 24785.3, 9424.03
25.715, 24786.1, 9424.2
25.716, 24786.8, 9424.36
25.717, 24787.5, 9424.52
25.718, 24788.3, 9424.68
25.719, 24789, 9424.84
25.72, 24789.8, 9425
25.721, 24790.5, 9425.16
25.722, 24791.3, 9425.32
25.723, 24792, 9425.49
25.724, 24792.7, 9425.65
25.725, 24793.5, 9425.81
25.726, 24794.2, 9425.97
25.727, 24795, 9426.13
25.728, 24795.7, 9426.29
25.729, 24796.5, 9426.45
25.73, 24797.2, 9426.61
25.731, 24797.9, 9426.77
25.732, 24798.7, 9426.94
25.733, 24799.4, 9427.1
25.734, 24800.2, 9427.26
25.735, 24800.9, 9427.42
25.736, 24801.7, 9427.58
25.737, 24802.4, 9427.74
25.738, 24803.1, 9427.9
25.739, 24803.9, 9428.06
25.74, 24804.6, 9428.22
25.741, 24805.4, 9428.38
25.742, 24806.1, 9428.54
25.743, 24806.9, 9428.71
25.744, 24807.6, 9428.87
25.745, 24808.3, 9429.03
25.746, 24809.1, 9429.19
25.747, 24809.8, 9429.35
25.748, 24810.6, 9429.51
25.749, 24811.3, 9429.67
25.75, 24812.1, 9429.83
25.751, 24812.8, 9429.99
25.752, 24813.5, 9430.15
25.753, 24814.3, 9430.31
25.754, 24815, 9430.47
25.755, 24815.8, 9430.64
25.756, 24816.5, 9430.8
25.757, 24817.3, 9430.96
25.758, 24818, 9431.12
25.759, 24818.7, 9431.28
25.76, 24819.5, 9431.44
25.761, 24820.2, 9431.6
25.762, 24821, 9431.76
25.763, 24821.7, 9431.92
25.764, 24822.5, 9432.08
25.765, 24823.2, 9432.24
25.766, 24823.9, 9432.4
25.767, 24824.7, 9432.56
25.768, 24825.4, 9432.72
25.769, 24826.2, 9432.88
25.77, 24826.9, 9433.05
25.771, 24827.6, 9433.21
25.772, 24828.4, 9433.37
25.773, 24829.1, 9433.53
25.774, 24829.9, 9433.69
25.775, 24830.6, 9433.85
25.776, 24831.4, 9434.01
25.777, 24832.1, 9434.17
25.778, 24832.8, 9434.33
25.779, 24833.6, 9434.49
25.78, 24834.3, 9434.65
25.781, 24835.1, 9434.81
25.782, 24835.8, 9434.97
25.783, 24836.6, 9435.13
25.784, 24837.3, 9435.29
25.785, 24838, 9435.45
25.786, 24838.8, 9435.61
25.787, 24839.5, 9435.77
25.788, 24840.3, 9435.93
25.789, 24841, 9436.09
25.79, 24841.8, 9436.25
25.791, 24842.5, 9436.42
25.792, 24843.2, 9436.58
25.793, 24844, 9436.74
25.794, 24844.7, 9436.9
25.795, 24845.5, 9437.06
25.796, 24846.2, 9437.22
25.797, 24846.9, 9437.38
25.798, 24847.7, 9437.54
25.799, 24848.4, 9437.7
25.8, 24849.2, 9437.86
25.801, 24849.9, 9438.02
25.802, 24850.7, 9438.18
25.803, 24851.4, 9438.34
25.804, 24852.1, 9438.5
25.805, 24852.9, 9438.66
25.806, 24853.6, 9438.82
25.807, 24854.4, 9438.98
25.808, 24855.1, 9439.14
25.809, 24855.9, 9439.3
25.81, 24856.6, 9439.46
25.811, 24857.3, 9439.62
25.812, 24858.1, 9439.78
25.813, 24858.8, 9439.94
25.814, 24859.6, 9440.1
25.815, 24860.3, 9440.26
25.816, 24861, 9440.42
25.817, 24861.8, 9440.58
25.818, 24862.5, 9440.74
25.819, 24863.3, 9440.9
25.82, 24864, 9441.06
25.821, 24864.8, 9441.22
25.822, 24865.5, 9441.38
25.823, 24866.2, 9441.54
25.824, 24867, 9441.7
25.825, 24867.7, 9441.86
25.826, 24868.5, 9442.02
25.827, 24869.2, 9442.18
25.828, 24870, 9442.34
25.829, 24870.7, 9442.5
25.83, 24871.4, 9442.66
25.831, 24872.2, 9442.82
25.832, 24872.9, 9442.98
25.833, 24873.7, 9443.14
25.834, 24874.4, 9443.3
25.835, 24875.1, 9443.46
25.836, 24875.9, 9443.62
25.837, 24876.6, 9443.78
25.838, 24877.4, 9443.94
25.839, 24878.1, 9444.1
25.84, 24878.9, 9444.26
25.841, 24879.6, 9444.42
25.842, 24880.3, 9444.58
25.843, 24881.1, 9444.74
25.844, 24881.8, 9444.9
25.845, 24882.6, 9445.06
25.846, 24883.3, 9445.22
25.847, 24884, 9445.38
25.848, 24884.8, 9445.54
25.849, 24885.5, 9445.69
25.85, 24886.3, 9445.85
25.851, 24887, 9446.01
25.852, 24887.8, 9446.17
25.853, 24888.5, 9446.33
25.854, 24889.2, 9446.49
25.855, 24890, 9446.65
25.856, 24890.7, 9446.81
25.857, 24891.5, 9446.97
25.858, 24892.2, 9447.13
25.859, 24892.9, 9447.29
25.86, 24893.7, 9447.45
25.861, 24894.4, 9447.61
25.862, 24895.2, 9447.77
25.863, 24895.9, 9447.93
25.864, 24896.7, 9448.09
25.865, 24897.4, 9448.25
25.866, 24898.1, 9448.41
25.867, 24898.9, 9448.57
25.868, 24899.6, 9448.73
25.869, 24900.4, 9448.89
25.87, 24901.1, 9449.05
25.871, 24901.8, 9449.2
25.872, 24902.6, 9449.36
25.873, 24903.3, 9449.52
25.874, 24904.1, 9449.68
25.875, 24904.8, 9449.84
25.876, 24905.6, 9450
25.877, 24906.3, 9450.16
25.878, 24907, 9450.32
25.879, 24907.8, 9450.48
25.88, 24908.5, 9450.64
25.881, 24909.3, 9450.8
25.882, 24910, 9450.96
25.883, 24910.7, 9451.12
25.884, 24911.5, 9451.28
25.885, 24912.2, 9451.44
25.886, 24913, 9451.59
25.887, 24913.7, 9451.75
25.888, 24914.5, 9451.91
25.889, 24915.2, 9452.07
25.89, 24915.9, 9452.23
25.891, 24916.7, 9452.39
25.892, 24917.4, 9452.55
25.893, 24918.2, 9452.71
25.894, 24918.9, 9452.87
25.895, 24919.6, 9453.03
25.896, 24920.4, 9453.19
25.897, 24921.1, 9453.35
25.898, 24921.9, 9453.5
25.899, 24922.6, 9453.66
25.9, 24923.3, 9453.82
25.901, 24924.1, 9453.98
25.902, 24924.8, 9454.14
25.903, 24925.6, 9454.3
25.904, 24926.3, 9454.46
25.905, 24927.1, 9454.62
25.906, 24927.8, 9454.78
25.907, 24928.5, 9454.94
25.908, 24929.3, 9455.09
25.909, 24930, 9455.25
25.91, 24930.8, 9455.41
25.911, 24931.5, 9455.57
25.912, 24932.2, 9455.73
25.913, 24933, 9455.89
25.914, 24933.7, 9456.05
25.915, 24934.5, 9456.21
25.916, 24935.2, 9456.37
25.917, 24936, 9456.52
25.918, 24936.7, 9456.68
25.919, 24937.4, 9456.84
25.92, 24938.2, 9457
25.921, 24938.9, 9457.16
25.922, 24939.7, 9457.32
25.923, 24940.4, 9457.48
25.924, 24941.1, 9457.64
25.925, 24941.9, 9457.8
25.926, 24942.6, 9457.95
25.927, 24943.4, 9458.11
25.928, 24944.1, 9458.27
25.929, 24944.8, 9458.43
25.93, 24945.6, 9458.59
25.931, 24946.3, 9458.75
25.932, 24947.1, 9458.91
25.933, 24947.8, 9459.07
25.934, 24948.5, 9459.22
25.935, 24949.3, 9459.38
25.936, 24950, 9459.54
25.937, 24950.8, 9459.7
25.938, 24951.5, 9459.86
25.939, 24952.3, 9460.02
25.94, 24953, 9460.18
25.941, 24953.7, 9460.33
25.942, 24954.5, 9460.49
25.943, 24955.2, 9460.65
25.944, 24956, 9460.81
25.945, 24956.7, 9460.97
25.946, 24957.4, 9461.13
25.947, 24958.2, 9461.29
25.948, 24958.9, 9461.44
25.949, 24959.7, 9461.6
25.95, 24960.4, 9461.76
25.951, 24961.1, 9461.92
25.952, 24961.9, 9462.08
25.953, 24962.6, 9462.24
25.954, 24963.4, 9462.39
25.955, 24964.1, 9462.55
25.956, 24964.8, 9462.71
25.957, 24965.6, 9462.87
25.958, 24966.3, 9463.03
25.959, 24967.1, 9463.19
25.96, 24967.8, 9463.35
25.961, 24968.6, 9463.5
25.962, 24969.3, 9463.66
25.963, 24970, 9463.82
25.964, 24970.8, 9463.98
25.965, 24971.5, 9464.14
25.966, 24972.3, 9464.3
25.967, 24973, 9464.45
25.968, 24973.7, 9464.61
25.969, 24974.5, 9464.77
25.97, 24975.2, 9464.93
25.971, 24976, 9465.09
25.972, 24976.7, 9465.24
25.973, 24977.4, 9465.4
25.974, 24978.2, 9465.56
25.975, 24978.9, 9465.72
25.976, 24979.7, 9465.88
25.977, 24980.4, 9466.04
25.978, 24981.1, 9466.19
25.979, 24981.9, 9466.35
25.98, 24982.6, 9466.51
25.981, 24983.4, 9466.67
25.982, 24984.1, 9466.83
25.983, 24984.8, 9466.98
25.984, 24985.6, 9467.14
25.985, 24986.3, 9467.3
25.986, 24987.1, 9467.46
25.987, 24987.8, 9467.62
25.988, 24988.6, 9467.77
25.989, 24989.3, 9467.93
25.99, 24990, 9468.09
25.991, 24990.8, 9468.25
25.992, 24991.5, 9468.41
25.993, 24992.3, 9468.56
25.994, 24993, 9468.72
25.995, 24993.7, 9468.88
25.996, 24994.5, 9469.04
25.997, 24995.2, 9469.2
25.998, 24996, 9469.35
25.999, 24996.7, 9469.51
26, 24997.4, 9469.67
26.001, 24998.2, 9469.83
26.002, 24998.9, 9469.99
26.003, 24999.7, 9470.14
26.004, 25000.4, 9470.3
26.005, 25001.1, 9470.46
26.006, 25001.9, 9470.62
26.007, 25002.6, 9470.78
26.008, 25003.4, 9470.93
26.009, 25004.1, 9471.09
26.01, 25004.8, 9471.25
26.011, 25005.6, 9471.41
26.012, 25006.3, 9471.56
26.013, 25007.1, 9471.72
26.014, 25007.8, 9471.88
26.015, 25008.5, 9472.04
26.016, 25009.3, 9472.2
26.017, 25010, 9472.35
26.018, 25010.8, 9472.51
26.019, 25011.5, 9472.67
26.02, 25012.2, 9472.83
26.021, 25013, 9472.98
26.022, 25013.7, 9473.14
26.023, 25014.5, 9473.3
26.024, 25015.2, 9473.46
26.025, 25015.9, 9473.61
26.026, 25016.7, 9473.77
26.027, 25017.4, 9473.93
26.028, 25018.2, 9474.09
26.029, 25018.9, 9474.24
26.03, 25019.6, 9474.4
26.031, 25020.4, 9474.56
26.032, 25021.1, 9474.72
26.033, 25021.9, 9474.87
26.034, 25022.6, 9475.03
26.035, 25023.3, 9475.19
26.036, 25024.1, 9475.35
26.037, 25024.8, 9475.5
26.038, 25025.6, 9475.66
26.039, 25026.3, 9475.82
26.04, 25027, 9475.98
26.041, 25027.8, 9476.13
26.042, 25028.5, 9476.29
26.043, 25029.3, 9476.45
26.044, 25030, 9476.61
26.045, 25030.7, 9476.76
26.046, 25031.5, 9476.92
26.047, 25032.2, 9477.08
26.048, 25033, 9477.24
26.049, 25033.7, 9477.39
26.05, 25034.4, 9477.55
26.051, 25035.2, 9477.71
26.052, 25035.9, 9477.87
26.053, 25036.7, 9478.02
26.054, 25037.4, 9478.18
26.055, 25038.1, 9478.34
26.056, 25038.9, 9478.49
26.057, 25039.6, 9478.65
26.058, 25040.4, 9478.81
26.059, 25041.1, 9478.97
26.06, 25041.8, 9479.12
26.061, 25042.6, 9479.28
26.062, 25043.3, 9479.44
26.063, 25044.1, 9479.6
26.064, 25044.8, 9479.75
26.065, 25045.5, 9479.91
26.066, 25046.3, 9480.07
26.067, 25047, 9480.22
26.068, 25047.8, 9480.38
26.069, 25048.5, 9480.54
26.07, 25049.2, 9480.69
26.071, 25050, 9480.85
26.072, 25050.7, 9481.01
26.073, 25051.5, 9481.17
26.074, 25052.2, 9481.32
26.075, 25052.9, 9481.48
26.076, 25053.7, 9481.64
26.077, 25054.4, 9481.79
26.078, 25055.2, 9481.95
26.079, 25055.9, 9482.11
26.08, 25056.6, 9482.27
26.081, 25057.4, 9482.42
26.082, 25058.1, 9482.58
26.083, 25058.9, 9482.74
26.084, 25059.6, 9482.89
26.085, 25060.3, 9483.05
26.086, 25061.1, 9483.21
26.087, 25061.8, 9483.36
26.088, 25062.6, 9483.52
26.089, 25063.3, 9483.68
26.09, 25064, 9483.83
26.091, 25064.8, 9483.99
26.092, 25065.5, 9484.15
26.093, 25066.3, 9484.3
26.094, 25067, 9484.46
26.095, 25067.7, 9484.62
26.096, 25068.5, 9484.78
26.097, 25069.2, 9484.93
26.098, 25070, 9485.09
26.099, 25070.7, 9485.25
26.1, 25071.4, 9485.4
26.101, 25072.2, 9485.56
26.102, 25072.9, 9485.72
26.103, 25073.7, 9485.87
26.104, 25074.4, 9486.03
26.105, 25075.1, 9486.19
26.106, 25075.9, 9486.34
26.107, 25076.6, 9486.5
26.108, 25077.4, 9486.66
26.109, 25078.1, 9486.81
26.11, 25078.8, 9486.97
26.111, 25079.6, 9487.13
26.112, 25080.3, 9487.28
26.113, 25081.1, 9487.44
26.114, 25081.8, 9487.6
26.115, 25082.5, 9487.75
26.116, 25083.3, 9487.91
26.117, 25084, 9488.07
26.118, 25084.8, 9488.22
26.119, 25085.5, 9488.38
26.12, 25086.2, 9488.53
26.121, 25087, 9488.69
26.122, 25087.7, 9488.85
26.123, 25088.4, 9489
26.124, 25089.2, 9489.16
26.125, 25089.9, 9489.32
26.126, 25090.7, 9489.47
26.127, 25091.4, 9489.63
26.128, 25092.1, 9489.79
26.129, 25092.9, 9489.94
26.13, 25093.6, 9490.1
26.131, 25094.4, 9490.26
26.132, 25095.1, 9490.41
26.133, 25095.8, 9490.57
26.134, 25096.6, 9490.72
26.135, 25097.3, 9490.88
26.136, 25098.1, 9491.04
26.137, 25098.8, 9491.19
26.138, 25099.5, 9491.35
26.139, 25100.3, 9491.51
26.14, 25101, 9491.66
26.141, 25101.8, 9491.82
26.142, 25102.5, 9491.98
26.143, 25103.2, 9492.13
26.144, 25104, 9492.29
26.145, 25104.7, 9492.44
26.146, 25105.5, 9492.6
26.147, 25106.2, 9492.76
26.148, 25106.9, 9492.91
26.149, 25107.7, 9493.07
26.15, 25108.4, 9493.22
26.151, 25109.1, 9493.38
26.152, 25109.9, 9493.54
26.153, 25110.6, 9493.69
26.154, 25111.4, 9493.85
26.155, 25112.1, 9494.01
26.156, 25112.8, 9494.16
26.157, 25113.6, 9494.32
26.158, 25114.3, 9494.47
26.159, 25115.1, 9494.63
26.16, 25115.8, 9494.79
26.161, 25116.5, 9494.94
26.162, 25117.3, 9495.1
26.163, 25118, 9495.25
26.164, 25118.8, 9495.41
26.165, 25119.5, 9495.57
26.166, 25120.2, 9495.72
26.167, 25121, 9495.88
26.168, 25121.7, 9496.03
26.169, 25122.5, 9496.19
26.17, 25123.2, 9496.35
26.171, 25123.9, 9496.5
26.172, 25124.7, 9496.66
26.173, 25125.4, 9496.81
26.174, 25126.1, 9496.97
26.175, 25126.9, 9497.12
26.176, 25127.6, 9497.28
26.177, 25128.4, 9497.44
26.178, 25129.1, 9497.59
26.179, 25129.8, 9497.75
26.18, 25130.6, 9497.9
26.181, 25131.3, 9498.06
26.182, 25132.1, 9498.22
26.183, 25132.8, 9498.37
26.184, 25133.5, 9498.53
26.185, 25134.3, 9498.68
26.186, 25135, 9498.84
26.187, 25135.8, 9498.99
26.188, 25136.5, 9499.15
26.189, 25137.2, 9499.31
26.19, 25138, 9499.46
26.191, 25138.7, 9499.62
26.192, 25139.4, 9499.77
26.193, 25140.2, 9499.93
26.194, 25140.9, 9500.08
26.195, 25141.7, 9500.24
26.196, 25142.4, 9500.4
26.197, 25143.1, 9500.55
26.198, 25143.9, 9500.71
26.199, 25144.6, 9500.86
26.2, 25145.4, 9501.02
26.201, 25146.1, 9501.17
26.202, 25146.8, 9501.33
26.203, 25147.6, 9501.48
26.204, 25148.3, 9501.64
26.205, 25149.1, 9501.8
26.206, 25149.8, 9501.95
26.207, 25150.5, 9502.11
26.208, 25151.3, 9502.26
26.209, 25152, 9502.42
26.21, 25152.7, 9502.57
26.211, 25153.5, 9502.73
26.212, 25154.2, 9502.88
26.213, 25155, 9503.04
26.214, 25155.7, 9503.2
26.215, 25156.4, 9503.35
26.216, 25157.2, 9503.51
26.217, 25157.9, 9503.66
26.218, 25158.7, 9503.82
26.219, 25159.4, 9503.97
26.22, 25160.1, 9504.13
26.221, 25160.9, 9504.28
26.222, 25161.6, 9504.44
26.223, 25162.3, 9504.59
26.224, 25163.1, 9504.75
26.225, 25163.8, 9504.9
26.226, 25164.6, 9505.06
26.227, 25165.3, 9505.21
26.228, 25166, 9505.37
26.229, 25166.8, 9505.52
26.23, 25167.5, 9505.68
26.231, 25168.3, 9505.84
26.232, 25169, 9505.99
26.233, 25169.7, 9506.15
26.234, 25170.5, 9506.3
26.235, 25171.2, 9506.46
26.236, 25171.9, 9506.61
26.237, 25172.7, 9506.77
26.238, 25173.4, 9506.92
26.239, 25174.2, 9507.08
26.24, 25174.9, 9507.23
26.241, 25175.6, 9507.39
26.242, 25176.4, 9507.54
26.243, 25177.1, 9507.7
26.244, 25177.9, 9507.85
26.245, 25178.6, 9508.01
26.246, 25179.3, 9508.16
26.247, 25180.1, 9508.32
26.248, 25180.8, 9508.47
26.249, 25181.5, 9508.63
26.25, 25182.3, 9508.78
26.251, 25183, 9508.94
26.252, 25183.8, 9509.09
26.253, 25184.5, 9509.25
26.254, 25185.2, 9509.4
26.255, 25186, 9509.56
26.256, 25186.7, 9509.71
26.257, 25187.5, 9509.87
26.258, 25188.2, 9510.02
26.259, 25188.9, 9510.18
26.26, 25189.7, 9510.33
26.261, 25190.4, 9510.49
26.262, 25191.1, 9510.64
26.263, 25191.9, 9510.8
26.264, 25192.6, 9510.95
26.265, 25193.4, 9511.11
26.266, 25194.1, 9511.26
26.267, 25194.8, 9511.42
26.268, 25195.6, 9511.57
26.269, 25196.3, 9511.73
26.27, 25197, 9511.88
26.271, 25197.8, 9512.03
26.272, 25198.5, 9512.19
26.273, 25199.3, 9512.34
26.274, 25200, 9512.5
26.275, 25200.7, 9512.65
26.276, 25201.5, 9512.81
26.277, 25202.2, 9512.96
26.278, 25203, 9513.12
26.279, 25203.7, 9513.27
26.28, 25204.4, 9513.43
26.281, 25205.2, 9513.58
26.282, 25205.9, 9513.74
26.283, 25206.6, 9513.89
26.284, 25207.4, 9514.05
26.285, 25208.1, 9514.2
26.286, 25208.9, 9514.35
26.287, 25209.6, 9514.51
26.288, 25210.3, 9514.66
26.289, 25211.1, 9514.82
26.29, 25211.8, 9514.97
26.291, 25212.5, 9515.13
26.292, 25213.3, 9515.28
26.293, 25214, 9515.44
26.294, 25214.8, 9515.59
26.295, 25215.5, 9515.75
26.296, 25216.2, 9515.9
26.297, 25217, 9516.05
26.298, 25217.7, 9516.21
26.299, 25218.5, 9516.36
26.3, 25219.2, 9516.52
26.301, 25219.9, 9516.67
26.302, 25220.7, 9516.83
26.303, 25221.4, 9516.98
26.304, 25222.1, 9517.14
26.305, 25222.9, 9517.29
26.306, 25223.6, 9517.44
26.307, 25224.4, 9517.6
26.308, 25225.1, 9517.75
26.309, 25225.8, 9517.91
26.31, 25226.6, 9518.06
26.311, 25227.3, 9518.22
26.312, 25228, 9518.37
26.313, 25228.8, 9518.52
26.314, 25229.5, 9518.68
26.315, 25230.3, 9518.83
26.316, 25231, 9518.99
26.317, 25231.7, 9519.14
26.318, 25232.5, 9519.3
26.319, 25233.2, 9519.45
26.32, 25233.9, 9519.6
26.321, 25234.7, 9519.76
26.322, 25235.4, 9519.91
26.323, 25236.2, 9520.07
26.324, 25236.9, 9520.22
26.325, 25237.6, 9520.37
26.326, 25238.4, 9520.53
26.327, 25239.1, 9520.68
26.328, 25239.8, 9520.84
26.329, 25240.6, 9520.99
26.33, 25241.3, 9521.15
26.331, 25242.1, 9521.3
26.332, 25242.8, 9521.45
26.333, 25243.5, 9521.61
26.334, 25244.3, 9521.76
26.335, 25245, 9521.92
26.336, 25245.7, 9522.07
26.337, 25246.5, 9522.22
26.338, 25247.2, 9522.38
26.339, 25248, 9522.53
26.34, 25248.7, 9522.69
26.341, 25249.4, 9522.84
26.342, 25250.2, 9522.99
26.343, 25250.9, 9523.15
26.344, 25251.6, 9523.3
26.345, 25252.4, 9523.46
26.346, 25253.1, 9523.61
26.347, 25253.9, 9523.76
26.348, 25254.6, 9523.92
26.349, 25255.3, 9524.07
26.35, 25256.1, 9524.22
26.351, 25256.8, 9524.38
26.352, 25257.5, 9524.53
26.353, 25258.3, 9524.69
26.354, 25259, 9524.84
26.355, 25259.8, 9524.99
26.356, 25260.5, 9525.15
26.357, 25261.2, 9525.3
26.358, 25262, 9525.45
26.359, 25262.7, 9525.61
26.36, 25263.4, 9525.76
26.361, 25264.2, 9525.92
26.362, 25264.9, 9526.07
26.363, 25265.7, 9526.22
26.364, 25266.4, 9526.38
26.365, 25267.1, 9526.53
26.366, 25267.9, 9526.68
26.367, 25268.6, 9526.84
26.368, 25269.3, 9526.99
26.369, 25270.1, 9527.15
26.37, 25270.8, 9527.3
26.371, 25271.6, 9527.45
26.372, 25272.3, 9527.61
26.373, 25273, 9527.76
26.374, 25273.8, 9527.91
26.375, 25274.5, 9528.07
26.376, 25275.2, 9528.22
26.377, 25276, 9528.37
26.378, 25276.7, 9528.53
26.379, 25277.5, 9528.68
26.38, 25278.2, 9528.83
26.381, 25278.9, 9528.99
26.382, 25279.7, 9529.14
26.383, 25280.4, 9529.3
26.384, 25281.1, 9529.45
26.385, 25281.9, 9529.6
26.386, 25282.6, 9529.76
26.387, 25283.4, 9529.91
26.388, 25284.1, 9530.06
26.389, 25284.8, 9530.22
26.39, 25285.6, 9530.37
26.391, 25286.3, 9530.52
26.392, 25287, 9530.68
26.393, 25287.8, 9530.83
26.394, 25288.5, 9530.98
26.395, 25289.3, 9531.14
26.396, 25290, 9531.29
26.397, 25290.7, 9531.44
26.398, 25291.5, 9531.6
26.399, 25292.2, 9531.75
26.4, 25292.9, 9531.9
26.401, 25293.7, 9532.06
26.402, 25294.4, 9532.21
26.403, 25295.1, 9532.36
26.404, 25295.9, 9532.52
26.405, 25296.6, 9532.67
26.406, 25297.4, 9532.82
26.407, 25298.1, 9532.97
26.408, 25298.8, 9533.13
26.409, 25299.6, 9533.28
26.41, 25300.3, 9533.43
26.411, 25301, 9533.59
26.412, 25301.8, 9533.74
26.413, 25302.5, 9533.89
26.414, 25303.3, 9534.05
26.415, 25304, 9534.2
26.416, 25304.7, 9534.35
26.417, 25305.5, 9534.51
26.418, 25306.2, 9534.66
26.419, 25306.9, 9534.81
26.42, 25307.7, 9534.97
26.421, 25308.4, 9535.12
26.422, 25309.2, 9535.27
26.423, 25309.9, 9535.42
26.424, 25310.6, 9535.58
26.425, 25311.4, 9535.73
26.426, 25312.1, 9535.88
26.427, 25312.8, 9536.04
26.428, 25313.6, 9536.19
26.429, 25314.3, 9536.34
26.43, 25315, 9536.49
26.431, 25315.8, 9536.65
26.432, 25316.5, 9536.8
26.433, 25317.3, 9536.95
26.434, 25318, 9537.11
26.435, 25318.7, 9537.26
26.436, 25319.5, 9537.41
26.437, 25320.2, 9537.57
26.438, 25320.9, 9537.72
26.439, 25321.7, 9537.87
26.44, 25322.4, 9538.02
26.441, 25323.2, 9538.18
26.442, 25323.9, 9538.33
26.443, 25324.6, 9538.48
26.444, 25325.4, 9538.63
26.445, 25326.1, 9538.79
26.446, 25326.8, 9538.94
26.447, 25327.6, 9539.09
26.448, 25328.3, 9539.25
26.449, 25329, 9539.4
26.45, 25329.8, 9539.55
26.451, 25330.5, 9539.7
26.452, 25331.3, 9539.86
26.453, 25332, 9540.01
26.454, 25332.7, 9540.16
26.455, 25333.5, 9540.31
26.456, 25334.2, 9540.47
26.457, 25334.9, 9540.62
26.458, 25335.7, 9540.77
26.459, 25336.4, 9540.92
26.46, 25337.1, 9541.08
26.461, 25337.9, 9541.23
26.462, 25338.6, 9541.38
26.463, 25339.4, 9541.53
26.464, 25340.1, 9541.69
26.465, 25340.8, 9541.84
26.466, 25341.6, 9541.99
26.467, 25342.3, 9542.14
26.468, 25343, 9542.3
26.469, 25343.8, 9542.45
26.47, 25344.5, 9542.6
26.471, 25345.2, 9542.75
26.472, 25346, 9542.91
26.473, 25346.7, 9543.06
26.474, 25347.5, 9543.21
26.475, 25348.2, 9543.36
26.476, 25348.9, 9543.52
26.477, 25349.7, 9543.67
26.478, 25350.4, 9543.82
26.479, 25351.1, 9543.97
26.48, 25351.9, 9544.13
26.481, 25352.6, 9544.28
26.482, 25353.4, 9544.43
26.483, 25354.1, 9544.58
26.484, 25354.8, 9544.74
26.485, 25355.6, 9544.89
26.486, 25356.3, 9545.04
26.487, 25357, 9545.19
26.488, 25357.8, 9545.34
26.489, 25358.5, 9545.5
26.49, 25359.2, 9545.65
26.491, 25360, 9545.8
26.492, 25360.7, 9545.95
26.493, 25361.4, 9546.11
26.494, 25362.2, 9546.26
26.495, 25362.9, 9546.41
26.496, 25363.7, 9546.56
26.497, 25364.4, 9546.71
26.498, 25365.1, 9546.87
26.499, 25365.9, 9547.02
26.5, 25366.6, 9547.17
26.501, 25367.3, 9547.32
26.502, 25368.1, 9547.48
26.503, 25368.8, 9547.63
26.504, 25369.5, 9547.78
26.505, 25370.3, 9547.93
26.506, 25371, 9548.08
26.507, 25371.8, 9548.24
26.508, 25372.5, 9548.39
26.509, 25373.2, 9548.54
26.51, 25374, 9548.69
26.511, 25374.7, 9548.84
26.512, 25375.4, 9549
26.513, 25376.2, 9549.15
26.514, 25376.9, 9549.3
26.515, 25377.6, 9549.45
26.516, 25378.4, 9549.6
26.517, 25379.1, 9549.76
26.518, 25379.9, 9549.91
26.519, 25380.6, 9550.06
26.52, 25381.3, 9550.21
26.521, 25382.1, 9550.36
26.522, 25382.8, 9550.51
26.523, 25383.5, 9550.67
26.524, 25384.3, 9550.82
26.525, 25385, 9550.97
26.526, 25385.7, 9551.12
26.527, 25386.5, 9551.27
26.528, 25387.2, 9551.43
26.529, 25388, 9551.58
26.53, 25388.7, 9551.73
26.531, 25389.4, 9551.88
26.532, 25390.2, 9552.03
26.533, 25390.9, 9552.18
26.534, 25391.6, 9552.34
26.535, 25392.4, 9552.49
26.536, 25393.1, 9552.64
26.537, 25393.8, 9552.79
26.538, 25394.6, 9552.94
26.539, 25395.3, 9553.09
26.54, 25396, 9553.25
26.541, 25396.8, 9553.4
26.542, 25397.5, 9553.55
26.543, 25398.3, 9553.7
26.544, 25399, 9553.85
26.545, 25399.7, 9554
26.546, 25400.5, 9554.16
26.547, 25401.2, 9554.31
26.548, 25401.9, 9554.46
26.549, 25402.7, 9554.61
26.55, 25403.4, 9554.76
26.551, 25404.1, 9554.91
26.552, 25404.9, 9555.07
26.553, 25405.6, 9555.22
26.554, 25406.3, 9555.37
26.555, 25407.1, 9555.52
26.556, 25407.8, 9555.67
26.557, 25408.6, 9555.82
26.558, 25409.3, 9555.97
26.559, 25410, 9556.13
26.56, 25410.8, 9556.28
26.561, 25411.5, 9556.43
26.562, 25412.2, 9556.58
26.563, 25413, 9556.73
26.564, 25413.7, 9556.88
26.565, 25414.4, 9557.03
26.566, 25415.2, 9557.19
26.567, 25415.9, 9557.34
26.568, 25416.6, 9557.49
26.569, 25417.4, 9557.64
26.57, 25418.1, 9557.79
26.571, 25418.9, 9557.94
26.572, 25419.6, 9558.09
26.573, 25420.3, 9558.24
26.574, 25421.1, 9558.4
26.575, 25421.8, 9558.55
26.576, 25422.5, 9558.7
26.577, 25423.3, 9558.85
26.578, 25424, 9559
26.579, 25424.7, 9559.15
26.58, 25425.5, 9559.3
26.581, 25426.2, 9559.45
26.582, 25426.9, 9559.61
26.583, 25427.7, 9559.76
26.584, 25428.4, 9559.91
26.585, 25429.2, 9560.06
26.586, 25429.9, 9560.21
26.587, 25430.6, 9560.36
26.588, 25431.4, 9560.51
26.589, 25432.1, 9560.66
26.59, 25432.8, 9560.81
26.591, 25433.6, 9560.97
26.592, 25434.3, 9561.12
26.593, 25435, 9561.27
26.594, 25435.8, 9561.42
26.595, 25436.5, 9561.57
26.596, 25437.2, 9561.72
26.597, 25438, 9561.87
26.598, 25438.7, 9562.02
26.599, 25439.4, 9562.17
26.6, 25440.2, 9562.32
26.601, 25440.9, 9562.48
26.602, 25441.7, 9562.63
26.603, 25442.4, 9562.78
26.604, 25443.1, 9562.93
26.605, 25443.9, 9563.08
26.606, 25444.6, 9563.23
26.607, 25445.3, 9563.38
26.608, 25446.1, 9563.53
26.609, 25446.8, 9563.68
26.61, 25447.5, 9563.83
26.611, 25448.3, 9563.98
26.612, 25449, 9564.13
26.613, 25449.7, 9564.29
26.614, 25450.5, 9564.44
26.615, 25451.2, 9564.59
26.616, 25452, 9564.74
26.617, 25452.7, 9564.89
26.618, 25453.4, 9565.04
26.619, 25454.2, 9565.19
26.62, 25454.9, 9565.34
26.621, 25455.6, 9565.49
26.622, 25456.4, 9565.64
26.623, 25457.1, 9565.79
26.624, 25457.8, 9565.94
26.625, 25458.6, 9566.09
26.626, 25459.3, 9566.25
26.627, 25460, 9566.4
26.628, 25460.8, 9566.55
26.629, 25461.5, 9566.7
26.63, 25462.2, 9566.85
26.631, 25463, 9567
26.632, 25463.7, 9567.15
26.633, 25464.4, 9567.3
26.634, 25465.2, 9567.45
26.635, 25465.9, 9567.6
26.636, 25466.7, 9567.75
26.637, 25467.4, 9567.9
26.638, 25468.1, 9568.05
26.639, 25468.9, 9568.2
26.64, 25469.6, 9568.35
26.641, 25470.3, 9568.5
26.642, 25471.1, 9568.65
26.643, 25471.8, 9568.8
26.644, 25472.5, 9568.96
26.645, 25473.3, 9569.11
26.646, 25474, 9569.26
26.647, 25474.7, 9569.41
26.648, 25475.5, 9569.56
26.649, 25476.2, 9569.71
26.65, 25476.9, 9569.86
26.651, 25477.7, 9570.01
26.652, 25478.4, 9570.16
26.653, 25479.1, 9570.31
26.654, 25479.9, 9570.46
26.655, 25480.6, 9570.61
26.656, 25481.4, 9570.76
26.657, 25482.1, 9570.91
26.658, 25482.8, 9571.06
26.659, 25483.6, 9571.21
26.66, 25484.3, 9571.36
26.661, 25485, 9571.51
26.662, 25485.8, 9571.66
26.663, 25486.5, 9571.81
26.664, 25487.2, 9571.96
26.665, 25488, 9572.11
26.666, 25488.7, 9572.26
26.667, 25489.4, 9572.41
26.668, 25490.2, 9572.56
26.669, 25490.9, 9572.71
26.67, 25491.6, 9572.86
26.671, 25492.4, 9573.01
26.672, 25493.1, 9573.16
26.673, 25493.8, 9573.31
26.674, 25494.6, 9573.46
26.675, 25495.3, 9573.61
26.676, 25496.1, 9573.76
26.677, 25496.8, 9573.91
26.678, 25497.5, 9574.06
26.679, 25498.3, 9574.21
26.68, 25499, 9574.36
26.681, 25499.7, 9574.51
26.682, 25500.5, 9574.66
26.683, 25501.2, 9574.81
26.684, 25501.9, 9574.96
26.685, 25502.7, 9575.11
26.686, 25503.4, 9575.26
26.687, 25504.1, 9575.41
26.688, 25504.9, 9575.56
26.689, 25505.6, 9575.71
26.69, 25506.3, 9575.86
26.691, 25507.1, 9576.01
26.692, 25507.8, 9576.16
26.693, 25508.5, 9576.31
26.694, 25509.3, 9576.46
26.695, 25510, 9576.61
26.696, 25510.7, 9576.76
26.697, 25511.5, 9576.91
26.698, 25512.2, 9577.06
26.699, 25512.9, 9577.21
26.7, 25513.7, 9577.36
26.701, 25514.4, 9577.51
26.702, 25515.2, 9577.66
26.703, 25515.9, 9577.81
26.704, 25516.6, 9577.96
26.705, 25517.4, 9578.11
26.706, 25518.1, 9578.26
26.707, 25518.8, 9578.41
26.708, 25519.6, 9578.56
26.709, 25520.3, 9578.71
26.71, 25521, 9578.86
26.711, 25521.8, 9579.01
26.712, 25522.5, 9579.16
26.713, 25523.2, 9579.31
26.714, 25524, 9579.46
26.715, 25524.7, 9579.61
26.716, 25525.4, 9579.76
26.717, 25526.2, 9579.91
26.718, 25526.9, 9580.06
26.719, 25527.6, 9580.21
26.72, 25528.4, 9580.36
26.721, 25529.1, 9580.51
26.722, 25529.8, 9580.66
26.723, 25530.6, 9580.81
26.724, 25531.3, 9580.95
26.725, 25532, 9581.1
26.726, 25532.8, 9581.25
26.727, 25533.5, 9581.4
26.728, 25534.2, 9581.55
26.729, 25535, 9581.7
26.73, 25535.7, 9581.85
26.731, 25536.5, 9582
26.732, 25537.2, 9582.15
26.733, 25537.9, 9582.3
26.734, 25538.7, 9582.45
26.735, 25539.4, 9582.6
26.736, 25540.1, 9582.75
26.737, 25540.9, 9582.9
26.738, 25541.6, 9583.05
26.739, 25542.3, 9583.2
26.74, 25543.1, 9583.35
26.741, 25543.8, 9583.5
26.742, 25544.5, 9583.64
26.743, 25545.3, 9583.79
26.744, 25546, 9583.94
26.745, 25546.7, 9584.09
26.746, 25547.5, 9584.24
26.747, 25548.2, 9584.39
26.748, 25548.9, 9584.54
26.749, 25549.7, 9584.69
26.75, 25550.4, 9584.84
26.751, 25551.1, 9584.99
26.752, 25551.9, 9585.14
26.753, 25552.6, 9585.29
26.754, 25553.3, 9585.44
26.755, 25554.1, 9585.58
26.756, 25554.8, 9585.73
26.757, 25555.5, 9585.88
26.758, 25556.3, 9586.03
26.759, 25557, 9586.18
26.76, 25557.7, 9586.33
26.761, 25558.5, 9586.48
26.762, 25559.2, 9586.63
26.763, 25559.9, 9586.78
26.764, 25560.7, 9586.93
26.765, 25561.4, 9587.08
26.766, 25562.1, 9587.22
26.767, 25562.9, 9587.37
26.768, 25563.6, 9587.52
26.769, 25564.3, 9587.67
26.77, 25565.1, 9587.82
26.771, 25565.8, 9587.97
26.772, 25566.6, 9588.12
26.773, 25567.3, 9588.27
26.774, 25568, 9588.42
26.775, 25568.8, 9588.57
26.776, 25569.5, 9588.71
26.777, 25570.2, 9588.86
26.778, 25571, 9589.01
26.779, 25571.7, 9589.16
26.78, 25572.4, 9589.31
26.781, 25573.2, 9589.46
26.782, 25573.9, 9589.61
26.783, 25574.6, 9589.76
26.784, 25575.4, 9589.91
26.785, 25576.1, 9590.05
26.786, 25576.8, 9590.2
26.787, 25577.6, 9590.35
26.788, 25578.3, 9590.5
26.789, 25579, 9590.65
26.79, 25579.8, 9590.8
26.791, 25580.5, 9590.95
26.792, 25581.2, 9591.1
26.793, 25582, 9591.24
26.794, 25582.7, 9591.39
26.795, 25583.4, 9591.54
26.796, 25584.2, 9591.69
26.797, 25584.9, 9591.84
26.798, 25585.6, 9591.99
26.799, 25586.4, 9592.14
26.8, 25587.1, 9592.29
26.801, 25587.8, 9592.43
26.802, 25588.6, 9592.58
26.803, 25589.3, 9592.73
26.804, 25590, 9592.88
26.805, 25590.8, 9593.03
26.806, 25591.5, 9593.18
26.807, 25592.2, 9593.33
26.808, 25593, 9593.47
26.809, 25593.7, 9593.62
26.81, 25594.4, 9593.77
26.811, 25595.2, 9593.92
26.812, 25595.9, 9594.07
26.813, 25596.6, 9594.22
26.814, 25597.4, 9594.37
26.815, 25598.1, 9594.51
26.816, 25598.8, 9594.66
26.817, 25599.6, 9594.81
26.818, 25600.3, 9594.96
26.819, 25601, 9595.11
26.82, 25601.8, 9595.26
26.821, 25602.5, 9595.41
26.822, 25603.2, 9595.55
26.823, 25604, 9595.7
26.824, 25604.7, 9595.85
26.825, 25605.4, 9596
26.826, 25606.2, 9596.15
26.827, 25606.9, 9596.3
26.828, 25607.6, 9596.44
26.829, 25608.4, 9596.59
26.83, 25609.1, 9596.74
26.831, 25609.8, 9596.89
26.832, 25610.6, 9597.04
26.833, 25611.3, 9597.19
26.834, 25612, 9597.33
26.835, 25612.8, 9597.48
26.836, 25613.5, 9597.63
26.837, 25614.2, 9597.78
26.838, 25615, 9597.93
26.839, 25615.7, 9598.07
26.84, 25616.4, 9598.22
26.841, 25617.2, 9598.37
26.842, 25617.9, 9598.52
26.843, 25618.6, 9598.67
26.844, 25619.4, 9598.82
26.845, 25620.1, 9598.96
26.846, 25620.8, 9599.11
26.847, 25621.6, 9599.26
26.848, 25622.3, 9599.41
26.849, 25623, 9599.56
26.85, 25623.8, 9599.7
26.851, 25624.5, 9599.85
26.852, 25625.2, 9600
26.853, 25626, 9600.15
26.854, 25626.7, 9600.3
26.855, 25627.4, 9600.44
26.856, 25628.2, 9600.59
26.857, 25628.9, 9600.74
26.858, 25629.6, 9600.89
26.859, 25630.4, 9601.04
26.86, 25631.1, 9601.18
26.861, 25631.8, 9601.33
26.862, 25632.6, 9601.48
26.863, 25633.3, 9601.63
26.864, 25634, 9601.78
26.865, 25634.8, 9601.92
26.866, 25635.5, 9602.07
26.867, 25636.2, 9602.22
26.868, 25637, 9602.37
26.869, 25637.7, 9602.52
26.87, 25638.4, 9602.66
26.871, 25639.2, 9602.81
26.872, 25639.9, 9602.96
26.873, 25640.6, 9603.11
26.874, 25641.4, 9603.26
26.875, 25642.1, 9603.4
26.876, 25642.8, 9603.55
26.877, 25643.6, 9603.7
26.878, 25644.3, 9603.85
26.879, 25645, 9603.99
26.88, 25645.8, 9604.14
26.881, 25646.5, 9604.29
26.882, 25647.2, 9604.44
26.883, 25648, 9604.59
26.884, 25648.7, 9604.73
26.885, 25649.4, 9604.88
26.886, 25650.2, 9605.03
26.887, 25650.9, 9605.18
26.888, 25651.6, 9605.32
26.889, 25652.4, 9605.47
26.89, 25653.1, 9605.62
26.891, 25653.8, 9605.77
26.892, 25654.6, 9605.91
26.893, 25655.3, 9606.06
26.894, 25656, 9606.21
26.895, 25656.8, 9606.36
26.896, 25657.5, 9606.5
26.897, 25658.2, 9606.65
26.898, 25659, 9606.8
26.899, 25659.7, 9606.95
26.9, 25660.4, 9607.09
26.901, 25661.2, 9607.24
26.902, 25661.9, 9607.39
26.903, 25662.6, 9607.54
26.904, 25663.4, 9607.68
26.905, 25664.1, 9607.83
26.906, 25664.8, 9607.98
26.907, 25665.6, 9608.13
26.908, 25666.3, 9608.27
26.909, 25667, 9608.42
26.91, 25667.8, 9608.57
26.911, 25668.5, 9608.72
26.912, 25669.2, 9608.86
26.913, 25670, 9609.01
26.914, 25670.7, 9609.16
26.915, 25671.4, 9609.31
26.916, 25672.2, 9609.45
26.917, 25672.9, 9609.6
26.918, 25673.6, 9609.75
26.919, 25674.4, 9609.9
26.92, 25675.1, 9610.04
26.921, 25675.8, 9610.19
26.922, 25676.6, 9610.34
26.923, 25677.3, 9610.48
26.924, 25678, 9610.63
26.925, 25678.8, 9610.78
26.926, 25679.5, 9610.93
26.927, 25680.2, 9611.07
26.928, 25681, 9611.22
26.929, 25681.7, 9611.37
26.93, 25682.4, 9611.51
26.931, 25683.1, 9611.66
26.932, 25683.9, 9611.81
26.933, 25684.6, 9611.96
26.934, 25685.3, 9612.1
26.935, 25686.1, 9612.25
26.936, 25686.8, 9612.4
26.937, 25687.5, 9612.54
26.938, 25688.3, 9612.69
26.939, 25689, 9612.84
26.94, 25689.7, 9612.99
26.941, 25690.5, 9613.13
26.942, 25691.2, 9613.28
26.943, 25691.9, 9613.43
26.944, 25692.7, 9613.57
26.945, 25693.4, 9613.72
26.946, 25694.1, 9613.87
26.947, 25694.9, 9614.01
26.948, 25695.6, 9614.16
26.949, 25696.3, 9614.31
26.95, 25697.1, 9614.46
26.951, 25697.8, 9614.6
26.952, 25698.5, 9614.75
26.953, 25699.3, 9614.9
26.954, 25700, 9615.04
26.955, 25700.7, 9615.19
26.956, 25701.5, 9615.34
26.957, 25702.2, 9615.48
26.958, 25702.9, 9615.63
26.959, 25703.7, 9615.78
26.96, 25704.4, 9615.92
26.961, 25705.1, 9616.07
26.962, 25705.9, 9616.22
26.963, 25706.6, 9616.36
26.964, 25707.3, 9616.51
26.965, 25708.1, 9616.66
26.966, 25708.8, 9616.81
26.967, 25709.5, 9616.95
26.968, 25710.3, 9617.1
26.969, 25711, 9617.25
26.97, 25711.7, 9617.39
26.971, 25712.4, 9617.54
26.972, 25713.2, 9617.69
26.973, 25713.9, 9617.83
26.974, 25714.6, 9617.98
26.975, 25715.4, 9618.13
26.976, 25716.1, 9618.27
26.977, 25716.8, 9618.42
26.978, 25717.6, 9618.57
26.979, 25718.3, 9618.71
26.98, 25719, 9618.86
26.981, 25719.8, 9619.01
26.982, 25720.5, 9619.15
26.983, 25721.2, 9619.3
26.984, 25722, 9619.45
26.985, 25722.7, 9619.59
26.986, 25723.4, 9619.74
26.987, 25724.2, 9619.88
26.988, 25724.9, 9620.03
26.989, 25725.6, 9620.18
26.99, 25726.4, 9620.32
26.991, 25727.1, 9620.47
26.992, 25727.8, 9620.62
26.993, 25728.6, 9620.76
26.994, 25729.3, 9620.91
26.995, 25730, 9621.06
26.996, 25730.8, 9621.2
26.997, 25731.5, 9621.35
26.998, 25732.2, 9621.5
26.999, 25733, 9621.64
27, 25733.7, 9621.79
27.001, 25734.4, 9621.93
27.002, 25735.1, 9622.08
27.003, 25735.9, 9622.23
27.004, 25736.6, 9622.37
27.005, 25737.3, 9622.52
27.006, 25738.1, 9622.67
27.007, 25738.8, 9622.81
27.008, 25739.5, 9622.96
27.009, 25740.3, 9623.11
27.01, 25741, 9623.25
27.011, 25741.7, 9623.4
27.012, 25742.5, 9623.54
27.013, 25743.2, 9623.69
27.014, 25743.9, 9623.84
27.015, 25744.7, 9623.98
27.016, 25745.4, 9624.13
27.017, 25746.1, 9624.27
27.018, 25746.9, 9624.42
27.019, 25747.6, 9624.57
27.02, 25748.3, 9624.71
27.021, 25749.1, 9624.86
27.022, 25749.8, 9625.01
27.023, 25750.5, 9625.15
27.024, 25751.3, 9625.3
27.025, 25752, 9625.44
27.026, 25752.7, 9625.59
27.027, 25753.4, 9625.74
27.028, 25754.2, 9625.88
27.029, 25754.9, 9626.03
27.03, 25755.6, 9626.17
27.031, 25756.4, 9626.32
27.032, 25757.1, 9626.47
27.033, 25757.8, 9626.61
27.034, 25758.6, 9626.76
27.035, 25759.3, 9626.9
27.036, 25760, 9627.05
27.037, 25760.8, 9627.2
27.038, 25761.5, 9627.34
27.039, 25762.2, 9627.49
27.04, 25763, 9627.63
27.041, 25763.7, 9627.78
27.042, 25764.4, 9627.93
27.043, 25765.2, 9628.07
27.044, 25765.9, 9628.22
27.045, 25766.6, 9628.36
27.046, 25767.4, 9628.51
27.047, 25768.1, 9628.66
27.048, 25768.8, 9628.8
27.049, 25769.5, 9628.95
27.05, 25770.3, 9629.09
27.051, 25771, 9629.24
27.052, 25771.7, 9629.38
27.053, 25772.5, 9629.53
27.054, 25773.2, 9629.68
27.055, 25773.9, 9629.82
27.056, 25774.7, 9629.97
27.057, 25775.4, 9630.11
27.058, 25776.1, 9630.26
27.059, 25776.9, 9630.4
27.06, 25777.6, 9630.55
27.061, 25778.3, 9630.7
27.062, 25779.1, 9630.84
27.063, 25779.8, 9630.99
27.064, 25780.5, 9631.13
27.065, 25781.3, 9631.28
27.066, 25782, 9631.42
27.067, 25782.7, 9631.57
27.068, 25783.4, 9631.71
27.069, 25784.2, 9631.86
27.07, 25784.9, 9632.01
27.071, 25785.6, 9632.15
27.072, 25786.4, 9632.3
27.073, 25787.1, 9632.44
27.074, 25787.8, 9632.59
27.075, 25788.6, 9632.73
27.076, 25789.3, 9632.88
27.077, 25790, 9633.02
27.078, 25790.8, 9633.17
27.079, 25791.5, 9633.32
27.08, 25792.2, 9633.46
27.081, 25793, 9633.61
27.082, 25793.7, 9633.75
27.083, 25794.4, 9633.9
27.084, 25795.2, 9634.04
27.085, 25795.9, 9634.19
27.086, 25796.6, 9634.33
27.087, 25797.3, 9634.48
27.088, 25798.1, 9634.62
27.089, 25798.8, 9634.77
27.09, 25799.5, 9634.92
27.091, 25800.3, 9635.06
27.092, 25801, 9635.21
27.093, 25801.7, 9635.35
27.094, 25802.5, 9635.5
27.095, 25803.2, 9635.64
27.096, 25803.9, 9635.79
27.097, 25804.7, 9635.93
27.098, 25805.4, 9636.08
27.099, 25806.1, 9636.22
27.1, 25806.9, 9636.37
27.101, 25807.6, 9636.51
27.102, 25808.3, 9636.66
27.103, 25809, 9636.8
27.104, 25809.8, 9636.95
27.105, 25810.5, 9637.09
27.106, 25811.2, 9637.24
27.107, 25812, 9637.38
27.108, 25812.7, 9637.53
27.109, 25813.4, 9637.67
27.11, 25814.2, 9637.82
27.111, 25814.9, 9637.96
27.112, 25815.6, 9638.11
27.113, 25816.4, 9638.25
27.114, 25817.1, 9638.4
27.115, 25817.8, 9638.55
27.116, 25818.6, 9638.69
27.117, 25819.3, 9638.84
27.118, 25820, 9638.98
27.119, 25820.7, 9639.13
27.12, 25821.5, 9639.27
27.121, 25822.2, 9639.42
27.122, 25822.9, 9639.56
27.123, 25823.7, 9639.71
27.124, 25824.4, 9639.85
27.125, 25825.1, 9640
27.126, 25825.9, 9640.14
27.127, 25826.6, 9640.28
27.128, 25827.3, 9640.43
27.129, 25828.1, 9640.57
27.13, 25828.8, 9640.72
27.131, 25829.5, 9640.86
27.132, 25830.2, 9641.01
27.133, 25831, 9641.15
27.134, 25831.7, 9641.3
27.135, 25832.4, 9641.44
27.136, 25833.2, 9641.59
27.137, 25833.9, 9641.73
27.138, 25834.6, 9641.88
27.139, 25835.4, 9642.02
27.14, 25836.1, 9642.17
27.141, 25836.8, 9642.31
27.142, 25837.6, 9642.46
27.143, 25838.3, 9642.6
27.144, 25839, 9642.75
27.145, 25839.8, 9642.89
27.146, 25840.5, 9643.04
27.147, 25841.2, 9643.18
27.148, 25841.9, 9643.33
27.149, 25842.7, 9643.47
27.15, 25843.4, 9643.61
27.151, 25844.1, 9643.76
27.152, 25844.9, 9643.9
27.153, 25845.6, 9644.05
27.154, 25846.3, 9644.19
27.155, 25847.1, 9644.34
27.156, 25847.8, 9644.48
27.157, 25848.5, 9644.63
27.158, 25849.3, 9644.77
27.159, 25850, 9644.92
27.16, 25850.7, 9645.06
27.161, 25851.4, 9645.21
27.162, 25852.2, 9645.35
27.163, 25852.9, 9645.49
27.164, 25853.6, 9645.64
27.165, 25854.4, 9645.78
27.166, 25855.1, 9645.93
27.167, 25855.8, 9646.07
27.168, 25856.6, 9646.22
27.169, 25857.3, 9646.36
27.17, 25858, 9646.51
27.171, 25858.8, 9646.65
27.172, 25859.5, 9646.79
27.173, 25860.2, 9646.94
27.174, 25860.9, 9647.08
27.175, 25861.7, 9647.23
27.176, 25862.4, 9647.37
27.177, 25863.1, 9647.52
27.178, 25863.9, 9647.66
27.179, 25864.6, 9647.81
27.18, 25865.3, 9647.95
27.181, 25866.1, 9648.09
27.182, 25866.8, 9648.24
27.183, 25867.5, 9648.38
27.184, 25868.3, 9648.53
27.185, 25869, 9648.67
27.186, 25869.7, 9648.82
27.187, 25870.4, 9648.96
27.188, 25871.2, 9649.1
27.189, 25871.9, 9649.25
27.19, 25872.6, 9649.39
27.191, 25873.4, 9649.54
27.192, 25874.1, 9649.68
27.193, 25874.8, 9649.82
27.194, 25875.6, 9649.97
27.195, 25876.3, 9650.11
27.196, 25877, 9650.26
27.197, 25877.7, 9650.4
27.198, 25878.5, 9650.55
27.199, 25879.2, 9650.69
27.2, 25879.9, 9650.83
27.201, 25880.7, 9650.98
27.202, 25881.4, 9651.12
27.203, 25882.1, 9651.27
27.204, 25882.9, 9651.41
27.205, 25883.6, 9651.55
27.206, 25884.3, 9651.7
27.207, 25885.1, 9651.84
27.208, 25885.8, 9651.99
27.209, 25886.5, 9652.13
27.21, 25887.2, 9652.27
27.211, 25888, 9652.42
27.212, 25888.7, 9652.56
27.213, 25889.4, 9652.71
27.214, 25890.2, 9652.85
27.215, 25890.9, 9652.99
27.216, 25891.6, 9653.14
27.217, 25892.4, 9653.28
27.218, 25893.1, 9653.42
27.219, 25893.8, 9653.57
27.22, 25894.5, 9653.71
27.221, 25895.3, 9653.86
27.222, 25896, 9654
27.223, 25896.7, 9654.14
27.224, 25897.5, 9654.29
27.225, 25898.2, 9654.43
27.226, 25898.9, 9654.58
27.227, 25899.7, 9654.72
27.228, 25900.4, 9654.86
27.229, 25901.1, 9655.01
27.23, 25901.9, 9655.15
27.231, 25902.6, 9655.29
27.232, 25903.3, 9655.44
27.233, 25904, 9655.58
27.234, 25904.8, 9655.73
27.235, 25905.5, 9655.87
27.236, 25906.2, 9656.01
27.237, 25907, 9656.16
27.238, 25907.7, 9656.3
27.239, 25908.4, 9656.44
27.24, 25909.2, 9656.59
27.241, 25909.9, 9656.73
27.242, 25910.6, 9656.87
27.243, 25911.3, 9657.02
27.244, 25912.1, 9657.16
27.245, 25912.8, 9657.31
27.246, 25913.5, 9657.45
27.247, 25914.3, 9657.59
27.248, 25915, 9657.74
27.249, 25915.7, 9657.88
27.25, 25916.5, 9658.02
27.251, 25917.2, 9658.17
27.252, 25917.9, 9658.31
27.253, 25918.6, 9658.45
27.254, 25919.4, 9658.6
27.255, 25920.1, 9658.74
27.256, 25920.8, 9658.88
27.257, 25921.6, 9659.03
27.258, 25922.3, 9659.17
27.259, 25923, 9659.31
27.26, 25923.8, 9659.46
27.261, 25924.5, 9659.6
27.262, 25925.2, 9659.74
27.263, 25925.9, 9659.89
27.264, 25926.7, 9660.03
27.265, 25927.4, 9660.17
27.266, 25928.1, 9660.32
27.267, 25928.9, 9660.46
27.268, 25929.6, 9660.6
27.269, 25930.3, 9660.75
27.27, 25931.1, 9660.89
27.271, 25931.8, 9661.03
27.272, 25932.5, 9661.18
27.273, 25933.2, 9661.32
27.274, 25934, 9661.46
27.275, 25934.7, 9661.61
27.276, 25935.4, 9661.75
27.277, 25936.2, 9661.89
27.278, 25936.9, 9662.04
27.279, 25937.6, 9662.18
27.28, 25938.4, 9662.32
27.281, 25939.1, 9662.47
27.282, 25939.8, 9662.61
27.283, 25940.5, 9662.75
27.284, 25941.3, 9662.9
27.285, 25942, 9663.04
27.286, 25942.7, 9663.18
27.287, 25943.5, 9663.33
27.288, 25944.2, 9663.47
27.289, 25944.9, 9663.61
27.29, 25945.6, 9663.75
27.291, 25946.4, 9663.9
27.292, 25947.1, 9664.04
27.293, 25947.8, 9664.18
27.294, 25948.6, 9664.33
27.295, 25949.3, 9664.47
27.296, 25950, 9664.61
27.297, 25950.8, 9664.76
27.298, 25951.5, 9664.9
27.299, 25952.2, 9665.04
27.3, 25952.9, 9665.18
27.301, 25953.7, 9665.33
27.302, 25954.4, 9665.47
27.303, 25955.1, 9665.61
27.304, 25955.9, 9665.76
27.305, 25956.6, 9665.9
27.306, 25957.3, 9666.04
27.307, 25958.1, 9666.18
27.308, 25958.8, 9666.33
27.309, 25959.5, 9666.47
27.31, 25960.2, 9666.61
27.311, 25961, 9666.76
27.312, 25961.7, 9666.9
27.313, 25962.4, 9667.04
27.314, 25963.2, 9667.18
27.315, 25963.9, 9667.33
27.316, 25964.6, 9667.47
27.317, 25965.3, 9667.61
27.318, 25966.1, 9667.76
27.319, 25966.8, 9667.9
27.32, 25967.5, 9668.04
27.321, 25968.3, 9668.18
27.322, 25969, 9668.33
27.323, 25969.7, 9668.47
27.324, 25970.5, 9668.61
27.325, 25971.2, 9668.75
27.326, 25971.9, 9668.9
27.327, 25972.6, 9669.04
27.328, 25973.4, 9669.18
27.329, 25974.1, 9669.33
27.33, 25974.8, 9669.47
27.331, 25975.6, 9669.61
27.332, 25976.3, 9669.75
27.333, 25977, 9669.9
27.334, 25977.8, 9670.04
27.335, 25978.5, 9670.18
27.336, 25979.2, 9670.32
27.337, 25979.9, 9670.47
27.338, 25980.7, 9670.61
27.339, 25981.4, 9670.75
27.34, 25982.1, 9670.89
27.341, 25982.9, 9671.04
27.342, 25983.6, 9671.18
27.343, 25984.3, 9671.32
27.344, 25985, 9671.46
27.345, 25985.8, 9671.61
27.346, 25986.5, 9671.75
27.347, 25987.2, 9671.89
27.348, 25988, 9672.03
27.349, 25988.7, 9672.18
27.35, 25989.4, 9672.32
27.351, 25990.1, 9672.46
27.352, 25990.9, 9672.6
27.353, 25991.6, 9672.74
27.354, 25992.3, 9672.89
27.355, 25993.1, 9673.03
27.356, 25993.8, 9673.17
27.357, 25994.5, 9673.31
27.358, 25995.3, 9673.46
27.359, 25996, 9673.6
27.36, 25996.7, 9673.74
27.361, 25997.4, 9673.88
27.362, 25998.2, 9674.03
27.363, 25998.9, 9674.17
27.364, 25999.6, 9674.31
27.365, 26000.4, 9674.45
27.366, 26001.1, 9674.59
27.367, 26001.8, 9674.74
27.368, 26002.5, 9674.88
27.369, 26003.3, 9675.02
27.37, 26004, 9675.16
27.371, 26004.7, 9675.3
27.372, 26005.5, 9675.45
27.373, 26006.2, 9675.59
27.374, 26006.9, 9675.73
27.375, 26007.6, 9675.87
27.376, 26008.4, 9676.02
27.377, 26009.1, 9676.16
27.378, 26009.8, 9676.3
27.379, 26010.6, 9676.44
27.38, 26011.3, 9676.58
27.381, 26012, 9676.73
27.382, 26012.8, 9676.87
27.383, 26013.5, 9677.01
27.384, 26014.2, 9677.15
27.385, 26014.9, 9677.29
27.386, 26015.7, 9677.44
27.387, 26016.4, 9677.58
27.388, 26017.1, 9677.72
27.389, 26017.9, 9677.86
27.39, 26018.6, 9678
27.391, 26019.3, 9678.15
27.392, 26020, 9678.29
27.393, 26020.8, 9678.43
27.394, 26021.5, 9678.57
27.395, 26022.2, 9678.71
27.396, 26023, 9678.85
27.397, 26023.7, 9679
27.398, 26024.4, 9679.14
27.399, 26025.1, 9679.28
27.4, 26025.9, 9679.42
27.401, 26026.6, 9679.56
27.402, 26027.3, 9679.71
27.403, 26028.1, 9679.85
27.404, 26028.8, 9679.99
27.405, 26029.5, 9680.13
27.406, 26030.2, 9680.27
27.407, 26031, 9680.41
27.408, 26031.7, 9680.56
27.409, 26032.4, 9680.7
27.41, 26033.2, 9680.84
27.411, 26033.9, 9680.98
27.412, 26034.6, 9681.12
27.413, 26035.3, 9681.26
27.414, 26036.1, 9681.41
27.415, 26036.8, 9681.55
27.416, 26037.5, 9681.69
27.417, 26038.3, 9681.83
27.418, 26039, 9681.97
27.419, 26039.7, 9682.11
27.42, 26040.4, 9682.26
27.421, 26041.2, 9682.4
27.422, 26041.9, 9682.54
27.423, 26042.6, 9682.68
27.424, 26043.4, 9682.82
27.425, 26044.1, 9682.96
27.426, 26044.8, 9683.11
27.427, 26045.5, 9683.25
27.428, 26046.3, 9683.39
27.429, 26047, 9683.53
27.43, 26047.7, 9683.67
27.431, 26048.5, 9683.81
27.432, 26049.2, 9683.95
27.433, 26049.9, 9684.1
27.434, 26050.6, 9684.24
27.435, 26051.4, 9684.38
27.436, 26052.1, 9684.52
27.437, 26052.8, 9684.66
27.438, 26053.6, 9684.8
27.439, 26054.3, 9684.94
27.44, 26055, 9685.09
27.441, 26055.7, 9685.23
27.442, 26056.5, 9685.37
27.443, 26057.2, 9685.51
27.444, 26057.9, 9685.65
27.445, 26058.7, 9685.79
27.446, 26059.4, 9685.93
27.447, 26060.1, 9686.07
27.448, 26060.8, 9686.22
27.449, 26061.6, 9686.36
27.45, 26062.3, 9686.5
27.451, 26063, 9686.64
27.452, 26063.8, 9686.78
27.453, 26064.5, 9686.92
27.454, 26065.2, 9687.06
27.455, 26065.9, 9687.2
27.456, 26066.7, 9687.35
27.457, 26067.4, 9687.49
27.458, 26068.1, 9687.63
27.459, 26068.9, 9687.77
27.46, 26069.6, 9687.91
27.461, 26070.3, 9688.05
27.462, 26071, 9688.19
27.463, 26071.8, 9688.33
27.464, 26072.5, 9688.47
27.465, 26073.2, 9688.62
27.466, 26074, 9688.76
27.467, 26074.7, 9688.9
27.468, 26075.4, 9689.04
27.469, 26076.1, 9689.18
27.47, 26076.9, 9689.32
27.471, 26077.6, 9689.46
27.472, 26078.3, 9689.6
27.473, 26079.1, 9689.74
27.474, 26079.8, 9689.88
27.475, 26080.5, 9690.03
27.476, 26081.2, 9690.17
27.477, 26082, 9690.31
27.478, 26082.7, 9690.45
27.479, 26083.4, 9690.59
27.48, 26084.2, 9690.73
27.481, 26084.9, 9690.87
27.482, 26085.6, 9691.01
27.483, 26086.3, 9691.15
27.484, 26087.1, 9691.29
27.485, 26087.8, 9691.43
27.486, 26088.5, 9691.58
27.487, 26089.3, 9691.72
27.488, 26090, 9691.86
27.489, 26090.7, 9692
27.49, 26091.4, 9692.14
27.491, 26092.2, 9692.28
27.492, 26092.9, 9692.42
27.493, 26093.6, 9692.56
27.494, 26094.4, 9692.7
27.495, 26095.1, 9692.84
27.496, 26095.8, 9692.98
27.497, 26096.5, 9693.12
27.498, 26097.3, 9693.26
27.499, 26098, 9693.41
27.5, 26098.7, 9693.55
27.501, 26099.4, 9693.69
27.502, 26100.2, 9693.83
27.503, 26100.9, 9693.97
27.504, 26101.6, 9694.11
27.505, 26102.4, 9694.25
27.506, 26103.1, 9694.39
27.507, 26103.8, 9694.53
27.508, 26104.5, 9694.67
27.509, 26105.3, 9694.81
27.51, 26106, 9694.95
27.511, 26106.7, 9695.09
27.512, 26107.5, 9695.23
27.513, 26108.2, 9695.37
27.514, 26108.9, 9695.51
27.515, 26109.6, 9695.65
27.516, 26110.4, 9695.8
27.517, 26111.1, 9695.94
27.518, 26111.8, 9696.08
27.519, 26112.6, 9696.22
27.52, 26113.3, 9696.36
27.521, 26114, 9696.5
27.522, 26114.7, 9696.64
27.523, 26115.5, 9696.78
27.524, 26116.2, 9696.92
27.525, 26116.9, 9697.06
27.526, 26117.6, 9697.2
27.527, 26118.4, 9697.34
27.528, 26119.1, 9697.48
27.529, 26119.8, 9697.62
27.53, 26120.6, 9697.76
27.531, 26121.3, 9697.9
27.532, 26122, 9698.04
27.533, 26122.7, 9698.18
27.534, 26123.5, 9698.32
27.535, 26124.2, 9698.46
27.536, 26124.9, 9698.6
27.537, 26125.7, 9698.74
27.538, 26126.4, 9698.88
27.539, 26127.1, 9699.02
27.54, 26127.8, 9699.16
27.541, 26128.6, 9699.3
27.542, 26129.3, 9699.44
27.543, 26130, 9699.58
27.544, 26130.7, 9699.72
27.545, 26131.5, 9699.86
27.546, 26132.2, 9700
27.547, 26132.9, 9700.14
27.548, 26133.7, 9700.28
27.549, 26134.4, 9700.43
27.55, 26135.1, 9700.57
27.551, 26135.8, 9700.71
27.552, 26136.6, 9700.85
27.553, 26137.3, 9700.99
27.554, 26138, 9701.13
27.555, 26138.7, 9701.27
27.556, 26139.5, 9701.41
27.557, 26140.2, 9701.55
27.558, 26140.9, 9701.69
27.559, 26141.7, 9701.83
27.56, 26142.4, 9701.97
27.561, 26143.1, 9702.11
27.562, 26143.8, 9702.25
27.563, 26144.6, 9702.39
27.564, 26145.3, 9702.53
27.565, 26146, 9702.67
27.566, 26146.8, 9702.81
27.567, 26147.5, 9702.95
27.568, 26148.2, 9703.09
27.569, 26148.9, 9703.23
27.57, 26149.7, 9703.36
27.571, 26150.4, 9703.5
27.572, 26151.1, 9703.64
27.573, 26151.8, 9703.78
27.574, 26152.6, 9703.92
27.575, 26153.3, 9704.06
27.576, 26154, 9704.2
27.577, 26154.8, 9704.34
27.578, 26155.5, 9704.48
27.579, 26156.2, 9704.62
27.58, 26156.9, 9704.76
27.581, 26157.7, 9704.9
27.582, 26158.4, 9705.04
27.583, 26159.1, 9705.18
27.584, 26159.8, 9705.32
27.585, 26160.6, 9705.46
27.586, 26161.3, 9705.6
27.587, 26162, 9705.74
27.588, 26162.8, 9705.88
27.589, 26163.5, 9706.02
27.59, 26164.2, 9706.16
27.591, 26164.9, 9706.3
27.592, 26165.7, 9706.44
27.593, 26166.4, 9706.58
27.594, 26167.1, 9706.72
27.595, 26167.8, 9706.86
27.596, 26168.6, 9707
27.597, 26169.3, 9707.14
27.598, 26170, 9707.28
27.599, 26170.8, 9707.42
27.6, 26171.5, 9707.56
27.601, 26172.2, 9707.7
27.602, 26172.9, 9707.84
27.603, 26173.7, 9707.97
27.604, 26174.4, 9708.11
27.605, 26175.1, 9708.25
27.606, 26175.8, 9708.39
27.607, 26176.6, 9708.53
27.608, 26177.3, 9708.67
27.609, 26178, 9708.81
27.61, 26178.8, 9708.95
27.611, 26179.5, 9709.09
27.612, 26180.2, 9709.23
27.613, 26180.9, 9709.37
27.614, 26181.7, 9709.51
27.615, 26182.4, 9709.65
27.616, 26183.1, 9709.79
27.617, 26183.8, 9709.93
27.618, 26184.6, 9710.07
27.619, 26185.3, 9710.21
27.62, 26186, 9710.34
27.621, 26186.8, 9710.48
27.622, 26187.5, 9710.62
27.623, 26188.2, 9710.76
27.624, 26188.9, 9710.9
27.625, 26189.7, 9711.04
27.626, 26190.4, 9711.18
27.627, 26191.1, 9711.32
27.628, 26191.8, 9711.46
27.629, 26192.6, 9711.6
27.63, 26193.3, 9711.74
27.631, 26194, 9711.88
27.632, 26194.8, 9712.02
27.633, 26195.5, 9712.15
27.634, 26196.2, 9712.29
27.635, 26196.9, 9712.43
27.636, 26197.7, 9712.57
27.637, 26198.4, 9712.71
27.638, 26199.1, 9712.85
27.639, 26199.8, 9712.99
27.64, 26200.6, 9713.13
27.641, 26201.3, 9713.27
27.642, 26202, 9713.41
27.643, 26202.7, 9713.55
27.644, 26203.5, 9713.68
27.645, 26204.2, 9713.82
27.646, 26204.9, 9713.96
27.647, 26205.7, 9714.1
27.648, 26206.4, 9714.24
27.649, 26207.1, 9714.38
27.65, 26207.8, 9714.52
27.651, 26208.6, 9714.66
27.652, 26209.3, 9714.8
27.653, 26210, 9714.94
27.654, 26210.7, 9715.07
27.655, 26211.5, 9715.21
27.656, 26212.2, 9715.35
27.657, 26212.9, 9715.49
27.658, 26213.7, 9715.63
27.659, 26214.4, 9715.77
27.66, 26215.1, 9715.91
27.661, 26215.8, 9716.05
27.662, 26216.6, 9716.19
27.663, 26217.3, 9716.32
27.664, 26218, 9716.46
27.665, 26218.7, 9716.6
27.666, 26219.5, 9716.74
27.667, 26220.2, 9716.88
27.668, 26220.9, 9717.02
27.669, 26221.6, 9717.16
27.67, 26222.4, 9717.3
27.671, 26223.1, 9717.43
27.672, 26223.8, 9717.57
27.673, 26224.6, 9717.71
27.674, 26225.3, 9717.85
27.675, 26226, 9717.99
27.676, 26226.7, 9718.13
27.677, 26227.5, 9718.27
27.678, 26228.2, 9718.41
27.679, 26228.9, 9718.54
27.68, 26229.6, 9718.68
27.681, 26230.4, 9718.82
27.682, 26231.1, 9718.96
27.683, 26231.8, 9719.1
27.684, 26232.5, 9719.24
27.685, 26233.3, 9719.38
27.686, 26234, 9719.51
27.687, 26234.7, 9719.65
27.688, 26235.5, 9719.79
27.689, 26236.2, 9719.93
27.69, 26236.9, 9720.07
27.691, 26237.6, 9720.21
27.692, 26238.4, 9720.35
27.693, 26239.1, 9720.48
27.694, 26239.8, 9720.62
27.695, 26240.5, 9720.76
27.696, 26241.3, 9720.9
27.697, 26242, 9721.04
27.698, 26242.7, 9721.18
27.699, 26243.4, 9721.31
27.7, 26244.2, 9721.45
27.701, 26244.9, 9721.59
27.702, 26245.6, 9721.73
27.703, 26246.4, 9721.87
27.704, 26247.1, 9722.01
27.705, 26247.8, 9722.14
27.706, 26248.5, 9722.28
27.707, 26249.3, 9722.42
27.708, 26250, 9722.56
27.709, 26250.7, 9722.7
27.71, 26251.4, 9722.84
27.711, 26252.2, 9722.97
27.712, 26252.9, 9723.11
27.713, 26253.6, 9723.25
27.714, 26254.3, 9723.39
27.715, 26255.1, 9723.53
27.716, 26255.8, 9723.67
27.717, 26256.5, 9723.8
27.718, 26257.2, 9723.94
27.719, 26258, 9724.08
27.72, 26258.7, 9724.22
27.721, 26259.4, 9724.36
27.722, 26260.2, 9724.5
27.723, 26260.9, 9724.63
27.724, 26261.6, 9724.77
27.725, 26262.3, 9724.91
27.726, 26263.1, 9725.05
27.727, 26263.8, 9725.19
27.728, 26264.5, 9725.32
27.729, 26265.2, 9725.46
27.73, 26266, 9725.6
27.731, 26266.7, 9725.74
27.732, 26267.4, 9725.88
27.733, 26268.1, 9726.01
27.734, 26268.9, 9726.15
27.735, 26269.6, 9726.29
27.736, 26270.3, 9726.43
27.737, 26271, 9726.57
27.738, 26271.8, 9726.7
27.739, 26272.5, 9726.84
27.74, 26273.2, 9726.98
27.741, 26273.9, 9727.12
27.742, 26274.7, 9727.26
27.743, 26275.4, 9727.39
27.744, 26276.1, 9727.53
27.745, 26276.9, 9727.67
27.746, 26277.6, 9727.81
27.747, 26278.3, 9727.95
27.748, 26279, 9728.08
27.749, 26279.8, 9728.22
27.75, 26280.5, 9728.36
27.751, 26281.2, 9728.5
27.752, 26281.9, 9728.63
27.753, 26282.7, 9728.77
27.754, 26283.4, 9728.91
27.755, 26284.1, 9729.05
27.756, 26284.8, 9729.19
27.757, 26285.6, 9729.32
27.758, 26286.3, 9729.46
27.759, 26287, 9729.6
27.76, 26287.7, 9729.74
27.761, 26288.5, 9729.87
27.762, 26289.2, 9730.01
27.763, 26289.9, 9730.15
27.764, 26290.6, 9730.29
27.765, 26291.4, 9730.43
27.766, 26292.1, 9730.56
27.767, 26292.8, 9730.7
27.768, 26293.6, 9730.84
27.769, 26294.3, 9730.98
27.77, 26295, 9731.11
27.771, 26295.7, 9731.25
27.772, 26296.5, 9731.39
27.773, 26297.2, 9731.53
27.774, 26297.9, 9731.66
27.775, 26298.6, 9731.8
27.776, 26299.4, 9731.94
27.777, 26300.1, 9732.08
27.778, 26300.8, 9732.21
27.779, 26301.5, 9732.35
27.78, 26302.3, 9732.49
27.781, 26303, 9732.63
27.782, 26303.7, 9732.76
27.783, 26304.4, 9732.9
27.784, 26305.2, 9733.04
27.785, 26305.9, 9733.18
27.786, 26306.6, 9733.31
27.787, 26307.3, 9733.45
27.788, 26308.1, 9733.59
27.789, 26308.8, 9733.73
27.79, 26309.5, 9733.86
27.791, 26310.2, 9734
27.792, 26311, 9734.14
27.793, 26311.7, 9734.28
27.794, 26312.4, 9734.41
27.795, 26313.1, 9734.55
27.796, 26313.9, 9734.69
27.797, 26314.6, 9734.82
27.798, 26315.3, 9734.96
27.799, 26316.1, 9735.1
27.8, 26316.8, 9735.24
27.801, 26317.5, 9735.37
27.802, 26318.2, 9735.51
27.803, 26319, 9735.65
27.804, 26319.7, 9735.79
27.805, 26320.4, 9735.92
27.806, 26321.1, 9736.06
27.807, 26321.9, 9736.2
27.808, 26322.6, 9736.33
27.809, 26323.3, 9736.47
27.81, 26324, 9736.61
27.811, 26324.8, 9736.75
27.812, 26325.5, 9736.88
27.813, 26326.2, 9737.02
27.814, 26326.9, 9737.16
27.815, 26327.7, 9737.29
27.816, 26328.4, 9737.43
27.817, 26329.1, 9737.57
27.818, 26329.8, 9737.71
27.819, 26330.6, 9737.84
27.82, 26331.3, 9737.98
27.821, 26332, 9738.12
27.822, 26332.7, 9738.25
27.823, 26333.5, 9738.39
27.824, 26334.2, 9738.53
27.825, 26334.9, 9738.66
27.826, 26335.6, 9738.8
27.827, 26336.4, 9738.94
27.828, 26337.1, 9739.08
27.829, 26337.8, 9739.21
27.83, 26338.5, 9739.35
27.831, 26339.3, 9739.49
27.832, 26340, 9739.62
27.833, 26340.7, 9739.76
27.834, 26341.4, 9739.9
27.835, 26342.2, 9740.03
27.836, 26342.9, 9740.17
27.837, 26343.6, 9740.31
27.838, 26344.3, 9740.44
27.839, 26345.1, 9740.58
27.84, 26345.8, 9740.72
27.841, 26346.5, 9740.86
27.842, 26347.2, 9740.99
27.843, 26348, 9741.13
27.844, 26348.7, 9741.27
27.845, 26349.4, 9741.4
27.846, 26350.2, 9741.54
27.847, 26350.9, 9741.68
27.848, 26351.6, 9741.81
27.849, 26352.3, 9741.95
27.85, 26353.1, 9742.09
27.851, 26353.8, 9742.22
27.852, 26354.5, 9742.36
27.853, 26355.2, 9742.5
27.854, 26356, 9742.63
27.855, 26356.7, 9742.77
27.856, 26357.4, 9742.91
27.857, 26358.1, 9743.04
27.858, 26358.9, 9743.18
27.859, 26359.6, 9743.32
27.86, 26360.3, 9743.45
27.861, 26361, 9743.59
27.862, 26361.8, 9743.73
27.863, 26362.5, 9743.86
27.864, 26363.2, 9744
27.865, 26363.9, 9744.14
27.866, 26364.7, 9744.27
27.867, 26365.4, 9744.41
27.868, 26366.1, 9744.54
27.869, 26366.8, 9744.68
27.87, 26367.6, 9744.82
27.871, 26368.3, 9744.95
27.872, 26369, 9745.09
27.873, 26369.7, 9745.23
27.874, 26370.5, 9745.36
27.875, 26371.2, 9745.5
27.876, 26371.9, 9745.64
27.877, 26372.6, 9745.77
27.878, 26373.4, 9745.91
27.879, 26374.1, 9746.05
27.88, 26374.8, 9746.18
27.881, 26375.5, 9746.32
27.882, 26376.3, 9746.45
27.883, 26377, 9746.59
27.884, 26377.7, 9746.73
27.885, 26378.4, 9746.86
27.886, 26379.2, 9747
27.887, 26379.9, 9747.14
27.888, 26380.6, 9747.27
27.889, 26381.3, 9747.41
27.89, 26382.1, 9747.55
27.891, 26382.8, 9747.68
27.892, 26383.5, 9747.82
27.893, 26384.2, 9747.95
27.894, 26385, 9748.09
27.895, 26385.7, 9748.23
27.896, 26386.4, 9748.36
27.897, 26387.1, 9748.5
27.898, 26387.9, 9748.63
27.899, 26388.6, 9748.77
27.9, 26389.3, 9748.91
27.901, 26390, 9749.04
27.902, 26390.8, 9749.18
27.903, 26391.5, 9749.32
27.904, 26392.2, 9749.45
27.905, 26392.9, 9749.59
27.906, 26393.7, 9749.72
27.907, 26394.4, 9749.86
27.908, 26395.1, 9750
27.909, 26395.8, 9750.13
27.91, 26396.6, 9750.27
27.911, 26397.3, 9750.4
27.912, 26398, 9750.54
27.913, 26398.7, 9750.68
27.914, 26399.5, 9750.81
27.915, 26400.2, 9750.95
27.916, 26400.9, 9751.08
27.917, 26401.6, 9751.22
27.918, 26402.4, 9751.36
27.919, 26403.1, 9751.49
27.92, 26403.8, 9751.63
27.921, 26404.5, 9751.76
27.922, 26405.3, 9751.9
27.923, 26406, 9752.04
27.924, 26406.7, 9752.17
27.925, 26407.4, 9752.31
27.926, 26408.2, 9752.44
27.927, 26408.9, 9752.58
27.928, 26409.6, 9752.71
27.929, 26410.3, 9752.85
27.93, 26411, 9752.99
27.931, 26411.8, 9753.12
27.932, 26412.5, 9753.26
27.933, 26413.2, 9753.39
27.934, 26413.9, 9753.53
27.935, 26414.7, 9753.67
27.936, 26415.4, 9753.8
27.937, 26416.1, 9753.94
27.938, 26416.8, 9754.07
27.939, 26417.6, 9754.21
27.94, 26418.3, 9754.34
27.941, 26419, 9754.48
27.942, 26419.7, 9754.62
27.943, 26420.5, 9754.75
27.944, 26421.2, 9754.89
27.945, 26421.9, 9755.02
27.946, 26422.6, 9755.16
27.947, 26423.4, 9755.29
27.948, 26424.1, 9755.43
27.949, 26424.8, 9755.56
27.95, 26425.5, 9755.7
27.951, 26426.3, 9755.84
27.952, 26427, 9755.97
27.953, 26427.7, 9756.11
27.954, 26428.4, 9756.24
27.955, 26429.2, 9756.38
27.956, 26429.9, 9756.51
27.957, 26430.6, 9756.65
27.958, 26431.3, 9756.78
27.959, 26432.1, 9756.92
27.96, 26432.8, 9757.06
27.961, 26433.5, 9757.19
27.962, 26434.2, 9757.33
27.963, 26435, 9757.46
27.964, 26435.7, 9757.6
27.965, 26436.4, 9757.73
27.966, 26437.1, 9757.87
27.967, 26437.9, 9758
27.968, 26438.6, 9758.14
27.969, 26439.3, 9758.27
27.97, 26440, 9758.41
27.971, 26440.8, 9758.54
27.972, 26441.5, 9758.68
27.973, 26442.2, 9758.82
27.974, 26442.9, 9758.95
27.975, 26443.7, 9759.09
27.976, 26444.4, 9759.22
27.977, 26445.1, 9759.36
27.978, 26445.8, 9759.49
27.979, 26446.5, 9759.63
27.98, 26447.3, 9759.76
27.981, 26448, 9759.9
27.982, 26448.7, 9760.03
27.983, 26449.4, 9760.17
27.984, 26450.2, 9760.3
27.985, 26450.9, 9760.44
27.986, 26451.6, 9760.57
27.987, 26452.3, 9760.71
27.988, 26453.1, 9760.84
27.989, 26453.8, 9760.98
27.99, 26454.5, 9761.11
27.991, 26455.2, 9761.25
27.992, 26456, 9761.38
27.993, 26456.7, 9761.52
27.994, 26457.4, 9761.65
27.995, 26458.1, 9761.79
27.996, 26458.9, 9761.92
27.997, 26459.6, 9762.06
27.998, 26460.3, 9762.2
27.999, 26461, 9762.33
28, 26461.8, 9762.47
28.001, 26462.5, 9762.6
28.002, 26463.2, 9762.74
28.003, 26463.9, 9762.87
28.004, 26464.7, 9763.01
28.005, 26465.4, 9763.14
28.006, 26466.1, 9763.28
28.007, 26466.8, 9763.41
28.008, 26467.5, 9763.54
28.009, 26468.3, 9763.68
28.01, 26469, 9763.81
28.011, 26469.7, 9763.95
28.012, 26470.4, 9764.08
28.013, 26471.2, 9764.22
28.014, 26471.9, 9764.35
28.015, 26472.6, 9764.49
28.016, 26473.3, 9764.62
28.017, 26474.1, 9764.76
28.018, 26474.8, 9764.89
28.019, 26475.5, 9765.03
28.02, 26476.2, 9765.16
28.021, 26477, 9765.3
28.022, 26477.7, 9765.43
28.023, 26478.4, 9765.57
28.024, 26479.1, 9765.7
28.025, 26479.9, 9765.84
28.026, 26480.6, 9765.97
28.027, 26481.3, 9766.11
28.028, 26482, 9766.24
28.029, 26482.8, 9766.38
28.03, 26483.5, 9766.51
28.031, 26484.2, 9766.65
28.032, 26484.9, 9766.78
28.033, 26485.6, 9766.91
28.034, 26486.4, 9767.05
28.035, 26487.1, 9767.18
28.036, 26487.8, 9767.32
28.037, 26488.5, 9767.45
28.038, 26489.3, 9767.59
28.039, 26490, 9767.72
28.04, 26490.7, 9767.86
28.041, 26491.4, 9767.99
28.042, 26492.2, 9768.13
28.043, 26492.9, 9768.26
28.044, 26493.6, 9768.39
28.045, 26494.3, 9768.53
28.046, 26495.1, 9768.66
28.047, 26495.8, 9768.8
28.048, 26496.5, 9768.93
28.049, 26497.2, 9769.07
28.05, 26498, 9769.2
28.051, 26498.7, 9769.34
28.052, 26499.4, 9769.47
28.053, 26500.1, 9769.61
28.054, 26500.8, 9769.74
28.055, 26501.6, 9769.87
28.056, 26502.3, 9770.01
28.057, 26503, 9770.14
28.058, 26503.7, 9770.28
28.059, 26504.5, 9770.41
28.06, 26505.2, 9770.55
28.061, 26505.9, 9770.68
28.062, 26506.6, 9770.81
28.063, 26507.4, 9770.95
28.064, 26508.1, 9771.08
28.065, 26508.8, 9771.22
28.066, 26509.5, 9771.35
28.067, 26510.3, 9771.49
28.068, 26511, 9771.62
28.069, 26511.7, 9771.75
28.07, 26512.4, 9771.89
28.071, 26513.1, 9772.02
28.072, 26513.9, 9772.16
28.073, 26514.6, 9772.29
28.074, 26515.3, 9772.43
28.075, 26516, 9772.56
28.076, 26516.8, 9772.69
28.077, 26517.5, 9772.83
28.078, 26518.2, 9772.96
28.079, 26518.9, 9773.1
28.08, 26519.7, 9773.23
28.081, 26520.4, 9773.36
28.082, 26521.1, 9773.5
28.083, 26521.8, 9773.63
28.084, 26522.6, 9773.77
28.085, 26523.3, 9773.9
28.086, 26524, 9774.03
28.087, 26524.7, 9774.17
28.088, 26525.4, 9774.3
28.089, 26526.2, 9774.44
28.09, 26526.9, 9774.57
28.091, 26527.6, 9774.7
28.092, 26528.3, 9774.84
28.093, 26529.1, 9774.97
28.094, 26529.8, 9775.11
28.095, 26530.5, 9775.24
28.096, 26531.2, 9775.37
28.097, 26532, 9775.51
28.098, 26532.7, 9775.64
28.099, 26533.4, 9775.78
28.1, 26534.1, 9775.91
28.101, 26534.8, 9776.04
28.102, 26535.6, 9776.18
28.103, 26536.3, 9776.31
28.104, 26537, 9776.45
28.105, 26537.7, 9776.58
28.106, 26538.5, 9776.71
28.107, 26539.2, 9776.85
28.108, 26539.9, 9776.98
28.109, 26540.6, 9777.11
28.11, 26541.4, 9777.25
28.111, 26542.1, 9777.38
28.112, 26542.8, 9777.52
28.113, 26543.5, 9777.65
28.114, 26544.3, 9777.78
28.115, 26545, 9777.92
28.116, 26545.7, 9778.05
28.117, 26546.4, 9778.18
28.118, 26547.1, 9778.32
28.119, 26547.9, 9778.45
28.12, 26548.6, 9778.59
28.121, 26549.3, 9778.72
28.122, 26550, 9778.85
28.123, 26550.8, 9778.99
28.124, 26551.5, 9779.12
28.125, 26552.2, 9779.25
28.126, 26552.9, 9779.39
28.127, 26553.7, 9779.52
28.128, 26554.4, 9779.65
28.129, 26555.1, 9779.79
28.13, 26555.8, 9779.92
28.131, 26556.5, 9780.06
28.132, 26557.3, 9780.19
28.133, 26558, 9780.32
28.134, 26558.7, 9780.46
28.135, 26559.4, 9780.59
28.136, 26560.2, 9780.72
28.137, 26560.9, 9780.86
28.138, 26561.6, 9780.99
28.139, 26562.3, 9781.12
28.14, 26563.1, 9781.26
28.141, 26563.8, 9781.39
28.142, 26564.5, 9781.52
28.143, 26565.2, 9781.66
28.144, 26565.9, 9781.79
28.145, 26566.7, 9781.92
28.146, 26567.4, 9782.06
28.147, 26568.1, 9782.19
28.148, 26568.8, 9782.32
28.149, 26569.6, 9782.46
28.15, 26570.3, 9782.59
28.151, 26571, 9782.72
28.152, 26571.7, 9782.86
28.153, 26572.5, 9782.99
28.154, 26573.2, 9783.12
28.155, 26573.9, 9783.26
28.156, 26574.6, 9783.39
28.157, 26575.3, 9783.52
28.158, 26576.1, 9783.66
28.159, 26576.8, 9783.79
28.16, 26577.5, 9783.92
28.161, 26578.2, 9784.06
28.162, 26579, 9784.19
28.163, 26579.7, 9784.32
28.164, 26580.4, 9784.46
28.165, 26581.1, 9784.59
28.166, 26581.8, 9784.72
28.167, 26582.6, 9784.86
28.168, 26583.3, 9784.99
28.169, 26584, 9785.12
28.17, 26584.7, 9785.25
28.171, 26585.5, 9785.39
28.172, 26586.2, 9785.52
28.173, 26586.9, 9785.65
28.174, 26587.6, 9785.79
28.175, 26588.4, 9785.92
28.176, 26589.1, 9786.05
28.177, 26589.8, 9786.19
28.178, 26590.5, 9786.32
28.179, 26591.2, 9786.45
28.18, 26592, 9786.59
28.181, 26592.7, 9786.72
28.182, 26593.4, 9786.85
28.183, 26594.1, 9786.98
28.184, 26594.9, 9787.12
28.185, 26595.6, 9787.25
28.186, 26596.3, 9787.38
28.187, 26597, 9787.52
28.188, 26597.7, 9787.65
28.189, 26598.5, 9787.78
28.19, 26599.2, 9787.91
28.191, 26599.9, 9788.05
28.192, 26600.6, 9788.18
28.193, 26601.4, 9788.31
28.194, 26602.1, 9788.45
28.195, 26602.8, 9788.58
28.196, 26603.5, 9788.71
28.197, 26604.3, 9788.84
28.198, 26605, 9788.98
28.199, 26605.7, 9789.11
28.2, 26606.4, 9789.24
28.201, 26607.1, 9789.38
28.202, 26607.9, 9789.51
28.203, 26608.6, 9789.64
28.204, 26609.3, 9789.77
28.205, 26610, 9789.91
28.206, 26610.8, 9790.04
28.207, 26611.5, 9790.17
28.208, 26612.2, 9790.3
28.209, 26612.9, 9790.44
28.21, 26613.6, 9790.57
28.211, 26614.4, 9790.7
28.212, 26615.1, 9790.84
28.213, 26615.8, 9790.97
28.214, 26616.5, 9791.1
28.215, 26617.3, 9791.23
28.216, 26618, 9791.37
28.217, 26618.7, 9791.5
28.218, 26619.4, 9791.63
28.219, 26620.1, 9791.76
28.22, 26620.9, 9791.9
28.221, 26621.6, 9792.03
28.222, 26622.3, 9792.16
28.223, 26623, 9792.29
28.224, 26623.8, 9792.43
28.225, 26624.5, 9792.56
28.226, 26625.2, 9792.69
28.227, 26625.9, 9792.82
28.228, 26626.6, 9792.96
28.229, 26627.4, 9793.09
28.23, 26628.1, 9793.22
28.231, 26628.8, 9793.35
28.232, 26629.5, 9793.49
28.233, 26630.3, 9793.62
28.234, 26631, 9793.75
28.235, 26631.7, 9793.88
28.236, 26632.4, 9794.02
28.237, 26633.1, 9794.15
28.238, 26633.9, 9794.28
28.239, 26634.6, 9794.41
28.24, 26635.3, 9794.54
28.241, 26636, 9794.68
28.242, 26636.8, 9794.81
28.243, 26637.5, 9794.94
28.244, 26638.2, 9795.07
28.245, 26638.9, 9795.21
28.246, 26639.6, 9795.34
28.247, 26640.4, 9795.47
28.248, 26641.1, 9795.6
28.249, 26641.8, 9795.73
28.25, 26642.5, 9795.87
28.251, 26643.3, 9796
28.252, 26644, 9796.13
28.253, 26644.7, 9796.26
28.254, 26645.4, 9796.4
28.255, 26646.1, 9796.53
28.256, 26646.9, 9796.66
28.257, 26647.6, 9796.79
28.258, 26648.3, 9796.92
28.259, 26649, 9797.06
28.26, 26649.8, 9797.19
28.261, 26650.5, 9797.32
28.262, 26651.2, 9797.45
28.263, 26651.9, 9797.58
28.264, 26652.6, 9797.72
28.265, 26653.4, 9797.85
28.266, 26654.1, 9797.98
28.267, 26654.8, 9798.11
28.268, 26655.5, 9798.24
28.269, 26656.3, 9798.38
28.27, 26657, 9798.51
28.271, 26657.7, 9798.64
28.272, 26658.4, 9798.77
28.273, 26659.1, 9798.9
28.274, 26659.9, 9799.04
28.275, 26660.6, 9799.17
28.276, 26661.3, 9799.3
28.277, 26662, 9799.43
28.278, 26662.8, 9799.56
28.279, 26663.5, 9799.7
28.28, 26664.2, 9799.83
28.281, 26664.9, 9799.96
28.282, 26665.6, 9800.09
28.283, 26666.4, 9800.22
28.284, 26667.1, 9800.36
28.285, 26667.8, 9800.49
28.286, 26668.5, 9800.62
28.287, 26669.3, 9800.75
28.288, 26670, 9800.88
28.289, 26670.7, 9801.01
28.29, 26671.4, 9801.15
28.291, 26672.1, 9801.28
28.292, 26672.9, 9801.41
28.293, 26673.6, 9801.54
28.294, 26674.3, 9801.67
28.295, 26675, 9801.8
28.296, 26675.7, 9801.94
28.297, 26676.5, 9802.07
28.298, 26677.2, 9802.2
28.299, 26677.9, 9802.33
28.3, 26678.6, 9802.46
28.301, 26679.4, 9802.59
28.302, 26680.1, 9802.73
28.303, 26680.8, 9802.86
28.304, 26681.5, 9802.99
28.305, 26682.2, 9803.12
28.306, 26683, 9803.25
28.307, 26683.7, 9803.38
28.308, 26684.4, 9803.52
28.309, 26685.1, 9803.65
28.31, 26685.9, 9803.78
28.311, 26686.6, 9803.91
28.312, 26687.3, 9804.04
28.313, 26688, 9804.17
28.314, 26688.7, 9804.31
28.315, 26689.5, 9804.44
28.316, 26690.2, 9804.57
28.317, 26690.9, 9804.7
28.318, 26691.6, 9804.83
28.319, 26692.3, 9804.96
28.32, 26693.1, 9805.09
28.321, 26693.8, 9805.23
28.322, 26694.5, 9805.36
28.323, 26695.2, 9805.49
28.324, 26696, 9805.62
28.325, 26696.7, 9805.75
28.326, 26697.4, 9805.88
28.327, 26698.1, 9806.01
28.328, 26698.8, 9806.14
28.329, 26699.6, 9806.28
28.33, 26700.3, 9806.41
28.331, 26701, 9806.54
28.332, 26701.7, 9806.67
28.333, 26702.4, 9806.8
28.334, 26703.2, 9806.93
28.335, 26703.9, 9807.06
28.336, 26704.6, 9807.2
28.337, 26705.3, 9807.33
28.338, 26706.1, 9807.46
28.339, 26706.8, 9807.59
28.34, 26707.5, 9807.72
28.341, 26708.2, 9807.85
28.342, 26708.9, 9807.98
28.343, 26709.7, 9808.11
28.344, 26710.4, 9808.24
28.345, 26711.1, 9808.38
28.346, 26711.8, 9808.51
28.347, 26712.5, 9808.64
28.348, 26713.3, 9808.77
28.349, 26714, 9808.9
28.35, 26714.7, 9809.03
28.351, 26715.4, 9809.16
28.352, 26716.2, 9809.29
28.353, 26716.9, 9809.42
28.354, 26717.6, 9809.56
28.355, 26718.3, 9809.69
28.356, 26719, 9809.82
28.357, 26719.8, 9809.95
28.358, 26720.5, 9810.08
28.359, 26721.2, 9810.21
28.36, 26721.9, 9810.34
28.361, 26722.6, 9810.47
28.362, 26723.4, 9810.6
28.363, 26724.1, 9810.73
28.364, 26724.8, 9810.87
28.365, 26725.5, 9811
28.366, 26726.3, 9811.13
28.367, 26727, 9811.26
28.368, 26727.7, 9811.39
28.369, 26728.4, 9811.52
28.37, 26729.1, 9811.65
28.371, 26729.9, 9811.78
28.372, 26730.6, 9811.91
28.373, 26731.3, 9812.04
28.374, 26732, 9812.17
28.375, 26732.7, 9812.3
28.376, 26733.5, 9812.44
28.377, 26734.2, 9812.57
28.378, 26734.9, 9812.7
28.379, 26735.6, 9812.83
28.38, 26736.4, 9812.96
28.381, 26737.1, 9813.09
28.382, 26737.8, 9813.22
28.383, 26738.5, 9813.35
28.384, 26739.2, 9813.48
28.385, 26740, 9813.61
28.386, 26740.7, 9813.74
28.387, 26741.4, 9813.87
28.388, 26742.1, 9814
28.389, 26742.8, 9814.13
28.39, 26743.6, 9814.27
28.391, 26744.3, 9814.4
28.392, 26745, 9814.53
28.393, 26745.7, 9814.66
28.394, 26746.4, 9814.79
28.395, 26747.2, 9814.92
28.396, 26747.9, 9815.05
28.397, 26748.6, 9815.18
28.398, 26749.3, 9815.31
28.399, 26750.1, 9815.44
28.4, 26750.8, 9815.57
28.401, 26751.5, 9815.7
28.402, 26752.2, 9815.83
28.403, 26752.9, 9815.96
28.404, 26753.7, 9816.09
28.405, 26754.4, 9816.22
28.406, 26755.1, 9816.35
28.407, 26755.8, 9816.48
28.408, 26756.5, 9816.62
28.409, 26757.3, 9816.75
28.41, 26758, 9816.88
28.411, 26758.7, 9817.01
28.412, 26759.4, 9817.14
28.413, 26760.1, 9817.27
28.414, 26760.9, 9817.4
28.415, 26761.6, 9817.53
28.416, 26762.3, 9817.66
28.417, 26763, 9817.79
28.418, 26763.7, 9817.92
28.419, 26764.5, 9818.05
28.42, 26765.2, 9818.18
28.421, 26765.9, 9818.31
28.422, 26766.6, 9818.44
28.423, 26767.4, 9818.57
28.424, 26768.1, 9818.7
28.425, 26768.8, 9818.83
28.426, 26769.5, 9818.96
28.427, 26770.2, 9819.09
28.428, 26771, 9819.22
28.429, 26771.7, 9819.35
28.43, 26772.4, 9819.48
28.431, 26773.1, 9819.61
28.432, 26773.8, 9819.74
28.433, 26774.6, 9819.87
28.434, 26775.3, 9820
28.435, 26776, 9820.13
28.436, 26776.7, 9820.26
28.437, 26777.4, 9820.39
28.438, 26778.2, 9820.52
28.439, 26778.9, 9820.65
28.44, 26779.6, 9820.78
28.441, 26780.3, 9820.91
28.442, 26781, 9821.04
28.443, 26781.8, 9821.17
28.444, 26782.5, 9821.3
28.445, 26783.2, 9821.43
28.446, 26783.9, 9821.56
28.447, 26784.6, 9821.69
28.448, 26785.4, 9821.82
28.449, 26786.1, 9821.95
28.45, 26786.8, 9822.08
28.451, 26787.5, 9822.21
28.452, 26788.3, 9822.34
28.453, 26789, 9822.47
28.454, 26789.7, 9822.6
28.455, 26790.4, 9822.73
28.456, 26791.1, 9822.86
28.457, 26791.9, 9822.99
28.458, 26792.6, 9823.12
28.459, 26793.3, 9823.25
28.46, 26794, 9823.38
28.461, 26794.7, 9823.51
28.462, 26795.5, 9823.64
28.463, 26796.2, 9823.77
28.464, 26796.9, 9823.9
28.465, 26797.6, 9824.03
28.466, 26798.3, 9824.16
28.467, 26799.1, 9824.29
28.468, 26799.8, 9824.42
28.469, 26800.5, 9824.55
28.47, 26801.2, 9824.68
28.471, 26801.9, 9824.81
28.472, 26802.7, 9824.94
28.473, 26803.4, 9825.07
28.474, 26804.1, 9825.2
28.475, 26804.8, 9825.33
28.476, 26805.5, 9825.46
28.477, 26806.3, 9825.59
28.478, 26807, 9825.72
28.479, 26807.7, 9825.85
28.48, 26808.4, 9825.98
28.481, 26809.1, 9826.11
28.482, 26809.9, 9826.24
28.483, 26810.6, 9826.37
28.484, 26811.3, 9826.5
28.485, 26812, 9826.63
28.486, 26812.7, 9826.75
28.487, 26813.5, 9826.88
28.488, 26814.2, 9827.01
28.489, 26814.9, 9827.14
28.49, 26815.6, 9827.27
28.491, 26816.3, 9827.4
28.492, 26817.1, 9827.53
28.493, 26817.8, 9827.66
28.494, 26818.5, 9827.79
28.495, 26819.2, 9827.92
28.496, 26820, 9828.05
28.497, 26820.7, 9828.18
28.498, 26821.4, 9828.31
28.499, 26822.1, 9828.44
28.5, 26822.8, 9828.57
28.501, 26823.6, 9828.7
28.502, 26824.3, 9828.83
28.503, 26825, 9828.96
28.504, 26825.7, 9829.08
28.505, 26826.4, 9829.21
28.506, 26827.2, 9829.34
28.507, 26827.9, 9829.47
28.508, 26828.6, 9829.6
28.509, 26829.3, 9829.73
28.51, 26830, 9829.86
28.511, 26830.8, 9829.99
28.512, 26831.5, 9830.12
28.513, 26832.2, 9830.25
28.514, 26832.9, 9830.38
28.515, 26833.6, 9830.51
28.516, 26834.4, 9830.64
28.517, 26835.1, 9830.77
28.518, 26835.8, 9830.89
28.519, 26836.5, 9831.02
28.52, 26837.2, 9831.15
28.521, 26838, 9831.28
28.522, 26838.7, 9831.41
28.523, 26839.4, 9831.54
28.524, 26840.1, 9831.67
28.525, 26840.8, 9831.8
28.526, 26841.6, 9831.93
28.527, 26842.3, 9832.06
28.528, 26843, 9832.19
28.529, 26843.7, 9832.32
28.53, 26844.4, 9832.44
28.531, 26845.2, 9832.57
28.532, 26845.9, 9832.7
28.533, 26846.6, 9832.83
28.534, 26847.3, 9832.96
28.535, 26848, 9833.09
28.536, 26848.8, 9833.22
28.537, 26849.5, 9833.35
28.538, 26850.2, 9833.48
28.539, 26850.9, 9833.61
28.54, 26851.6, 9833.73
28.541, 26852.4, 9833.86
28.542, 26853.1, 9833.99
28.543, 26853.8, 9834.12
28.544, 26854.5, 9834.25
28.545, 26855.2, 9834.38
28.546, 26856, 9834.51
28.547, 26856.7, 9834.64
28.548, 26857.4, 9834.77
28.549, 26858.1, 9834.89
28.55, 26858.8, 9835.02
28.551, 26859.6, 9835.15
28.552, 26860.3, 9835.28
28.553, 26861, 9835.41
28.554, 26861.7, 9835.54
28.555, 26862.4, 9835.67
28.556, 26863.2, 9835.8
28.557, 26863.9, 9835.93
28.558, 26864.6, 9836.05
28.559, 26865.3, 9836.18
28.56, 26866, 9836.31
28.561, 26866.8, 9836.44
28.562, 26867.5, 9836.57
28.563, 26868.2, 9836.7
28.564, 26868.9, 9836.83
28.565, 26869.6, 9836.95
28.566, 26870.4, 9837.08
28.567, 26871.1, 9837.21
28.568, 26871.8, 9837.34
28.569, 26872.5, 9837.47
28.57, 26873.2, 9837.6
28.571, 26873.9, 9837.73
28.572, 26874.7, 9837.86
28.573, 26875.4, 9837.98
28.574, 26876.1, 9838.11
28.575, 26876.8, 9838.24
28.576, 26877.5, 9838.37
28.577, 26878.3, 9838.5
28.578, 26879, 9838.63
28.579, 26879.7, 9838.76
28.58, 26880.4, 9838.88
28.581, 26881.1, 9839.01
28.582, 26881.9, 9839.14
28.583, 26882.6, 9839.27
28.584, 26883.3, 9839.4
28.585, 26884, 9839.53
28.586, 26884.7, 9839.65
28.587, 26885.5, 9839.78
28.588, 26886.2, 9839.91
28.589, 26886.9, 9840.04
28.59, 26887.6, 9840.17
28.591, 26888.3, 9840.3
28.592, 26889.1, 9840.43
28.593, 26889.8, 9840.55
28.594, 26890.5, 9840.68
28.595, 26891.2, 9840.81
28.596, 26891.9, 9840.94
28.597, 26892.7, 9841.07
28.598, 26893.4, 9841.2
28.599, 26894.1, 9841.32
28.6, 26894.8, 9841.45
28.601, 26895.5, 9841.58
28.602, 26896.3, 9841.71
28.603, 26897, 9841.84
28.604, 26897.7, 9841.96
28.605, 26898.4, 9842.09
28.606, 26899.1, 9842.22
28.607, 26899.9, 9842.35
28.608, 26900.6, 9842.48
28.609, 26901.3, 9842.61
28.61, 26902, 9842.73
28.611, 26902.7, 9842.86
28.612, 26903.4, 9842.99
28.613, 26904.2, 9843.12
28.614, 26904.9, 9843.25
28.615, 26905.6, 9843.37
28.616, 26906.3, 9843.5
28.617, 26907, 9843.63
28.618, 26907.8, 9843.76
28.619, 26908.5, 9843.89
28.62, 26909.2, 9844.02
28.621, 26909.9, 9844.14
28.622, 26910.6, 9844.27
28.623, 26911.4, 9844.4
28.624, 26912.1, 9844.53
28.625, 26912.8, 9844.66
28.626, 26913.5, 9844.78
28.627, 26914.2, 9844.91
28.628, 26915, 9845.04
28.629, 26915.7, 9845.17
28.63, 26916.4, 9845.3
28.631, 26917.1, 9845.42
28.632, 26917.8, 9845.55
28.633, 26918.6, 9845.68
28.634, 26919.3, 9845.81
28.635, 26920, 9845.93
28.636, 26920.7, 9846.06
28.637, 26921.4, 9846.19
28.638, 26922.1, 9846.32
28.639, 26922.9, 9846.45
28.64, 26923.6, 9846.57
28.641, 26924.3, 9846.7
28.642, 26925, 9846.83
28.643, 26925.7, 9846.96
28.644, 26926.5, 9847.09
28.645, 26927.2, 9847.21
28.646, 26927.9, 9847.34
28.647, 26928.6, 9847.47
28.648, 26929.3, 9847.6
28.649, 26930.1, 9847.72
28.65, 26930.8, 9847.85
28.651, 26931.5, 9847.98
28.652, 26932.2, 9848.11
28.653, 26932.9, 9848.24
28.654, 26933.7, 9848.36
28.655, 26934.4, 9848.49
28.656, 26935.1, 9848.62
28.657, 26935.8, 9848.75
28.658, 26936.5, 9848.87
28.659, 26937.3, 9849
28.66, 26938, 9849.13
28.661, 26938.7, 9849.26
28.662, 26939.4, 9849.38
28.663, 26940.1, 9849.51
28.664, 26940.8, 9849.64
28.665, 26941.6, 9849.77
28.666, 26942.3, 9849.89
28.667, 26943, 9850.02
28.668, 26943.7, 9850.15
28.669, 26944.4, 9850.28
28.67, 26945.2, 9850.4
28.671, 26945.9, 9850.53
28.672, 26946.6, 9850.66
28.673, 26947.3, 9850.79
28.674, 26948, 9850.91
28.675, 26948.8, 9851.04
28.676, 26949.5, 9851.17
28.677, 26950.2, 9851.3
28.678, 26950.9, 9851.42
28.679, 26951.6, 9851.55
28.68, 26952.3, 9851.68
28.681, 26953.1, 9851.81
28.682, 26953.8, 9851.93
28.683, 26954.5, 9852.06
28.684, 26955.2, 9852.19
28.685, 26955.9, 9852.32
28.686, 26956.7, 9852.44
28.687, 26957.4, 9852.57
28.688, 26958.1, 9852.7
28.689, 26958.8, 9852.82
28.69, 26959.5, 9852.95
28.691, 26960.3, 9853.08
28.692, 26961, 9853.21
28.693, 26961.7, 9853.33
28.694, 26962.4, 9853.46
28.695, 26963.1, 9853.59
28.696, 26963.8, 9853.72
28.697, 26964.6, 9853.84
28.698, 26965.3, 9853.97
28.699, 26966, 9854.1
28.7, 26966.7, 9854.22
28.701, 26967.4, 9854.35
28.702, 26968.2, 9854.48
28.703, 26968.9, 9854.61
28.704, 26969.6, 9854.73
28.705, 26970.3, 9854.86
28.706, 26971, 9854.99
28.707, 26971.8, 9855.11
28.708, 26972.5, 9855.24
28.709, 26973.2, 9855.37
28.71, 26973.9, 9855.5
28.711, 26974.6, 9855.62
28.712, 26975.3, 9855.75
28.713, 26976.1, 9855.88
28.714, 26976.8, 9856
28.715, 26977.5, 9856.13
28.716, 26978.2, 9856.26
28.717, 26978.9, 9856.38
28.718, 26979.7, 9856.51
28.719, 26980.4, 9856.64
28.72, 26981.1, 9856.77
28.721, 26981.8, 9856.89
28.722, 26982.5, 9857.02
28.723, 26983.3, 9857.15
28.724, 26984, 9857.27
28.725, 26984.7, 9857.4
28.726, 26985.4, 9857.53
28.727, 26986.1, 9857.65
28.728, 26986.8, 9857.78
28.729, 26987.6, 9857.91
28.73, 26988.3, 9858.03
28.731, 26989, 9858.16
28.732, 26989.7, 9858.29
28.733, 26990.4, 9858.41
28.734, 26991.2, 9858.54
28.735, 26991.9, 9858.67
28.736, 26992.6, 9858.8
28.737, 26993.3, 9858.92
28.738, 26994, 9859.05
28.739, 26994.7, 9859.18
28.74, 26995.5, 9859.3
28.741, 26996.2, 9859.43
28.742, 26996.9, 9859.56
28.743, 26997.6, 9859.68
28.744, 26998.3, 9859.81
28.745, 26999.1, 9859.94
28.746, 26999.8, 9860.06
28.747, 27000.5, 9860.19
28.748, 27001.2, 9860.32
28.749, 27001.9, 9860.44
28.75, 27002.6, 9860.57
28.751, 27003.4, 9860.7
28.752, 27004.1, 9860.82
28.753, 27004.8, 9860.95
28.754, 27005.5, 9861.07
28.755, 27006.2, 9861.2
28.756, 27007, 9861.33
28.757, 27007.7, 9861.45
28.758, 27008.4, 9861.58
28.759, 27009.1, 9861.71
28.76, 27009.8, 9861.83
28.761, 27010.5, 9861.96
28.762, 27011.3, 9862.09
28.763, 27012, 9862.21
28.764, 27012.7, 9862.34
28.765, 27013.4, 9862.47
28.766, 27014.1, 9862.59
28.767, 27014.9, 9862.72
28.768, 27015.6, 9862.85
28.769, 27016.3, 9862.97
28.77, 27017, 9863.1
28.771, 27017.7, 9863.22
28.772, 27018.4, 9863.35
28.773, 27019.2, 9863.48
28.774, 27019.9, 9863.6
28.775, 27020.6, 9863.73
28.776, 27021.3, 9863.86
28.777, 27022, 9863.98
28.778, 27022.8, 9864.11
28.779, 27023.5, 9864.24
28.78, 27024.2, 9864.36
28.781, 27024.9, 9864.49
28.782, 27025.6, 9864.61
28.783, 27026.3, 9864.74
28.784, 27027.1, 9864.87
28.785, 27027.8, 9864.99
28.786, 27028.5, 9865.12
28.787, 27029.2, 9865.25
28.788, 27029.9, 9865.37
28.789, 27030.7, 9865.5
28.79, 27031.4, 9865.62
28.791, 27032.1, 9865.75
28.792, 27032.8, 9865.88
28.793, 27033.5, 9866
28.794, 27034.2, 9866.13
28.795, 27035, 9866.25
28.796, 27035.7, 9866.38
28.797, 27036.4, 9866.51
28.798, 27037.1, 9866.63
28.799, 27037.8, 9866.76
28.8, 27038.6, 9866.89
28.801, 27039.3, 9867.01
28.802, 27040, 9867.14
28.803, 27040.7, 9867.26
28.804, 27041.4, 9867.39
28.805, 27042.1, 9867.52
28.806, 27042.9, 9867.64
28.807, 27043.6, 9867.77
28.808, 27044.3, 9867.89
28.809, 27045, 9868.02
28.81, 27045.7, 9868.15
28.811, 27046.5, 9868.27
28.812, 27047.2, 9868.4
28.813, 27047.9, 9868.52
28.814, 27048.6, 9868.65
28.815, 27049.3, 9868.77
28.816, 27050, 9868.9
28.817, 27050.8, 9869.03
28.818, 27051.5, 9869.15
28.819, 27052.2, 9869.28
28.82, 27052.9, 9869.4
28.821, 27053.6, 9869.53
28.822, 27054.3, 9869.66
28.823, 27055.1, 9869.78
28.824, 27055.8, 9869.91
28.825, 27056.5, 9870.03
28.826, 27057.2, 9870.16
28.827, 27057.9, 9870.28
28.828, 27058.7, 9870.41
28.829, 27059.4, 9870.54
28.83, 27060.1, 9870.66
28.831, 27060.8, 9870.79
28.832, 27061.5, 9870.91
28.833, 27062.2, 9871.04
28.834, 27063, 9871.16
28.835, 27063.7, 9871.29
28.836, 27064.4, 9871.42
28.837, 27065.1, 9871.54
28.838, 27065.8, 9871.67
28.839, 27066.5, 9871.79
28.84, 27067.3, 9871.92
28.841, 27068, 9872.04
28.842, 27068.7, 9872.17
28.843, 27069.4, 9872.3
28.844, 27070.1, 9872.42
28.845, 27070.9, 9872.55
28.846, 27071.6, 9872.67
28.847, 27072.3, 9872.8
28.848, 27073, 9872.92
28.849, 27073.7, 9873.05
28.85, 27074.4, 9873.17
28.851, 27075.2, 9873.3
28.852, 27075.9, 9873.42
28.853, 27076.6, 9873.55
28.854, 27077.3, 9873.68
28.855, 27078, 9873.8
28.856, 27078.7, 9873.93
28.857, 27079.5, 9874.05
28.858, 27080.2, 9874.18
28.859, 27080.9, 9874.3
28.86, 27081.6, 9874.43
28.861, 27082.3, 9874.55
28.862, 27083.1, 9874.68
28.863, 27083.8, 9874.8
28.864, 27084.5, 9874.93
28.865, 27085.2, 9875.06
28.866, 27085.9, 9875.18
28.867, 27086.6, 9875.31
28.868, 27087.4, 9875.43
28.869, 27088.1, 9875.56
28.87, 27088.8, 9875.68
28.871, 27089.5, 9875.81
28.872, 27090.2, 9875.93
28.873, 27090.9, 9876.06
28.874, 27091.7, 9876.18
28.875, 27092.4, 9876.31
28.876, 27093.1, 9876.43
28.877, 27093.8, 9876.56
28.878, 27094.5, 9876.68
28.879, 27095.2, 9876.81
28.88, 27096, 9876.93
28.881, 27096.7, 9877.06
28.882, 27097.4, 9877.18
28.883, 27098.1, 9877.31
28.884, 27098.8, 9877.43
28.885, 27099.6, 9877.56
28.886, 27100.3, 9877.68
28.887, 27101, 9877.81
28.888, 27101.7, 9877.93
28.889, 27102.4, 9878.06
28.89, 27103.1, 9878.18
28.891, 27103.9, 9878.31
28.892, 27104.6, 9878.43
28.893, 27105.3, 9878.56
28.894, 27106, 9878.68
28.895, 27106.7, 9878.81
28.896, 27107.4, 9878.93
28.897, 27108.2, 9879.06
28.898, 27108.9, 9879.18
28.899, 27109.6, 9879.31
28.9, 27110.3, 9879.43
28.901, 27111, 9879.56
28.902, 27111.7, 9879.68
28.903, 27112.5, 9879.81
28.904, 27113.2, 9879.93
28.905, 27113.9, 9880.06
28.906, 27114.6, 9880.18
28.907, 27115.3, 9880.31
28.908, 27116, 9880.43
28.909, 27116.8, 9880.56
28.91, 27117.5, 9880.68
28.911, 27118.2, 9880.81
28.912, 27118.9, 9880.93
28.913, 27119.6, 9881.06
28.914, 27120.3, 9881.18
28.915, 27121.1, 9881.31
28.916, 27121.8, 9881.43
28.917, 27122.5, 9881.56
28.918, 27123.2, 9881.68
28.919, 27123.9, 9881.81
28.92, 27124.7, 9881.93
28.921, 27125.4, 9882.06
28.922, 27126.1, 9882.18
28.923, 27126.8, 9882.31
28.924, 27127.5, 9882.43
28.925, 27128.2, 9882.55
28.926, 27129, 9882.68
28.927, 27129.7, 9882.8
28.928, 27130.4, 9882.93
28.929, 27131.1, 9883.05
28.93, 27131.8, 9883.18
28.931, 27132.5, 9883.3
28.932, 27133.3, 9883.43
28.933, 27134, 9883.55
28.934, 27134.7, 9883.68
28.935, 27135.4, 9883.8
28.936, 27136.1, 9883.93
28.937, 27136.8, 9884.05
28.938, 27137.6, 9884.17
28.939, 27138.3, 9884.3
28.94, 27139, 9884.42
28.941, 27139.7, 9884.55
28.942, 27140.4, 9884.67
28.943, 27141.1, 9884.8
28.944, 27141.9, 9884.92
28.945, 27142.6, 9885.05
28.946, 27143.3, 9885.17
28.947, 27144, 9885.29
28.948, 27144.7, 9885.42
28.949, 27145.4, 9885.54
28.95, 27146.2, 9885.67
28.951, 27146.9, 9885.79
28.952, 27147.6, 9885.92
28.953, 27148.3, 9886.04
28.954, 27149, 9886.17
28.955, 27149.7, 9886.29
28.956, 27150.5, 9886.41
28.957, 27151.2, 9886.54
28.958, 27151.9, 9886.66
28.959, 27152.6, 9886.79
28.96, 27153.3, 9886.91
28.961, 27154, 9887.04
28.962, 27154.8, 9887.16
28.963, 27155.5, 9887.28
28.964, 27156.2, 9887.41
28.965, 27156.9, 9887.53
28.966, 27157.6, 9887.66
28.967, 27158.3, 9887.78
28.968, 27159.1, 9887.9
28.969, 27159.8, 9888.03
28.97, 27160.5, 9888.15
28.971, 27161.2, 9888.28
28.972, 27161.9, 9888.4
28.973, 27162.6, 9888.53
28.974, 27163.4, 9888.65
28.975, 27164.1, 9888.77
28.976, 27164.8, 9888.9
28.977, 27165.5, 9889.02
28.978, 27166.2, 9889.15
28.979, 27166.9, 9889.27
28.98, 27167.7, 9889.39
28.981, 27168.4, 9889.52
28.982, 27169.1, 9889.64
28.983, 27169.8, 9889.77
28.984, 27170.5, 9889.89
28.985, 27171.2, 9890.01
28.986, 27172, 9890.14
28.987, 27172.7, 9890.26
28.988, 27173.4, 9890.39
28.989, 27174.1, 9890.51
28.99, 27174.8, 9890.63
28.991, 27175.5, 9890.76
28.992, 27176.3, 9890.88
28.993, 27177, 9891.01
28.994, 27177.7, 9891.13
28.995, 27178.4, 9891.25
28.996, 27179.1, 9891.38
28.997, 27179.8, 9891.5
28.998, 27180.6, 9891.63
28.999, 27181.3, 9891.75
29, 27182, 9891.87
29.001, 27182.7, 9892
29.002, 27183.4, 9892.12
29.003, 27184.1, 9892.24
29.004, 27184.9, 9892.37
29.005, 27185.6, 9892.49
29.006, 27186.3, 9892.62
29.007, 27187, 9892.74
29.008, 27187.7, 9892.86
29.009, 27188.4, 9892.99
29.01, 27189.2, 9893.11
29.011, 27189.9, 9893.23
29.012, 27190.6, 9893.36
29.013, 27191.3, 9893.48
29.014, 27192, 9893.61
29.015, 27192.7, 9893.73
29.016, 27193.5, 9893.85
29.017, 27194.2, 9893.98
29.018, 27194.9, 9894.1
29.019, 27195.6, 9894.22
29.02, 27196.3, 9894.35
29.021, 27197, 9894.47
29.022, 27197.7, 9894.59
29.023, 27198.5, 9894.72
29.024, 27199.2, 9894.84
29.025, 27199.9, 9894.97
29.026, 27200.6, 9895.09
29.027, 27201.3, 9895.21
29.028, 27202, 9895.34
29.029, 27202.8, 9895.46
29.03, 27203.5, 9895.58
29.031, 27204.2, 9895.71
29.032, 27204.9, 9895.83
29.033, 27205.6, 9895.95
29.034, 27206.3, 9896.08
29.035, 27207.1, 9896.2
29.036, 27207.8, 9896.32
29.037, 27208.5, 9896.45
29.038, 27209.2, 9896.57
29.039, 27209.9, 9896.69
29.04, 27210.6, 9896.82
29.041, 27211.4, 9896.94
29.042, 27212.1, 9897.06
29.043, 27212.8, 9897.19
29.044, 27213.5, 9897.31
29.045, 27214.2, 9897.43
29.046, 27214.9, 9897.56
29.047, 27215.7, 9897.68
29.048, 27216.4, 9897.8
29.049, 27217.1, 9897.93
29.05, 27217.8, 9898.05
29.051, 27218.5, 9898.17
29.052, 27219.2, 9898.3
29.053, 27219.9, 9898.42
29.054, 27220.7, 9898.54
29.055, 27221.4, 9898.67
29.056, 27222.1, 9898.79
29.057, 27222.8, 9898.91
29.058, 27223.5, 9899.04
29.059, 27224.2, 9899.16
29.06, 27225, 9899.28
29.061, 27225.7, 9899.41
29.062, 27226.4, 9899.53
29.063, 27227.1, 9899.65
29.064, 27227.8, 9899.78
29.065, 27228.5, 9899.9
29.066, 27229.3, 9900.02
29.067, 27230, 9900.14
29.068, 27230.7, 9900.27
29.069, 27231.4, 9900.39
29.07, 27232.1, 9900.51
29.071, 27232.8, 9900.64
29.072, 27233.6, 9900.76
29.073, 27234.3, 9900.88
29.074, 27235, 9901.01
29.075, 27235.7, 9901.13
29.076, 27236.4, 9901.25
29.077, 27237.1, 9901.37
29.078, 27237.8, 9901.5
29.079, 27238.6, 9901.62
29.08, 27239.3, 9901.74
29.081, 27240, 9901.87
29.082, 27240.7, 9901.99
29.083, 27241.4, 9902.11
29.084, 27242.1, 9902.24
29.085, 27242.9, 9902.36
29.086, 27243.6, 9902.48
29.087, 27244.3, 9902.6
29.088, 27245, 9902.73
29.089, 27245.7, 9902.85
29.09, 27246.4, 9902.97
29.091, 27247.2, 9903.1
29.092, 27247.9, 9903.22
29.093, 27248.6, 9903.34
29.094, 27249.3, 9903.46
29.095, 27250, 9903.59
29.096, 27250.7, 9903.71
29.097, 27251.4, 9903.83
29.098, 27252.2, 9903.95
29.099, 27252.9, 9904.08
29.1, 27253.6, 9904.2
29.101, 27254.3, 9904.32
29.102, 27255, 9904.45
29.103, 27255.7, 9904.57
29.104, 27256.5, 9904.69
29.105, 27257.2, 9904.81
29.106, 27257.9, 9904.94
29.107, 27258.6, 9905.06
29.108, 27259.3, 9905.18
29.109, 27260, 9905.3
29.11, 27260.7, 9905.43
29.111, 27261.5, 9905.55
29.112, 27262.2, 9905.67
29.113, 27262.9, 9905.79
29.114, 27263.6, 9905.92
29.115, 27264.3, 9906.04
29.116, 27265, 9906.16
29.117, 27265.8, 9906.28
29.118, 27266.5, 9906.41
29.119, 27267.2, 9906.53
29.12, 27267.9, 9906.65
29.121, 27268.6, 9906.78
29.122, 27269.3, 9906.9
29.123, 27270.1, 9907.02
29.124, 27270.8, 9907.14
29.125, 27271.5, 9907.26
29.126, 27272.2, 9907.39
29.127, 27272.9, 9907.51
29.128, 27273.6, 9907.63
29.129, 27274.3, 9907.75
29.13, 27275.1, 9907.88
29.131, 27275.8, 9908
29.132, 27276.5, 9908.12
29.133, 27277.2, 9908.24
29.134, 27277.9, 9908.37
29.135, 27278.6, 9908.49
29.136, 27279.4, 9908.61
29.137, 27280.1, 9908.73
29.138, 27280.8, 9908.86
29.139, 27281.5, 9908.98
29.14, 27282.2, 9909.1
29.141, 27282.9, 9909.22
29.142, 27283.6, 9909.34
29.143, 27284.4, 9909.47
29.144, 27285.1, 9909.59
29.145, 27285.8, 9909.71
29.146, 27286.5, 9909.83
29.147, 27287.2, 9909.96
29.148, 27287.9, 9910.08
29.149, 27288.7, 9910.2
29.15, 27289.4, 9910.32
29.151, 27290.1, 9910.44
29.152, 27290.8, 9910.57
29.153, 27291.5, 9910.69
29.154, 27292.2, 9910.81
29.155, 27292.9, 9910.93
29.156, 27293.7, 9911.06
29.157, 27294.4, 9911.18
29.158, 27295.1, 9911.3
29.159, 27295.8, 9911.42
29.16, 27296.5, 9911.54
29.161, 27297.2, 9911.67
29.162, 27298, 9911.79
29.163, 27298.7, 9911.91
29.164, 27299.4, 9912.03
29.165, 27300.1, 9912.15
29.166, 27300.8, 9912.28
29.167, 27301.5, 9912.4
29.168, 27302.2, 9912.52
29.169, 27303, 9912.64
29.17, 27303.7, 9912.76
29.171, 27304.4, 9912.89
29.172, 27305.1, 9913.01
29.173, 27305.8, 9913.13
29.174, 27306.5, 9913.25
29.175, 27307.2, 9913.37
29.176, 27308, 9913.49
29.177, 27308.7, 9913.62
29.178, 27309.4, 9913.74
29.179, 27310.1, 9913.86
29.18, 27310.8, 9913.98
29.181, 27311.5, 9914.1
29.182, 27312.3, 9914.23
29.183, 27313, 9914.35
29.184, 27313.7, 9914.47
29.185, 27314.4, 9914.59
29.186, 27315.1, 9914.71
29.187, 27315.8, 9914.83
29.188, 27316.5, 9914.96
29.189, 27317.3, 9915.08
29.19, 27318, 9915.2
29.191, 27318.7, 9915.32
29.192, 27319.4, 9915.44
29.193, 27320.1, 9915.57
29.194, 27320.8, 9915.69
29.195, 27321.5, 9915.81
29.196, 27322.3, 9915.93
29.197, 27323, 9916.05
29.198, 27323.7, 9916.17
29.199, 27324.4, 9916.3
29.2, 27325.1, 9916.42
29.201, 27325.8, 9916.54
29.202, 27326.6, 9916.66
29.203, 27327.3, 9916.78
29.204, 27328, 9916.9
29.205, 27328.7, 9917.02
29.206, 27329.4, 9917.15
29.207, 27330.1, 9917.27
29.208, 27330.8, 9917.39
29.209, 27331.6, 9917.51
29.21, 27332.3, 9917.63
29.211, 27333, 9917.75
29.212, 27333.7, 9917.88
29.213, 27334.4, 9918
29.214, 27335.1, 9918.12
29.215, 27335.8, 9918.24
29.216, 27336.6, 9918.36
29.217, 27337.3, 9918.48
29.218, 27338, 9918.6
29.219, 27338.7, 9918.73
29.22, 27339.4, 9918.85
29.221, 27340.1, 9918.97
29.222, 27340.8, 9919.09
29.223, 27341.6, 9919.21
29.224, 27342.3, 9919.33
29.225, 27343, 9919.45
29.226, 27343.7, 9919.57
29.227, 27344.4, 9919.7
29.228, 27345.1, 9919.82
29.229, 27345.9, 9919.94
29.23, 27346.6, 9920.06
29.231, 27347.3, 9920.18
29.232, 27348, 9920.3
29.233, 27348.7, 9920.42
29.234, 27349.4, 9920.55
29.235, 27350.1, 9920.67
29.236, 27350.9, 9920.79
29.237, 27351.6, 9920.91
29.238, 27352.3, 9921.03
29.239, 27353, 9921.15
29.24, 27353.7, 9921.27
29.241, 27354.4, 9921.39
29.242, 27355.1, 9921.51
29.243, 27355.9, 9921.64
29.244, 27356.6, 9921.76
29.245, 27357.3, 9921.88
29.246, 27358, 9922
29.247, 27358.7, 9922.12
29.248, 27359.4, 9922.24
29.249, 27360.1, 9922.36
29.25, 27360.9, 9922.48
29.251, 27361.6, 9922.6
29.252, 27362.3, 9922.73
29.253, 27363, 9922.85
29.254, 27363.7, 9922.97
29.255, 27364.4, 9923.09
29.256, 27365.1, 9923.21
29.257, 27365.9, 9923.33
29.258, 27366.6, 9923.45
29.259, 27367.3, 9923.57
29.26, 27368, 9923.69
29.261, 27368.7, 9923.81
29.262, 27369.4, 9923.94
29.263, 27370.1, 9924.06
29.264, 27370.9, 9924.18
29.265, 27371.6, 9924.3
29.266, 27372.3, 9924.42
29.267, 27373, 9924.54
29.268, 27373.7, 9924.66
29.269, 27374.4, 9924.78
29.27, 27375.1, 9924.9
29.271, 27375.9, 9925.02
29.272, 27376.6, 9925.14
29.273, 27377.3, 9925.26
29.274, 27378, 9925.39
29.275, 27378.7, 9925.51
29.276, 27379.4, 9925.63
29.277, 27380.1, 9925.75
29.278, 27380.9, 9925.87
29.279, 27381.6, 9925.99
29.28, 27382.3, 9926.11
29.281, 27383, 9926.23
29.282, 27383.7, 9926.35
29.283, 27384.4, 9926.47
29.284, 27385.1, 9926.59
29.285, 27385.9, 9926.71
29.286, 27386.6, 9926.83
29.287, 27387.3, 9926.95
29.288, 27388, 9927.08
29.289, 27388.7, 9927.2
29.29, 27389.4, 9927.32
29.291, 27390.1, 9927.44
29.292, 27390.9, 9927.56
29.293, 27391.6, 9927.68
29.294, 27392.3, 9927.8
29.295, 27393, 9927.92
29.296, 27393.7, 9928.04
29.297, 27394.4, 9928.16
29.298, 27395.1, 9928.28
29.299, 27395.9, 9928.4
29.3, 27396.6, 9928.52
29.301, 27397.3, 9928.64
29.302, 27398, 9928.76
29.303, 27398.7, 9928.88
29.304, 27399.4, 9929
29.305, 27400.1, 9929.12
29.306, 27400.9, 9929.25
29.307, 27401.6, 9929.37
29.308, 27402.3, 9929.49
29.309, 27403, 9929.61
29.31, 27403.7, 9929.73
29.311, 27404.4, 9929.85
29.312, 27405.1, 9929.97
29.313, 27405.9, 9930.09
29.314, 27406.6, 9930.21
29.315, 27407.3, 9930.33
29.316, 27408, 9930.45
29.317, 27408.7, 9930.57
29.318, 27409.4, 9930.69
29.319, 27410.1, 9930.81
29.32, 27410.9, 9930.93
29.321, 27411.6, 9931.05
29.322, 27412.3, 9931.17
29.323, 27413, 9931.29
29.324, 27413.7, 9931.41
29.325, 27414.4, 9931.53
29.326, 27415.1, 9931.65
29.327, 27415.9, 9931.77
29.328, 27416.6, 9931.89
29.329, 27417.3, 9932.01
29.33, 27418, 9932.13
29.331, 27418.7, 9932.25
29.332, 27419.4, 9932.37
29.333, 27420.1, 9932.49
29.334, 27420.9, 9932.61
29.335, 27421.6, 9932.73
29.336, 27422.3, 9932.85
29.337, 27423, 9932.97
29.338, 27423.7, 9933.09
29.339, 27424.4, 9933.21
29.34, 27425.1, 9933.33
29.341, 27425.9, 9933.45
29.342, 27426.6, 9933.57
29.343, 27427.3, 9933.69
29.344, 27428, 9933.81
29.345, 27428.7, 9933.93
29.346, 27429.4, 9934.05
29.347, 27430.1, 9934.17
29.348, 27430.8, 9934.29
29.349, 27431.6, 9934.41
29.35, 27432.3, 9934.53
29.351, 27433, 9934.65
29.352, 27433.7, 9934.77
29.353, 27434.4, 9934.89
29.354, 27435.1, 9935.01
29.355, 27435.8, 9935.13
29.356, 27436.6, 9935.25
29.357, 27437.3, 9935.37
29.358, 27438, 9935.49
29.359, 27438.7, 9935.61
29.36, 27439.4, 9935.73
29.361, 27440.1, 9935.85
29.362, 27440.8, 9935.97
29.363, 27441.6, 9936.09
29.364, 27442.3, 9936.21
29.365, 27443, 9936.33
29.366, 27443.7, 9936.45
29.367, 27444.4, 9936.57
29.368, 27445.1, 9936.69
29.369, 27445.8, 9936.81
29.37, 27446.6, 9936.93
29.371, 27447.3, 9937.05
29.372, 27448, 9937.17
29.373, 27448.7, 9937.29
29.374, 27449.4, 9937.41
29.375, 27450.1, 9937.53
29.376, 27450.8, 9937.65
29.377, 27451.5, 9937.77
29.378, 27452.3, 9937.89
29.379, 27453, 9938.01
29.38, 27453.7, 9938.13
29.381, 27454.4, 9938.25
29.382, 27455.1, 9938.37
29.383, 27455.8, 9938.49
29.384, 27456.5, 9938.61
29.385, 27457.3, 9938.72
29.386, 27458, 9938.84
29.387, 27458.7, 9938.96
29.388, 27459.4, 9939.08
29.389, 27460.1, 9939.2
29.39, 27460.8, 9939.32
29.391, 27461.5, 9939.44
29.392, 27462.2, 9939.56
29.393, 27463, 9939.68
29.394, 27463.7, 9939.8
29.395, 27464.4, 9939.92
29.396, 27465.1, 9940.04
29.397, 27465.8, 9940.16
29.398, 27466.5, 9940.28
29.399, 27467.2, 9940.4
29.4, 27468, 9940.52
29.401, 27468.7, 9940.64
29.402, 27469.4, 9940.76
29.403, 27470.1, 9940.88
29.404, 27470.8, 9940.99
29.405, 27471.5, 9941.11
29.406, 27472.2, 9941.23
29.407, 27473, 9941.35
29.408, 27473.7, 9941.47
29.409, 27474.4, 9941.59
29.41, 27475.1, 9941.71
29.411, 27475.8, 9941.83
29.412, 27476.5, 9941.95
29.413, 27477.2, 9942.07
29.414, 27477.9, 9942.19
29.415, 27478.7, 9942.31
29.416, 27479.4, 9942.43
29.417, 27480.1, 9942.55
29.418, 27480.8, 9942.66
29.419, 27481.5, 9942.78
29.42, 27482.2, 9942.9
29.421, 27482.9, 9943.02
29.422, 27483.7, 9943.14
29.423, 27484.4, 9943.26
29.424, 27485.1, 9943.38
29.425, 27485.8, 9943.5
29.426, 27486.5, 9943.62
29.427, 27487.2, 9943.74
29.428, 27487.9, 9943.86
29.429, 27488.6, 9943.98
29.43, 27489.4, 9944.09
29.431, 27490.1, 9944.21
29.432, 27490.8, 9944.33
29.433, 27491.5, 9944.45
29.434, 27492.2, 9944.57
29.435, 27492.9, 9944.69
29.436, 27493.6, 9944.81
29.437, 27494.3, 9944.93
29.438, 27495.1, 9945.05
29.439, 27495.8, 9945.17
29.44, 27496.5, 9945.28
29.441, 27497.2, 9945.4
29.442, 27497.9, 9945.52
29.443, 27498.6, 9945.64
29.444, 27499.3, 9945.76
29.445, 27500.1, 9945.88
29.446, 27500.8, 9946
29.447, 27501.5, 9946.12
29.448, 27502.2, 9946.24
29.449, 27502.9, 9946.35
29.45, 27503.6, 9946.47
29.451, 27504.3, 9946.59
29.452, 27505, 9946.71
29.453, 27505.8, 9946.83
29.454, 27506.5, 9946.95
29.455, 27507.2, 9947.07
29.456, 27507.9, 9947.19
29.457, 27508.6, 9947.3
29.458, 27509.3, 9947.42
29.459, 27510, 9947.54
29.46, 27510.7, 9947.66
29.461, 27511.5, 9947.78
29.462, 27512.2, 9947.9
29.463, 27512.9, 9948.02
29.464, 27513.6, 9948.14
29.465, 27514.3, 9948.25
29.466, 27515, 9948.37
29.467, 27515.7, 9948.49
29.468, 27516.5, 9948.61
29.469, 27517.2, 9948.73
29.47, 27517.9, 9948.85
29.471, 27518.6, 9948.97
29.472, 27519.3, 9949.09
29.473, 27520, 9949.2
29.474, 27520.7, 9949.32
29.475, 27521.4, 9949.44
29.476, 27522.2, 9949.56
29.477, 27522.9, 9949.68
29.478, 27523.6, 9949.8
29.479, 27524.3, 9949.92
29.48, 27525, 9950.03
29.481, 27525.7, 9950.15
29.482, 27526.4, 9950.27
29.483, 27527.1, 9950.39
29.484, 27527.9, 9950.51
29.485, 27528.6, 9950.63
29.486, 27529.3, 9950.74
29.487, 27530, 9950.86
29.488, 27530.7, 9950.98
29.489, 27531.4, 9951.1
29.49, 27532.1, 9951.22
29.491, 27532.8, 9951.34
29.492, 27533.6, 9951.45
29.493, 27534.3, 9951.57
29.494, 27535, 9951.69
29.495, 27535.7, 9951.81
29.496, 27536.4, 9951.93
29.497, 27537.1, 9952.05
29.498, 27537.8, 9952.17
29.499, 27538.6, 9952.28
29.5, 27539.3, 9952.4
29.501, 27540, 9952.52
29.502, 27540.7, 9952.64
29.503, 27541.4, 9952.76
29.504, 27542.1, 9952.87
29.505, 27542.8, 9952.99
29.506, 27543.5, 9953.11
29.507, 27544.3, 9953.23
29.508, 27545, 9953.35
29.509, 27545.7, 9953.47
29.51, 27546.4, 9953.58
29.511, 27547.1, 9953.7
29.512, 27547.8, 9953.82
29.513, 27548.5, 9953.94
29.514, 27549.2, 9954.06
29.515, 27550, 9954.17
29.516, 27550.7, 9954.29
29.517, 27551.4, 9954.41
29.518, 27552.1, 9954.53
29.519, 27552.8, 9954.65
29.52, 27553.5, 9954.77
29.521, 27554.2, 9954.88
29.522, 27554.9, 9955
29.523, 27555.7, 9955.12
29.524, 27556.4, 9955.24
29.525, 27557.1, 9955.36
29.526, 27557.8, 9955.47
29.527, 27558.5, 9955.59
29.528, 27559.2, 9955.71
29.529, 27559.9, 9955.83
29.53, 27560.6, 9955.95
29.531, 27561.4, 9956.06
29.532, 27562.1, 9956.18
29.533, 27562.8, 9956.3
29.534, 27563.5, 9956.42
29.535, 27564.2, 9956.54
29.536, 27564.9, 9956.65
29.537, 27565.6, 9956.77
29.538, 27566.3, 9956.89
29.539, 27567.1, 9957.01
29.54, 27567.8, 9957.12
29.541, 27568.5, 9957.24
29.542, 27569.2, 9957.36
29.543, 27569.9, 9957.48
29.544, 27570.6, 9957.6
29.545, 27571.3, 9957.71
29.546, 27572, 9957.83
29.547, 27572.8, 9957.95
29.548, 27573.5, 9958.07
29.549, 27574.2, 9958.18
29.55, 27574.9, 9958.3
29.551, 27575.6, 9958.42
29.552, 27576.3, 9958.54
29.553, 27577, 9958.66
29.554, 27577.7, 9958.77
29.555, 27578.4, 9958.89
29.556, 27579.2, 9959.01
29.557, 27579.9, 9959.13
29.558, 27580.6, 9959.24
29.559, 27581.3, 9959.36
29.56, 27582, 9959.48
29.561, 27582.7, 9959.6
29.562, 27583.4, 9959.71
29.563, 27584.1, 9959.83
29.564, 27584.9, 9959.95
29.565, 27585.6, 9960.07
29.566, 27586.3, 9960.18
29.567, 27587, 9960.3
29.568, 27587.7, 9960.42
29.569, 27588.4, 9960.54
29.57, 27589.1, 9960.66
29.571, 27589.8, 9960.77
29.572, 27590.6, 9960.89
29.573, 27591.3, 9961.01
29.574, 27592, 9961.13
29.575, 27592.7, 9961.24
29.576, 27593.4, 9961.36
29.577, 27594.1, 9961.48
29.578, 27594.8, 9961.59
29.579, 27595.5, 9961.71
29.58, 27596.3, 9961.83
29.581, 27597, 9961.95
29.582, 27597.7, 9962.06
29.583, 27598.4, 9962.18
29.584, 27599.1, 9962.3
29.585, 27599.8, 9962.42
29.586, 27600.5, 9962.53
29.587, 27601.2, 9962.65
29.588, 27602, 9962.77
29.589, 27602.7, 9962.89
29.59, 27603.4, 9963
29.591, 27604.1, 9963.12
29.592, 27604.8, 9963.24
29.593, 27605.5, 9963.36
29.594, 27606.2, 9963.47
29.595, 27606.9, 9963.59
29.596, 27607.6, 9963.71
29.597, 27608.4, 9963.82
29.598, 27609.1, 9963.94
29.599, 27609.8, 9964.06
29.6, 27610.5, 9964.18
29.601, 27611.2, 9964.29
29.602, 27611.9, 9964.41
29.603, 27612.6, 9964.53
29.604, 27613.3, 9964.64
29.605, 27614.1, 9964.76
29.606, 27614.8, 9964.88
29.607, 27615.5, 9965
29.608, 27616.2, 9965.11
29.609, 27616.9, 9965.23
29.61, 27617.6, 9965.35
29.611, 27618.3, 9965.46
29.612, 27619, 9965.58
29.613, 27619.7, 9965.7
29.614, 27620.5, 9965.82
29.615, 27621.2, 9965.93
29.616, 27621.9, 9966.05
29.617, 27622.6, 9966.17
29.618, 27623.3, 9966.28
29.619, 27624, 9966.4
29.62, 27624.7, 9966.52
29.621, 27625.4, 9966.63
29.622, 27626.2, 9966.75
29.623, 27626.9, 9966.87
29.624, 27627.6, 9966.99
29.625, 27628.3, 9967.1
29.626, 27629, 9967.22
29.627, 27629.7, 9967.34
29.628, 27630.4, 9967.45
29.629, 27631.1, 9967.57
29.63, 27631.9, 9967.69
29.631, 27632.6, 9967.8
29.632, 27633.3, 9967.92
29.633, 27634, 9968.04
29.634, 27634.7, 9968.15
29.635, 27635.4, 9968.27
29.636, 27636.1, 9968.39
29.637, 27636.8, 9968.5
29.638, 27637.5, 9968.62
29.639, 27638.3, 9968.74
29.64, 27639, 9968.85
29.641, 27639.7, 9968.97
29.642, 27640.4, 9969.09
29.643, 27641.1, 9969.2
29.644, 27641.8, 9969.32
29.645, 27642.5, 9969.44
29.646, 27643.2, 9969.55
29.647, 27643.9, 9969.67
29.648, 27644.7, 9969.79
29.649, 27645.4, 9969.9
29.65, 27646.1, 9970.02
29.651, 27646.8, 9970.14
29.652, 27647.5, 9970.25
29.653, 27648.2, 9970.37
29.654, 27648.9, 9970.49
29.655, 27649.6, 9970.6
29.656, 27650.4, 9970.72
29.657, 27651.1, 9970.84
29.658, 27651.8, 9970.95
29.659, 27652.5, 9971.07
29.66, 27653.2, 9971.19
29.661, 27653.9, 9971.3
29.662, 27654.6, 9971.42
29.663, 27655.3, 9971.54
29.664, 27656, 9971.65
29.665, 27656.8, 9971.77
29.666, 27657.5, 9971.89
29.667, 27658.2, 9972
29.668, 27658.9, 9972.12
29.669, 27659.6, 9972.24
29.67, 27660.3, 9972.35
29.671, 27661, 9972.47
29.672, 27661.7, 9972.58
29.673, 27662.4, 9972.7
29.674, 27663.2, 9972.82
29.675, 27663.9, 9972.93
29.676, 27664.6, 9973.05
29.677, 27665.3, 9973.17
29.678, 27666, 9973.28
29.679, 27666.7, 9973.4
29.68, 27667.4, 9973.52
29.681, 27668.1, 9973.63
29.682, 27668.9, 9973.75
29.683, 27669.6, 9973.86
29.684, 27670.3, 9973.98
29.685, 27671, 9974.1
29.686, 27671.7, 9974.21
29.687, 27672.4, 9974.33
29.688, 27673.1, 9974.45
29.689, 27673.8, 9974.56
29.69, 27674.5, 9974.68
29.691, 27675.3, 9974.79
29.692, 27676, 9974.91
29.693, 27676.7, 9975.03
29.694, 27677.4, 9975.14
29.695, 27678.1, 9975.26
29.696, 27678.8, 9975.38
29.697, 27679.5, 9975.49
29.698, 27680.2, 9975.61
29.699, 27680.9, 9975.72
29.7, 27681.7, 9975.84
29.701, 27682.4, 9975.96
29.702, 27683.1, 9976.07
29.703, 27683.8, 9976.19
29.704, 27684.5, 9976.3
29.705, 27685.2, 9976.42
29.706, 27685.9, 9976.54
29.707, 27686.6, 9976.65
29.708, 27687.3, 9976.77
29.709, 27688.1, 9976.88
29.71, 27688.8, 9977
29.711, 27689.5, 9977.12
29.712, 27690.2, 9977.23
29.713, 27690.9, 9977.35
29.714, 27691.6, 9977.46
29.715, 27692.3, 9977.58
29.716, 27693, 9977.7
29.717, 27693.7, 9977.81
29.718, 27694.5, 9977.93
29.719, 27695.2, 9978.04
29.72, 27695.9, 9978.16
29.721, 27696.6, 9978.28
29.722, 27697.3, 9978.39
29.723, 27698, 9978.51
29.724, 27698.7, 9978.62
29.725, 27699.4, 9978.74
29.726, 27700.1, 9978.85
29.727, 27700.9, 9978.97
29.728, 27701.6, 9979.09
29.729, 27702.3, 9979.2
29.73, 27703, 9979.32
29.731, 27703.7, 9979.43
29.732, 27704.4, 9979.55
29.733, 27705.1, 9979.66
29.734, 27705.8, 9979.78
29.735, 27706.5, 9979.9
29.736, 27707.3, 9980.01
29.737, 27708, 9980.13
29.738, 27708.7, 9980.24
29.739, 27709.4, 9980.36
29.74, 27710.1, 9980.47
29.741, 27710.8, 9980.59
29.742, 27711.5, 9980.71
29.743, 27712.2, 9980.82
29.744, 27712.9, 9980.94
29.745, 27713.7, 9981.05
29.746, 27714.4, 9981.17
29.747, 27715.1, 9981.28
29.748, 27715.8, 9981.4
29.749, 27716.5, 9981.51
29.75, 27717.2, 9981.63
29.751, 27717.9, 9981.75
29.752, 27718.6, 9981.86
29.753, 27719.3, 9981.98
29.754, 27720, 9982.09
29.755, 27720.8, 9982.21
29.756, 27721.5, 9982.32
29.757, 27722.2, 9982.44
29.758, 27722.9, 9982.55
29.759, 27723.6, 9982.67
29.76, 27724.3, 9982.79
29.761, 27725, 9982.9
29.762, 27725.7, 9983.02
29.763, 27726.4, 9983.13
29.764, 27727.2, 9983.25
29.765, 27727.9, 9983.36
29.766, 27728.6, 9983.48
29.767, 27729.3, 9983.59
29.768, 27730, 9983.71
29.769, 27730.7, 9983.82
29.77, 27731.4, 9983.94
29.771, 27732.1, 9984.05
29.772, 27732.8, 9984.17
29.773, 27733.6, 9984.28
29.774, 27734.3, 9984.4
29.775, 27735, 9984.52
29.776, 27735.7, 9984.63
29.777, 27736.4, 9984.75
29.778, 27737.1, 9984.86
29.779, 27737.8, 9984.98
29.78, 27738.5, 9985.09
29.781, 27739.2, 9985.21
29.782, 27739.9, 9985.32
29.783, 27740.7, 9985.44
29.784, 27741.4, 9985.55
29.785, 27742.1, 9985.67
29.786, 27742.8, 9985.78
29.787, 27743.5, 9985.9
29.788, 27744.2, 9986.01
29.789, 27744.9, 9986.13
29.79, 27745.6, 9986.24
29.791, 27746.3, 9986.36
29.792, 27747.1, 9986.47
29.793, 27747.8, 9986.59
29.794, 27748.5, 9986.7
29.795, 27749.2, 9986.82
29.796, 27749.9, 9986.93
29.797, 27750.6, 9987.05
29.798, 27751.3, 9987.16
29.799, 27752, 9987.28
29.8, 27752.7, 9987.39
29.801, 27753.4, 9987.51
29.802, 27754.2, 9987.62
29.803, 27754.9, 9987.74
29.804, 27755.6, 9987.85
29.805, 27756.3, 9987.97
29.806, 27757, 9988.08
29.807, 27757.7, 9988.2
29.808, 27758.4, 9988.31
29.809, 27759.1, 9988.43
29.81, 27759.8, 9988.54
29.811, 27760.6, 9988.66
29.812, 27761.3, 9988.77
29.813, 27762, 9988.89
29.814, 27762.7, 9989
29.815, 27763.4, 9989.12
29.816, 27764.1, 9989.23
29.817, 27764.8, 9989.35
29.818, 27765.5, 9989.46
29.819, 27766.2, 9989.58
29.82, 27766.9, 9989.69
29.821, 27767.7, 9989.81
29.822, 27768.4, 9989.92
29.823, 27769.1, 9990.04
29.824, 27769.8, 9990.15
29.825, 27770.5, 9990.26
29.826, 27771.2, 9990.38
29.827, 27771.9, 9990.49
29.828, 27772.6, 9990.61
29.829, 27773.3, 9990.72
29.83, 27774, 9990.84
29.831, 27774.8, 9990.95
29.832, 27775.5, 9991.07
29.833, 27776.2, 9991.18
29.834, 27776.9, 9991.3
29.835, 27777.6, 9991.41
29.836, 27778.3, 9991.53
29.837, 27779, 9991.64
29.838, 27779.7, 9991.76
29.839, 27780.4, 9991.87
29.84, 27781.2, 9991.98
29.841, 27781.9, 9992.1
29.842, 27782.6, 9992.21
29.843, 27783.3, 9992.33
29.844, 27784, 9992.44
29.845, 27784.7, 9992.56
29.846, 27785.4, 9992.67
29.847, 27786.1, 9992.79
29.848, 27786.8, 9992.9
29.849, 27787.5, 9993.01
29.85, 27788.3, 9993.13
29.851, 27789, 9993.24
29.852, 27789.7, 9993.36
29.853, 27790.4, 9993.47
29.854, 27791.1, 9993.59
29.855, 27791.8, 9993.7
29.856, 27792.5, 9993.82
29.857, 27793.2, 9993.93
29.858, 27793.9, 9994.04
29.859, 27794.6, 9994.16
29.86, 27795.4, 9994.27
29.861, 27796.1, 9994.39
29.862, 27796.8, 9994.5
29.863, 27797.5, 9994.62
29.864, 27798.2, 9994.73
29.865, 27798.9, 9994.84
29.866, 27799.6, 9994.96
29.867, 27800.3, 9995.07
29.868, 27801, 9995.19
29.869, 27801.7, 9995.3
29.87, 27802.5, 9995.42
29.871, 27803.2, 9995.53
29.872, 27803.9, 9995.64
29.873, 27804.6, 9995.76
29.874, 27805.3, 9995.87
29.875, 27806, 9995.99
29.876, 27806.7, 9996.1
29.877, 27807.4, 9996.22
29.878, 27808.1, 9996.33
29.879, 27808.8, 9996.44
29.88, 27809.6, 9996.56
29.881, 27810.3, 9996.67
29.882, 27811, 9996.79
29.883, 27811.7, 9996.9
29.884, 27812.4, 9997.01
29.885, 27813.1, 9997.13
29.886, 27813.8, 9997.24
29.887, 27814.5, 9997.36
29.888, 27815.2, 9997.47
29.889, 27815.9, 9997.58
29.89, 27816.7, 9997.7
29.891, 27817.4, 9997.81
29.892, 27818.1, 9997.93
29.893, 27818.8, 9998.04
29.894, 27819.5, 9998.15
29.895, 27820.2, 9998.27
29.896, 27820.9, 9998.38
29.897, 27821.6, 9998.5
29.898, 27822.3, 9998.61
29.899, 27823, 9998.72
29.9, 27823.8, 9998.84
29.901, 27824.5, 9998.95
29.902, 27825.2, 9999.07
29.903, 27825.9, 9999.18
29.904, 27826.6, 9999.29
29.905, 27827.3, 9999.41
29.906, 27828, 9999.52
29.907, 27828.7, 9999.63
29.908, 27829.4, 9999.75
29.909, 27830.1, 9999.86
29.91, 27830.8, 9999.98
29.911, 27831.6, 10000.1
29.912, 27832.3, 10000.2
29.913, 27833, 10000.3
29.914, 27833.7, 10000.4
29.915, 27834.4, 10000.5
29.916, 27835.1, 10000.7
29.917, 27835.8, 10000.8
29.918, 27836.5, 10000.9
29.919, 27837.2, 10001
29.92, 27837.9, 10001.1
29.921, 27838.7, 10001.2
29.922, 27839.4, 10001.3
29.923, 27840.1, 10001.5
29.924, 27840.8, 10001.6
29.925, 27841.5, 10001.7
29.926, 27842.2, 10001.8
29.927, 27842.9, 10001.9
29.928, 27843.6, 10002
29.929, 27844.3, 10002.1
29.93, 27845, 10002.2
29.931, 27845.7, 10002.4
29.932, 27846.5, 10002.5
29.933, 27847.2, 10002.6
29.934, 27847.9, 10002.7
29.935, 27848.6, 10002.8
29.936, 27849.3, 10002.9
29.937, 27850, 10003
29.938, 27850.7, 10003.2
29.939, 27851.4, 10003.3
29.94, 27852.1, 10003.4
29.941, 27852.8, 10003.5
29.942, 27853.6, 10003.6
29.943, 27854.3, 10003.7
29.944, 27855, 10003.8
29.945, 27855.7, 10004
29.946, 27856.4, 10004.1
29.947, 27857.1, 10004.2
29.948, 27857.8, 10004.3
29.949, 27858.5, 10004.4
29.95, 27859.2, 10004.5
29.951, 27859.9, 10004.6
29.952, 27860.6, 10004.7
29.953, 27861.4, 10004.9
29.954, 27862.1, 10005
29.955, 27862.8, 10005.1
29.956, 27863.5, 10005.2
29.957, 27864.2, 10005.3
29.958, 27864.9, 10005.4
29.959, 27865.6, 10005.5
29.96, 27866.3, 10005.7
29.961, 27867, 10005.8
29.962, 27867.7, 10005.9
29.963, 27868.5, 10006
29.964, 27869.2, 10006.1
29.965, 27869.9, 10006.2
29.966, 27870.6, 10006.3
29.967, 27871.3, 10006.4
29.968, 27872, 10006.6
29.969, 27872.7, 10006.7
29.97, 27873.4, 10006.8
29.971, 27874.1, 10006.9
29.972, 27874.8, 10007
29.973, 27875.5, 10007.1
29.974, 27876.3, 10007.2
29.975, 27877, 10007.3
29.976, 27877.7, 10007.5
29.977, 27878.4, 10007.6
29.978, 27879.1, 10007.7
29.979, 27879.8, 10007.8
29.98, 27880.5, 10007.9
29.981, 27881.2, 10008
29.982, 27881.9, 10008.1
29.983, 27882.6, 10008.3
29.984, 27883.3, 10008.4
29.985, 27884.1, 10008.5
29.986, 27884.8, 10008.6
29.987, 27885.5, 10008.7
29.988, 27886.2, 10008.8
29.989, 27886.9, 10008.9
29.99, 27887.6, 10009
29.991, 27888.3, 10009.2
29.992, 27889, 10009.3
29.993, 27889.7, 10009.4
29.994, 27890.4, 10009.5
29.995, 27891.1, 10009.6
29.996, 27891.9, 10009.7
29.997, 27892.6, 10009.8
29.998, 27893.3, 10009.9
29.999, 27894, 10010.1
30, 27894.7, 10010.2
30.001, 27895.4, 10010.3
30.002, 27896.1, 10010.4
30.003, 27896.8, 10010.5
30.004, 27897.5, 10010.6
30.005, 27898.2, 10010.7
30.006, 27898.9, 10010.8
30.007, 27899.7, 10011
30.008, 27900.4, 10011.1
30.009, 27901.1, 10011.2
30.01, 27901.8, 10011.3
30.011, 27902.5, 10011.4
30.012, 27903.2, 10011.5
30.013, 27903.9, 10011.6
30.014, 27904.6, 10011.7
30.015, 27905.3, 10011.9
30.016, 27906, 10012
30.017, 27906.7, 10012.1
30.018, 27907.5, 10012.2
30.019, 27908.2, 10012.3
30.02, 27908.9, 10012.4
30.021, 27909.6, 10012.5
30.022, 27910.3, 10012.7
30.023, 27911, 10012.8
30.024, 27911.7, 10012.9
30.025, 27912.4, 10013
30.026, 27913.1, 10013.1
30.027, 27913.8, 10013.2
30.028, 27914.5, 10013.3
30.029, 27915.2, 10013.4
30.03, 27916, 10013.6
30.031, 27916.7, 10013.7
30.032, 27917.4, 10013.8
30.033, 27918.1, 10013.9
30.034, 27918.8, 10014
30.035, 27919.5, 10014.1
30.036, 27920.2, 10014.2
30.037, 27920.9, 10014.3
30.038, 27921.6, 10014.5
30.039, 27922.3, 10014.6
30.04, 27923, 10014.7
30.041, 27923.8, 10014.8
30.042, 27924.5, 10014.9
30.043, 27925.2, 10015
30.044, 27925.9, 10015.1
30.045, 27926.6, 10015.2
30.046, 27927.3, 10015.3
30.047, 27928, 10015.5
30.048, 27928.7, 10015.6
30.049, 27929.4, 10015.7
30.05, 27930.1, 10015.8
30.051, 27930.8, 10015.9
30.052, 27931.5, 10016
30.053, 27932.3, 10016.1
30.054, 27933, 10016.2
30.055, 27933.7, 10016.4
30.056, 27934.4, 10016.5
30.057, 27935.1, 10016.6
30.058, 27935.8, 10016.7
30.059, 27936.5, 10016.8
30.06, 27937.2, 10016.9
30.061, 27937.9, 10017
30.062, 27938.6, 10017.1
30.063, 27939.3, 10017.3
30.064, 27940.1, 10017.4
30.065, 27940.8, 10017.5
30.066, 27941.5, 10017.6
30.067, 27942.2, 10017.7
30.068, 27942.9, 10017.8
30.069, 27943.6, 10017.9
30.07, 27944.3, 10018
30.071, 27945, 10018.2
30.072, 27945.7, 10018.3
30.073, 27946.4, 10018.4
30.074, 27947.1, 10018.5
30.075, 27947.8, 10018.6
30.076, 27948.6, 10018.7
30.077, 27949.3, 10018.8
30.078, 27950, 10018.9
30.079, 27950.7, 10019
30.08, 27951.4, 10019.2
30.081, 27952.1, 10019.3
30.082, 27952.8, 10019.4
30.083, 27953.5, 10019.5
30.084, 27954.2, 10019.6
30.085, 27954.9, 10019.7
30.086, 27955.6, 10019.8
30.087, 27956.3, 10019.9
30.088, 27957.1, 10020.1
30.089, 27957.8, 10020.2
30.09, 27958.5, 10020.3
30.091, 27959.2, 10020.4
30.092, 27959.9, 10020.5
30.093, 27960.6, 10020.6
30.094, 27961.3, 10020.7
30.095, 27962, 10020.8
30.096, 27962.7, 10020.9
30.097, 27963.4, 10021.1
30.098, 27964.1, 10021.2
30.099, 27964.8, 10021.3
30.1, 27965.6, 10021.4
30.101, 27966.3, 10021.5
30.102, 27967, 10021.6
30.103, 27967.7, 10021.7
30.104, 27968.4, 10021.8
30.105, 27969.1, 10022
30.106, 27969.8, 10022.1
30.107, 27970.5, 10022.2
30.108, 27971.2, 10022.3
30.109, 27971.9, 10022.4
30.11, 27972.6, 10022.5
30.111, 27973.3, 10022.6
30.112, 27974.1, 10022.7
30.113, 27974.8, 10022.8
30.114, 27975.5, 10023
30.115, 27976.2, 10023.1
30.116, 27976.9, 10023.2
30.117, 27977.6, 10023.3
30.118, 27978.3, 10023.4
30.119, 27979, 10023.5
30.12, 27979.7, 10023.6
30.121, 27980.4, 10023.7
30.122, 27981.1, 10023.9
30.123, 27981.8, 10024
30.124, 27982.6, 10024.1
30.125, 27983.3, 10024.2
30.126, 27984, 10024.3
30.127, 27984.7, 10024.4
30.128, 27985.4, 10024.5
30.129, 27986.1, 10024.6
30.13, 27986.8, 10024.7
30.131, 27987.5, 10024.9
30.132, 27988.2, 10025
30.133, 27988.9, 10025.1
30.134, 27989.6, 10025.2
30.135, 27990.3, 10025.3
30.136, 27991.1, 10025.4
30.137, 27991.8, 10025.5
30.138, 27992.5, 10025.6
30.139, 27993.2, 10025.7
30.14, 27993.9, 10025.9
30.141, 27994.6, 10026
30.142, 27995.3, 10026.1
30.143, 27996, 10026.2
30.144, 27996.7, 10026.3
30.145, 27997.4, 10026.4
30.146, 27998.1, 10026.5
30.147, 27998.8, 10026.6
30.148, 27999.5, 10026.7
30.149, 28000.3, 10026.9
30.15, 28001, 10027
30.151, 28001.7, 10027.1
30.152, 28002.4, 10027.2
30.153, 28003.1, 10027.3
30.154, 28003.8, 10027.4
30.155, 28004.5, 10027.5
30.156, 28005.2, 10027.6
30.157, 28005.9, 10027.7
30.158, 28006.6, 10027.9
30.159, 28007.3, 10028
30.16, 28008, 10028.1
30.161, 28008.7, 10028.2
30.162, 28009.5, 10028.3
30.163, 28010.2, 10028.4
30.164, 28010.9, 10028.5
30.165, 28011.6, 10028.6
30.166, 28012.3, 10028.7
30.167, 28013, 10028.9
30.168, 28013.7, 10029
30.169, 28014.4, 10029.1
30.17, 28015.1, 10029.2
30.171, 28015.8, 10029.3
30.172, 28016.5, 10029.4
30.173, 28017.2, 10029.5
30.174, 28018, 10029.6
30.175, 28018.7, 10029.7
30.176, 28019.4, 10029.9
30.177, 28020.1, 10030
30.178, 28020.8, 10030.1
30.179, 28021.5, 10030.2
30.18, 28022.2, 10030.3
30.181, 28022.9, 10030.4
30.182, 28023.6, 10030.5
30.183, 28024.3, 10030.6
30.184, 28025, 10030.7
30.185, 28025.7, 10030.9
30.186, 28026.4, 10031
30.187, 28027.2, 10031.1
30.188, 28027.9, 10031.2
30.189, 28028.6, 10031.3
30.19, 28029.3, 10031.4
30.191, 28030, 10031.5
30.192, 28030.7, 10031.6
30.193, 28031.4, 10031.7
30.194, 28032.1, 10031.8
30.195, 28032.8, 10032
30.196, 28033.5, 10032.1
30.197, 28034.2, 10032.2
30.198, 28034.9, 10032.3
30.199, 28035.6, 10032.4
30.2, 28036.4, 10032.5
30.201, 28037.1, 10032.6
30.202, 28037.8, 10032.7
30.203, 28038.5, 10032.8
30.204, 28039.2, 10033
30.205, 28039.9, 10033.1
30.206, 28040.6, 10033.2
30.207, 28041.3, 10033.3
30.208, 28042, 10033.4
30.209, 28042.7, 10033.5
30.21, 28043.4, 10033.6
30.211, 28044.1, 10033.7
30.212, 28044.8, 10033.8
30.213, 28045.5, 10033.9
30.214, 28046.3, 10034.1
30.215, 28047, 10034.2
30.216, 28047.7, 10034.3
30.217, 28048.4, 10034.4
30.218, 28049.1, 10034.5
30.219, 28049.8, 10034.6
30.22, 28050.5, 10034.7
30.221, 28051.2, 10034.8
30.222, 28051.9, 10034.9
30.223, 28052.6, 10035.1
30.224, 28053.3, 10035.2
30.225, 28054, 10035.3
30.226, 28054.7, 10035.4
30.227, 28055.5, 10035.5
30.228, 28056.2, 10035.6
30.229, 28056.9, 10035.7
30.23, 28057.6, 10035.8
30.231, 28058.3, 10035.9
30.232, 28059, 10036
30.233, 28059.7, 10036.2
30.234, 28060.4, 10036.3
30.235, 28061.1, 10036.4
30.236, 28061.8, 10036.5
30.237, 28062.5, 10036.6
30.238, 28063.2, 10036.7
30.239, 28063.9, 10036.8
30.24, 28064.6, 10036.9
30.241, 28065.4, 10037
30.242, 28066.1, 10037.1
30.243, 28066.8, 10037.3
30.244, 28067.5, 10037.4
30.245, 28068.2, 10037.5
30.246, 28068.9, 10037.6
30.247, 28069.6, 10037.7
30.248, 28070.3, 10037.8
30.249, 28071, 10037.9
30.25, 28071.7, 10038
30.251, 28072.4, 10038.1
30.252, 28073.1, 10038.2
30.253, 28073.8, 10038.4
30.254, 28074.5, 10038.5
30.255, 28075.3, 10038.6
30.256, 28076, 10038.7
30.257, 28076.7, 10038.8
30.258, 28077.4, 10038.9
30.259, 28078.1, 10039
30.26, 28078.8, 10039.1
30.261, 28079.5, 10039.2
30.262, 28080.2, 10039.3
30.263, 28080.9, 10039.5
30.264, 28081.6, 10039.6
30.265, 28082.3, 10039.7
30.266, 28083, 10039.8
30.267, 28083.7, 10039.9
30.268, 28084.4, 10040
30.269, 28085.2, 10040.1
30.27, 28085.9, 10040.2
30.271, 28086.6, 10040.3
30.272, 28087.3, 10040.4
30.273, 28088, 10040.6
30.274, 28088.7, 10040.7
30.275, 28089.4, 10040.8
30.276, 28090.1, 10040.9
30.277, 28090.8, 10041
30.278, 28091.5, 10041.1
30.279, 28092.2, 10041.2
30.28, 28092.9, 10041.3
30.281, 28093.6, 10041.4
30.282, 28094.3, 10041.5
30.283, 28095.1, 10041.7
30.284, 28095.8, 10041.8
30.285, 28096.5, 10041.9
30.286, 28097.2, 10042
30.287, 28097.9, 10042.1
30.288, 28098.6, 10042.2
30.289, 28099.3, 10042.3
30.29, 28100, 10042.4
30.291, 28100.7, 10042.5
30.292, 28101.4, 10042.6
30.293, 28102.1, 10042.8
30.294, 28102.8, 10042.9
30.295, 28103.5, 10043
30.296, 28104.2, 10043.1
30.297, 28105, 10043.2
30.298, 28105.7, 10043.3
30.299, 28106.4, 10043.4
30.3, 28107.1, 10043.5
30.301, 28107.8, 10043.6
30.302, 28108.5, 10043.7
30.303, 28109.2, 10043.8
30.304, 28109.9, 10044
30.305, 28110.6, 10044.1
30.306, 28111.3, 10044.2
30.307, 28112, 10044.3
30.308, 28112.7, 10044.4
30.309, 28113.4, 10044.5
30.31, 28114.1, 10044.6
30.311, 28114.8, 10044.7
30.312, 28115.6, 10044.8
30.313, 28116.3, 10044.9
30.314, 28117, 10045
30.315, 28117.7, 10045.2
30.316, 28118.4, 10045.3
30.317, 28119.1, 10045.4
30.318, 28119.8, 10045.5
30.319, 28120.5, 10045.6
30.32, 28121.2, 10045.7
30.321, 28121.9, 10045.8
30.322, 28122.6, 10045.9
30.323, 28123.3, 10046
30.324, 28124, 10046.1
30.325, 28124.7, 10046.3
30.326, 28125.4, 10046.4
30.327, 28126.2, 10046.5
30.328, 28126.9, 10046.6
30.329, 28127.6, 10046.7
30.33, 28128.3, 10046.8
30.331, 28129, 10046.9
30.332, 28129.7, 10047
30.333, 28130.4, 10047.1
30.334, 28131.1, 10047.2
30.335, 28131.8, 10047.3
30.336, 28132.5, 10047.5
30.337, 28133.2, 10047.6
30.338, 28133.9, 10047.7
30.339, 28134.6, 10047.8
30.34, 28135.3, 10047.9
30.341, 28136, 10048
30.342, 28136.8, 10048.1
30.343, 28137.5, 10048.2
30.344, 28138.2, 10048.3
30.345, 28138.9, 10048.4
30.346, 28139.6, 10048.5
30.347, 28140.3, 10048.7
30.348, 28141, 10048.8
30.349, 28141.7, 10048.9
30.35, 28142.4, 10049
30.351, 28143.1, 10049.1
30.352, 28143.8, 10049.2
30.353, 28144.5, 10049.3
30.354, 28145.2, 10049.4
30.355, 28145.9, 10049.5
30.356, 28146.6, 10049.6
30.357, 28147.4, 10049.7
30.358, 28148.1, 10049.9
30.359, 28148.8, 10050
30.36, 28149.5, 10050.1
30.361, 28150.2, 10050.2
30.362, 28150.9, 10050.3
30.363, 28151.6, 10050.4
30.364, 28152.3, 10050.5
30.365, 28153, 10050.6
30.366, 28153.7, 10050.7
30.367, 28154.4, 10050.8
30.368, 28155.1, 10050.9
30.369, 28155.8, 10051
30.37, 28156.5, 10051.2
30.371, 28157.2, 10051.3
30.372, 28157.9, 10051.4
30.373, 28158.7, 10051.5
30.374, 28159.4, 10051.6
30.375, 28160.1, 10051.7
30.376, 28160.8, 10051.8
30.377, 28161.5, 10051.9
30.378, 28162.2, 10052
30.379, 28162.9, 10052.1
30.38, 28163.6, 10052.2
30.381, 28164.3, 10052.4
30.382, 28165, 10052.5
30.383, 28165.7, 10052.6
30.384, 28166.4, 10052.7
30.385, 28167.1, 10052.8
30.386, 28167.8, 10052.9
30.387, 28168.5, 10053
30.388, 28169.2, 10053.1
30.389, 28170, 10053.2
30.39, 28170.7, 10053.3
30.391, 28171.4, 10053.4
30.392, 28172.1, 10053.5
30.393, 28172.8, 10053.7
30.394, 28173.5, 10053.8
30.395, 28174.2, 10053.9
30.396, 28174.9, 10054
30.397, 28175.6, 10054.1
30.398, 28176.3, 10054.2
30.399, 28177, 10054.3
30.4, 28177.7, 10054.4
30.401, 28178.4, 10054.5
30.402, 28179.1, 10054.6
30.403, 28179.8, 10054.7
30.404, 28180.5, 10054.8
30.405, 28181.3, 10055
30.406, 28182, 10055.1
30.407, 28182.7, 10055.2
30.408, 28183.4, 10055.3
30.409, 28184.1, 10055.4
30.41, 28184.8, 10055.5
30.411, 28185.5, 10055.6
30.412, 28186.2, 10055.7
30.413, 28186.9, 10055.8
30.414, 28187.6, 10055.9
30.415, 28188.3, 10056
30.416, 28189, 10056.1
30.417, 28189.7, 10056.3
30.418, 28190.4, 10056.4
30.419, 28191.1, 10056.5
30.42, 28191.8, 10056.6
30.421, 28192.6, 10056.7
30.422, 28193.3, 10056.8
30.423, 28194, 10056.9
30.424, 28194.7, 10057
30.425, 28195.4, 10057.1
30.426, 28196.1, 10057.2
30.427, 28196.8, 10057.3
30.428, 28197.5, 10057.4
30.429, 28198.2, 10057.6
30.43, 28198.9, 10057.7
30.431, 28199.6, 10057.8
30.432, 28200.3, 10057.9
30.433, 28201, 10058
30.434, 28201.7, 10058.1
30.435, 28202.4, 10058.2
30.436, 28203.1, 10058.3
30.437, 28203.8, 10058.4
30.438, 28204.6, 10058.5
30.439, 28205.3, 10058.6
30.44, 28206, 10058.7
30.441, 28206.7, 10058.9
30.442, 28207.4, 10059
30.443, 28208.1, 10059.1
30.444, 28208.8, 10059.2
30.445, 28209.5, 10059.3
30.446, 28210.2, 10059.4
30.447, 28210.9, 10059.5
30.448, 28211.6, 10059.6
30.449, 28212.3, 10059.7
30.45, 28213, 10059.8
30.451, 28213.7, 10059.9
30.452, 28214.4, 10060
30.453, 28215.1, 10060.1
30.454, 28215.8, 10060.3
30.455, 28216.6, 10060.4
30.456, 28217.3, 10060.5
30.457, 28218, 10060.6
30.458, 28218.7, 10060.7
30.459, 28219.4, 10060.8
30.46, 28220.1, 10060.9
30.461, 28220.8, 10061
30.462, 28221.5, 10061.1
30.463, 28222.2, 10061.2
30.464, 28222.9, 10061.3
30.465, 28223.6, 10061.4
30.466, 28224.3, 10061.5
30.467, 28225, 10061.7
30.468, 28225.7, 10061.8
30.469, 28226.4, 10061.9
30.47, 28227.1, 10062
30.471, 28227.8, 10062.1
30.472, 28228.5, 10062.2
30.473, 28229.3, 10062.3
30.474, 28230, 10062.4
30.475, 28230.7, 10062.5
30.476, 28231.4, 10062.6
30.477, 28232.1, 10062.7
30.478, 28232.8, 10062.8
30.479, 28233.5, 10062.9
30.48, 28234.2, 10063.1
30.481, 28234.9, 10063.2
30.482, 28235.6, 10063.3
30.483, 28236.3, 10063.4
30.484, 28237, 10063.5
30.485, 28237.7, 10063.6
30.486, 28238.4, 10063.7
30.487, 28239.1, 10063.8
30.488, 28239.8, 10063.9
30.489, 28240.5, 10064
30.49, 28241.2, 10064.1
30.491, 28242, 10064.2
30.492, 28242.7, 10064.3
30.493, 28243.4, 10064.5
30.494, 28244.1, 10064.6
30.495, 28244.8, 10064.7
30.496, 28245.5, 10064.8
30.497, 28246.2, 10064.9
30.498, 28246.9, 10065
30.499, 28247.6, 10065.1
30.5, 28248.3, 10065.2
30.501, 28249, 10065.3
30.502, 28249.7, 10065.4
30.503, 28250.4, 10065.5
30.504, 28251.1, 10065.6
30.505, 28251.8, 10065.7
30.506, 28252.5, 10065.8
30.507, 28253.2, 10066
30.508, 28253.9, 10066.1
30.509, 28254.7, 10066.2
30.51, 28255.4, 10066.3
30.511, 28256.1, 10066.4
30.512, 28256.8, 10066.5
30.513, 28257.5, 10066.6
30.514, 28258.2, 10066.7
30.515, 28258.9, 10066.8
30.516, 28259.6, 10066.9
30.517, 28260.3, 10067
30.518, 28261, 10067.1
30.519, 28261.7, 10067.2
30.52, 28262.4, 10067.3
30.521, 28263.1, 10067.5
30.522, 28263.8, 10067.6
30.523, 28264.5, 10067.7
30.524, 28265.2, 10067.8
30.525, 28265.9, 10067.9
30.526, 28266.6, 10068
30.527, 28267.3, 10068.1
30.528, 28268.1, 10068.2
30.529, 28268.8, 10068.3
30.53, 28269.5, 10068.4
30.531, 28270.2, 10068.5
30.532, 28270.9, 10068.6
30.533, 28271.6, 10068.7
30.534, 28272.3, 10068.8
30.535, 28273, 10069
30.536, 28273.7, 10069.1
30.537, 28274.4, 10069.2
30.538, 28275.1, 10069.3
30.539, 28275.8, 10069.4
30.54, 28276.5, 10069.5
30.541, 28277.2, 10069.6
30.542, 28277.9, 10069.7
30.543, 28278.6, 10069.8
30.544, 28279.3, 10069.9
30.545, 28280, 10070
30.546, 28280.7, 10070.1
30.547, 28281.4, 10070.2
30.548, 28282.2, 10070.3
30.549, 28282.9, 10070.4
30.55, 28283.6, 10070.6
30.551, 28284.3, 10070.7
30.552, 28285, 10070.8
30.553, 28285.7, 10070.9
30.554, 28286.4, 10071
30.555, 28287.1, 10071.1
30.556, 28287.8, 10071.2
30.557, 28288.5, 10071.3
30.558, 28289.2, 10071.4
30.559, 28289.9, 10071.5
30.56, 28290.6, 10071.6
30.561, 28291.3, 10071.7
30.562, 28292, 10071.8
30.563, 28292.7, 10071.9
30.564, 28293.4, 10072
30.565, 28294.1, 10072.2
30.566, 28294.8, 10072.3
30.567, 28295.6, 10072.4
30.568, 28296.3, 10072.5
30.569, 28297, 10072.6
30.57, 28297.7, 10072.7
30.571, 28298.4, 10072.8
30.572, 28299.1, 10072.9
30.573, 28299.8, 10073
30.574, 28300.5, 10073.1
30.575, 28301.2, 10073.2
30.576, 28301.9, 10073.3
30.577, 28302.6, 10073.4
30.578, 28303.3, 10073.5
30.579, 28304, 10073.6
30.58, 28304.7, 10073.8
30.581, 28305.4, 10073.9
30.582, 28306.1, 10074
30.583, 28306.8, 10074.1
30.584, 28307.5, 10074.2
30.585, 28308.2, 10074.3
30.586, 28308.9, 10074.4
30.587, 28309.6, 10074.5
30.588, 28310.4, 10074.6
30.589, 28311.1, 10074.7
30.59, 28311.8, 10074.8
30.591, 28312.5, 10074.9
30.592, 28313.2, 10075
30.593, 28313.9, 10075.1
30.594, 28314.6, 10075.2
30.595, 28315.3, 10075.3
30.596, 28316, 10075.5
30.597, 28316.7, 10075.6
30.598, 28317.4, 10075.7
30.599, 28318.1, 10075.8
30.6, 28318.8, 10075.9
30.601, 28319.5, 10076
30.602, 28320.2, 10076.1
30.603, 28320.9, 10076.2
30.604, 28321.6, 10076.3
30.605, 28322.3, 10076.4
30.606, 28323, 10076.5
30.607, 28323.7, 10076.6
30.608, 28324.4, 10076.7
30.609, 28325.2, 10076.8
30.61, 28325.9, 10076.9
30.611, 28326.6, 10077
30.612, 28327.3, 10077.2
30.613, 28328, 10077.3
30.614, 28328.7, 10077.4
30.615, 28329.4, 10077.5
30.616, 28330.1, 10077.6
30.617, 28330.8, 10077.7
30.618, 28331.5, 10077.8
30.619, 28332.2, 10077.9
30.62, 28332.9, 10078
30.621, 28333.6, 10078.1
30.622, 28334.3, 10078.2
30.623, 28335, 10078.3
30.624, 28335.7, 10078.4
30.625, 28336.4, 10078.5
30.626, 28337.1, 10078.6
30.627, 28337.8, 10078.7
30.628, 28338.5, 10078.9
30.629, 28339.2, 10079
30.63, 28339.9, 10079.1
30.631, 28340.7, 10079.2
30.632, 28341.4, 10079.3
30.633, 28342.1, 10079.4
30.634, 28342.8, 10079.5
30.635, 28343.5, 10079.6
30.636, 28344.2, 10079.7
30.637, 28344.9, 10079.8
30.638, 28345.6, 10079.9
30.639, 28346.3, 10080
30.64, 28347, 10080.1
30.641, 28347.7, 10080.2
30.642, 28348.4, 10080.3
30.643, 28349.1, 10080.4
30.644, 28349.8, 10080.5
30.645, 28350.5, 10080.7
30.646, 28351.2, 10080.8
30.647, 28351.9, 10080.9
30.648, 28352.6, 10081
30.649, 28353.3, 10081.1
30.65, 28354, 10081.2
30.651, 28354.7, 10081.3
30.652, 28355.4, 10081.4
30.653, 28356.2, 10081.5
30.654, 28356.9, 10081.6
30.655, 28357.6, 10081.7
30.656, 28358.3, 10081.8
30.657, 28359, 10081.9
30.658, 28359.7, 10082
30.659, 28360.4, 10082.1
30.66, 28361.1, 10082.2
30.661, 28361.8, 10082.3
30.662, 28362.5, 10082.4
30.663, 28363.2, 10082.6
30.664, 28363.9, 10082.7
30.665, 28364.6, 10082.8
30.666, 28365.3, 10082.9
30.667, 28366, 10083
30.668, 28366.7, 10083.1
30.669, 28367.4, 10083.2
30.67, 28368.1, 10083.3
30.671, 28368.8, 10083.4
30.672, 28369.5, 10083.5
30.673, 28370.2, 10083.6
30.674, 28370.9, 10083.7
30.675, 28371.6, 10083.8
30.676, 28372.3, 10083.9
30.677, 28373.1, 10084
30.678, 28373.8, 10084.1
30.679, 28374.5, 10084.2
30.68, 28375.2, 10084.3
30.681, 28375.9, 10084.5
30.682, 28376.6, 10084.6
30.683, 28377.3, 10084.7
30.684, 28378, 10084.8
30.685, 28378.7, 10084.9
30.686, 28379.4, 10085
30.687, 28380.1, 10085.1
30.688, 28380.8, 10085.2
30.689, 28381.5, 10085.3
30.69, 28382.2, 10085.4
30.691, 28382.9, 10085.5
30.692, 28383.6, 10085.6
30.693, 28384.3, 10085.7
30.694, 28385, 10085.8
30.695, 28385.7, 10085.9
30.696, 28386.4, 10086
30.697, 28387.1, 10086.1
30.698, 28387.8, 10086.2
30.699, 28388.5, 10086.3
30.7, 28389.2, 10086.5
30.701, 28390, 10086.6
30.702, 28390.7, 10086.7
30.703, 28391.4, 10086.8
30.704, 28392.1, 10086.9
30.705, 28392.8, 10087
30.706, 28393.5, 10087.1
30.707, 28394.2, 10087.2
30.708, 28394.9, 10087.3
30.709, 28395.6, 10087.4
30.71, 28396.3, 10087.5
30.711, 28397, 10087.6
30.712, 28397.7, 10087.7
30.713, 28398.4, 10087.8
30.714, 28399.1, 10087.9
30.715, 28399.8, 10088
30.716, 28400.5, 10088.1
30.717, 28401.2, 10088.2
30.718, 28401.9, 10088.3
30.719, 28402.6, 10088.4
30.72, 28403.3, 10088.6
30.721, 28404, 10088.7
30.722, 28404.7, 10088.8
30.723, 28405.4, 10088.9
30.724, 28406.1, 10089
30.725, 28406.8, 10089.1
30.726, 28407.5, 10089.2
30.727, 28408.3, 10089.3
30.728, 28409, 10089.4
30.729, 28409.7, 10089.5
30.73, 28410.4, 10089.6
30.731, 28411.1, 10089.7
30.732, 28411.8, 10089.8
30.733, 28412.5, 10089.9
30.734, 28413.2, 10090
30.735, 28413.9, 10090.1
30.736, 28414.6, 10090.2
30.737, 28415.3, 10090.3
30.738, 28416, 10090.4
30.739, 28416.7, 10090.5
30.74, 28417.4, 10090.6
30.741, 28418.1, 10090.8
30.742, 28418.8, 10090.9
30.743, 28419.5, 10091
30.744, 28420.2, 10091.1
30.745, 28420.9, 10091.2
30.746, 28421.6, 10091.3
30.747, 28422.3, 10091.4
30.748, 28423, 10091.5
30.749, 28423.7, 10091.6
30.75, 28424.4, 10091.7
30.751, 28425.1, 10091.8
30.752, 28425.8, 10091.9
30.753, 28426.5, 10092
30.754, 28427.3, 10092.1
30.755, 28428, 10092.2
30.756, 28428.7, 10092.3
30.757, 28429.4, 10092.4
30.758, 28430.1, 10092.5
30.759, 28430.8, 10092.6
30.76, 28431.5, 10092.7
30.761, 28432.2, 10092.8
30.762, 28432.9, 10092.9
30.763, 28433.6, 10093.1
30.764, 28434.3, 10093.2
30.765, 28435, 10093.3
30.766, 28435.7, 10093.4
30.767, 28436.4, 10093.5
30.768, 28437.1, 10093.6
30.769, 28437.8, 10093.7
30.77, 28438.5, 10093.8
30.771, 28439.2, 10093.9
30.772, 28439.9, 10094
30.773, 28440.6, 10094.1
30.774, 28441.3, 10094.2
30.775, 28442, 10094.3
30.776, 28442.7, 10094.4
30.777, 28443.4, 10094.5
30.778, 28444.1, 10094.6
30.779, 28444.8, 10094.7
30.78, 28445.5, 10094.8
30.781, 28446.2, 10094.9
30.782, 28447, 10095
30.783, 28447.7, 10095.1
30.784, 28448.4, 10095.2
30.785, 28449.1, 10095.3
30.786, 28449.8, 10095.5
30.787, 28450.5, 10095.6
30.788, 28451.2, 10095.7
30.789, 28451.9, 10095.8
30.79, 28452.6, 10095.9
30.791, 28453.3, 10096
30.792, 28454, 10096.1
30.793, 28454.7, 10096.2
30.794, 28455.4, 10096.3
30.795, 28456.1, 10096.4
30.796, 28456.8, 10096.5
30.797, 28457.5, 10096.6
30.798, 28458.2, 10096.7
30.799, 28458.9, 10096.8
30.8, 28459.6, 10096.9
30.801, 28460.3, 10097
30.802, 28461, 10097.1
30.803, 28461.7, 10097.2
30.804, 28462.4, 10097.3
30.805, 28463.1, 10097.4
30.806, 28463.8, 10097.5
30.807, 28464.5, 10097.6
30.808, 28465.2, 10097.7
30.809, 28465.9, 10097.8
30.81, 28466.6, 10098
30.811, 28467.3, 10098.1
30.812, 28468.1, 10098.2
30.813, 28468.8, 10098.3
30.814, 28469.5, 10098.4
30.815, 28470.2, 10098.5
30.816, 28470.9, 10098.6
30.817, 28471.6, 10098.7
30.818, 28472.3, 10098.8
30.819, 28473, 10098.9
30.82, 28473.7, 10099
30.821, 28474.4, 10099.1
30.822, 28475.1, 10099.2
30.823, 28475.8, 10099.3
30.824, 28476.5, 10099.4
30.825, 28477.2, 10099.5
30.826, 28477.9, 10099.6
30.827, 28478.6, 10099.7
30.828, 28479.3, 10099.8
30.829, 28480, 10099.9
30.83, 28480.7, 10100
30.831, 28481.4, 10100.1
30.832, 28482.1, 10100.2
30.833, 28482.8, 10100.3
30.834, 28483.5, 10100.4
30.835, 28484.2, 10100.5
30.836, 28484.9, 10100.7
30.837, 28485.6, 10100.8
30.838, 28486.3, 10100.9
30.839, 28487, 10101
30.84, 28487.7, 10101.1
30.841, 28488.4, 10101.2
30.842, 28489.1, 10101.3
30.843, 28489.8, 10101.4
30.844, 28490.6, 10101.5
30.845, 28491.3, 10101.6
30.846, 28492, 10101.7
30.847, 28492.7, 10101.8
30.848, 28493.4, 10101.9
30.849, 28494.1, 10102
30.85, 28494.8, 10102.1
30.851, 28495.5, 10102.2
30.852, 28496.2, 10102.3
30.853, 28496.9, 10102.4
30.854, 28497.6, 10102.5
30.855, 28498.3, 10102.6
30.856, 28499, 10102.7
30.857, 28499.7, 10102.8
30.858, 28500.4, 10102.9
30.859, 28501.1, 10103
30.86, 28501.8, 10103.1
30.861, 28502.5, 10103.2
30.862, 28503.2, 10103.3
30.863, 28503.9, 10103.4
30.864, 28504.6, 10103.6
30.865, 28505.3, 10103.7
30.866, 28506, 10103.8
30.867, 28506.7, 10103.9
30.868, 28507.4, 10104
30.869, 28508.1, 10104.1
30.87, 28508.8, 10104.2
30.871, 28509.5, 10104.3
30.872, 28510.2, 10104.4
30.873, 28510.9, 10104.5
30.874, 28511.6, 10104.6
30.875, 28512.3, 10104.7
30.876, 28513, 10104.8
30.877, 28513.7, 10104.9
30.878, 28514.4, 10105
30.879, 28515.2, 10105.1
30.88, 28515.9, 10105.2
30.881, 28516.6, 10105.3
30.882, 28517.3, 10105.4
30.883, 28518, 10105.5
30.884, 28518.7, 10105.6
30.885, 28519.4, 10105.7
30.886, 28520.1, 10105.8
30.887, 28520.8, 10105.9
30.888, 28521.5, 10106
30.889, 28522.2, 10106.1
30.89, 28522.9, 10106.2
30.891, 28523.6, 10106.3
30.892, 28524.3, 10106.4
30.893, 28525, 10106.5
30.894, 28525.7, 10106.6
30.895, 28526.4, 10106.7
30.896, 28527.1, 10106.9
30.897, 28527.8, 10107
30.898, 28528.5, 10107.1
30.899, 28529.2, 10107.2
30.9, 28529.9, 10107.3
30.901, 28530.6, 10107.4
30.902, 28531.3, 10107.5
30.903, 28532, 10107.6
30.904, 28532.7, 10107.7
30.905, 28533.4, 10107.8
30.906, 28534.1, 10107.9
30.907, 28534.8, 10108
30.908, 28535.5, 10108.1
30.909, 28536.2, 10108.2
30.91, 28536.9, 10108.3
30.911, 28537.6, 10108.4
30.912, 28538.3, 10108.5
30.913, 28539, 10108.6
30.914, 28539.7, 10108.7
30.915, 28540.4, 10108.8
30.916, 28541.1, 10108.9
30.917, 28541.9, 10109
30.918, 28542.6, 10109.1
30.919, 28543.3, 10109.2
30.92, 28544, 10109.3
30.921, 28544.7, 10109.4
30.922, 28545.4, 10109.5
30.923, 28546.1, 10109.6
30.924, 28546.8, 10109.7
30.925, 28547.5, 10109.8
30.926, 28548.2, 10109.9
30.927, 28548.9, 10110
30.928, 28549.6, 10110.1
30.929, 28550.3, 10110.2
30.93, 28551, 10110.3
30.931, 28551.7, 10110.5
30.932, 28552.4, 10110.6
30.933, 28553.1, 10110.7
30.934, 28553.8, 10110.8
30.935, 28554.5, 10110.9
30.936, 28555.2, 10111
30.937, 28555.9, 10111.1
30.938, 28556.6, 10111.2
30.939, 28557.3, 10111.3
30.94, 28558, 10111.4
30.941, 28558.7, 10111.5
30.942, 28559.4, 10111.6
30.943, 28560.1, 10111.7
30.944, 28560.8, 10111.8
30.945, 28561.5, 10111.9
30.946, 28562.2, 10112
30.947, 28562.9, 10112.1
30.948, 28563.6, 10112.2
30.949, 28564.3, 10112.3
30.95, 28565, 10112.4
30.951, 28565.7, 10112.5
30.952, 28566.4, 10112.6
30.953, 28567.1, 10112.7
30.954, 28567.8, 10112.8
30.955, 28568.5, 10112.9
30.956, 28569.2, 10113
30.957, 28569.9, 10113.1
30.958, 28570.6, 10113.2
30.959, 28571.4, 10113.3
30.96, 28572.1, 10113.4
30.961, 28572.8, 10113.5
30.962, 28573.5, 10113.6
30.963, 28574.2, 10113.7
30.964, 28574.9, 10113.8
30.965, 28575.6, 10113.9
30.966, 28576.3, 10114
30.967, 28577, 10114.1
30.968, 28577.7, 10114.2
30.969, 28578.4, 10114.3
30.97, 28579.1, 10114.4
30.971, 28579.8, 10114.5
30.972, 28580.5, 10114.7
30.973, 28581.2, 10114.8
30.974, 28581.9, 10114.9
30.975, 28582.6, 10115
30.976, 28583.3, 10115.1
30.977, 28584, 10115.2
30.978, 28584.7, 10115.3
30.979, 28585.4, 10115.4
30.98, 28586.1, 10115.5
30.981, 28586.8, 10115.6
30.982, 28587.5, 10115.7
30.983, 28588.2, 10115.8
30.984, 28588.9, 10115.9
30.985, 28589.6, 10116
30.986, 28590.3, 10116.1
30.987, 28591, 10116.2
30.988, 28591.7, 10116.3
30.989, 28592.4, 10116.4
30.99, 28593.1, 10116.5
30.991, 28593.8, 10116.6
30.992, 28594.5, 10116.7
30.993, 28595.2, 10116.8
30.994, 28595.9, 10116.9
30.995, 28596.6, 10117
30.996, 28597.3, 10117.1
30.997, 28598, 10117.2
30.998, 28598.7, 10117.3
30.999, 28599.4, 10117.4
31, 28600.1, 10117.5
31.001, 28600.8, 10117.6
31.002, 28601.5, 10117.7
31.003, 28602.2, 10117.8
31.004, 28602.9, 10117.9
31.005, 28603.6, 10118
31.006, 28604.3, 10118.1
31.007, 28605, 10118.2
31.008, 28605.7, 10118.3
31.009, 28606.5, 10118.4
31.01, 28607.2, 10118.5
31.011, 28607.9, 10118.6
31.012, 28608.6, 10118.7
31.013, 28609.3, 10118.8
31.014, 28610, 10118.9
31.015, 28610.7, 10119
31.016, 28611.4, 10119.1
31.017, 28612.1, 10119.2
31.018, 28612.8, 10119.3
31.019, 28613.5, 10119.4
31.02, 28614.2, 10119.5
31.021, 28614.9, 10119.6
31.022, 28615.6, 10119.7
31.023, 28616.3, 10119.9
31.024, 28617, 10120
31.025, 28617.7, 10120.1
31.026, 28618.4, 10120.2
31.027, 28619.1, 10120.3
31.028, 28619.8, 10120.4
31.029, 28620.5, 10120.5
31.03, 28621.2, 10120.6
31.031, 28621.9, 10120.7
31.032, 28622.6, 10120.8
31.033, 28623.3, 10120.9
31.034, 28624, 10121
31.035, 28624.7, 10121.1
31.036, 28625.4, 10121.2
31.037, 28626.1, 10121.3
31.038, 28626.8, 10121.4
31.039, 28627.5, 10121.5
31.04, 28628.2, 10121.6
31.041, 28628.9, 10121.7
31.042, 28629.6, 10121.8
31.043, 28630.3, 10121.9
31.044, 28631, 10122
31.045, 28631.7, 10122.1
31.046, 28632.4, 10122.2
31.047, 28633.1, 10122.3
31.048, 28633.8, 10122.4
31.049, 28634.5, 10122.5
31.05, 28635.2, 10122.6
31.051, 28635.9, 10122.7
31.052, 28636.6, 10122.8
31.053, 28637.3, 10122.9
31.054, 28638, 10123
31.055, 28638.7, 10123.1
31.056, 28639.4, 10123.2
31.057, 28640.1, 10123.3
31.058, 28640.8, 10123.4
31.059, 28641.5, 10123.5
31.06, 28642.2, 10123.6
31.061, 28642.9, 10123.7
31.062, 28643.6, 10123.8
31.063, 28644.3, 10123.9
31.064, 28645, 10124
31.065, 28645.7, 10124.1
31.066, 28646.4, 10124.2
31.067, 28647.1, 10124.3
31.068, 28647.8, 10124.4
31.069, 28648.5, 10124.5
31.07, 28649.3, 10124.6
31.071, 28650, 10124.7
31.072, 28650.7, 10124.8
31.073, 28651.4, 10124.9
31.074, 28652.1, 10125
31.075, 28652.8, 10125.1
31.076, 28653.5, 10125.2
31.077, 28654.2, 10125.3
31.078, 28654.9, 10125.4
31.079, 28655.6, 10125.5
31.08, 28656.3, 10125.6
31.081, 28657, 10125.7
31.082, 28657.7, 10125.8
31.083, 28658.4, 10125.9
31.084, 28659.1, 10126
31.085, 28659.8, 10126.1
31.086, 28660.5, 10126.2
31.087, 28661.2, 10126.3
31.088, 28661.9, 10126.4
31.089, 28662.6, 10126.5
31.09, 28663.3, 10126.6
31.091, 28664, 10126.7
31.092, 28664.7, 10126.8
31.093, 28665.4, 10126.9
31.094, 28666.1, 10127
31.095, 28666.8, 10127.1
31.096, 28667.5, 10127.2
31.097, 28668.2, 10127.3
31.098, 28668.9, 10127.4
31.099, 28669.6, 10127.5
31.1, 28670.3, 10127.6
31.101, 28671, 10127.7
31.102, 28671.7, 10127.8
31.103, 28672.4, 10127.9
31.104, 28673.1, 10128
31.105, 28673.8, 10128.1
31.106, 28674.5, 10128.3
31.107, 28675.2, 10128.4
31.108, 28675.9, 10128.5
31.109, 28676.6, 10128.6
31.11, 28677.3, 10128.7
31.111, 28678, 10128.8
31.112, 28678.7, 10128.9
31.113, 28679.4, 10129
31.114, 28680.1, 10129.1
31.115, 28680.8, 10129.2
31.116, 28681.5, 10129.3
31.117, 28682.2, 10129.4
31.118, 28682.9, 10129.5
31.119, 28683.6, 10129.6
31.12, 28684.3, 10129.7
31.121, 28685, 10129.8
31.122, 28685.7, 10129.9
31.123, 28686.4, 10130
31.124, 28687.1, 10130.1
31.125, 28687.8, 10130.2
31.126, 28688.5, 10130.3
31.127, 28689.2, 10130.4
31.128, 28689.9, 10130.5
31.129, 28690.6, 10130.6
31.13, 28691.3, 10130.7
31.131, 28692, 10130.8
31.132, 28692.7, 10130.9
31.133, 28693.4, 10131
31.134, 28694.1, 10131.1
31.135, 28694.8, 10131.2
31.136, 28695.5, 10131.3
31.137, 28696.2, 10131.4
31.138, 28696.9, 10131.5
31.139, 28697.6, 10131.6
31.14, 28698.3, 10131.7
31.141, 28699, 10131.8
31.142, 28699.7, 10131.9
31.143, 28700.4, 10132
31.144, 28701.1, 10132.1
31.145, 28701.8, 10132.2
31.146, 28702.5, 10132.3
31.147, 28703.2, 10132.4
31.148, 28703.9, 10132.5
31.149, 28704.6, 10132.6
31.15, 28705.3, 10132.7
31.151, 28706, 10132.8
31.152, 28706.7, 10132.9
31.153, 28707.4, 10133
31.154, 28708.1, 10133.1
31.155, 28708.8, 10133.2
31.156, 28709.5, 10133.3
31.157, 28710.2, 10133.4
31.158, 28710.9, 10133.5
31.159, 28711.6, 10133.6
31.16, 28712.3, 10133.7
31.161, 28713.1, 10133.8
31.162, 28713.8, 10133.9
31.163, 28714.5, 10134
31.164, 28715.2, 10134.1
31.165, 28715.9, 10134.2
31.166, 28716.6, 10134.3
31.167, 28717.3, 10134.4
31.168, 28718, 10134.5
31.169, 28718.7, 10134.6
31.17, 28719.4, 10134.7
31.171, 28720.1, 10134.8
31.172, 28720.8, 10134.9
31.173, 28721.5, 10135
31.174, 28722.2, 10135.1
31.175, 28722.9, 10135.2
31.176, 28723.6, 10135.3
31.177, 28724.3, 10135.4
31.178, 28725, 10135.5
31.179, 28725.7, 10135.6
31.18, 28726.4, 10135.7
31.181, 28727.1, 10135.8
31.182, 28727.8, 10135.9
31.183, 28728.5, 10136
31.184, 28729.2, 10136.1
31.185, 28729.9, 10136.2
31.186, 28730.6, 10136.3
31.187, 28731.3, 10136.4
31.188, 28732, 10136.5
31.189, 28732.7, 10136.6
31.19, 28733.4, 10136.7
31.191, 28734.1, 10136.8
31.192, 28734.8, 10136.9
31.193, 28735.5, 10137
31.194, 28736.2, 10137.1
31.195, 28736.9, 10137.2
31.196, 28737.6, 10137.3
31.197, 28738.3, 10137.4
31.198, 28739, 10137.5
31.199, 28739.7, 10137.6
31.2, 28740.4, 10137.7
31.201, 28741.1, 10137.8
31.202, 28741.8, 10137.9
31.203, 28742.5, 10138
31.204, 28743.2, 10138.1
31.205, 28743.9, 10138.2
31.206, 28744.6, 10138.3
31.207, 28745.3, 10138.4
31.208, 28746, 10138.5
31.209, 28746.7, 10138.6
31.21, 28747.4, 10138.7
31.211, 28748.1, 10138.8
31.212, 28748.8, 10138.9
31.213, 28749.5, 10139
31.214, 28750.2, 10139.1
31.215, 28750.9, 10139.2
31.216, 28751.6, 10139.3
31.217, 28752.3, 10139.4
31.218, 28753, 10139.5
31.219, 28753.7, 10139.6
31.22, 28754.4, 10139.7
31.221, 28755.1, 10139.8
31.222, 28755.8, 10139.9
31.223, 28756.5, 10140
31.224, 28757.2, 10140.1
31.225, 28757.9, 10140.2
31.226, 28758.6, 10140.3
31.227, 28759.3, 10140.4
31.228, 28760, 10140.5
31.229, 28760.7, 10140.6
31.23, 28761.4, 10140.7
31.231, 28762.1, 10140.8
31.232, 28762.8, 10140.9
31.233, 28763.5, 10141
31.234, 28764.2, 10141.1
31.235, 28764.9, 10141.2
31.236, 28765.6, 10141.3
31.237, 28766.3, 10141.4
31.238, 28767, 10141.5
31.239, 28767.7, 10141.6
31.24, 28768.4, 10141.7
31.241, 28769.1, 10141.8
31.242, 28769.8, 10141.9
31.243, 28770.5, 10142
31.244, 28771.2, 10142.1
31.245, 28771.9, 10142.2
31.246, 28772.6, 10142.3
31.247, 28773.3, 10142.3
31.248, 28774, 10142.4
31.249, 28774.7, 10142.5
31.25, 28775.4, 10142.6
31.251, 28776.1, 10142.7
31.252, 28776.8, 10142.8
31.253, 28777.5, 10142.9
31.254, 28778.2, 10143
31.255, 28778.9, 10143.1
31.256, 28779.6, 10143.2
31.257, 28780.3, 10143.3
31.258, 28781, 10143.4
31.259, 28781.7, 10143.5
31.26, 28782.4, 10143.6
31.261, 28783.1, 10143.7
31.262, 28783.8, 10143.8
31.263, 28784.5, 10143.9
31.264, 28785.2, 10144
31.265, 28785.9, 10144.1
31.266, 28786.6, 10144.2
31.267, 28787.3, 10144.3
31.268, 28788, 10144.4
31.269, 28788.7, 10144.5
31.27, 28789.4, 10144.6
31.271, 28790.1, 10144.7
31.272, 28790.8, 10144.8
31.273, 28791.5, 10144.9
31.274, 28792.2, 10145
31.275, 28792.9, 10145.1
31.276, 28793.6, 10145.2
31.277, 28794.3, 10145.3
31.278, 28795, 10145.4
31.279, 28795.7, 10145.5
31.28, 28796.4, 10145.6
31.281, 28797.1, 10145.7
31.282, 28797.8, 10145.8
31.283, 28798.5, 10145.9
31.284, 28799.2, 10146
31.285, 28799.9, 10146.1
31.286, 28800.6, 10146.2
31.287, 28801.3, 10146.3
31.288, 28802, 10146.4
31.289, 28802.7, 10146.5
31.29, 28803.4, 10146.6
31.291, 28804.1, 10146.7
31.292, 28804.8, 10146.8
31.293, 28805.5, 10146.9
31.294, 28806.2, 10147
31.295, 28806.9, 10147.1
31.296, 28807.6, 10147.2
31.297, 28808.3, 10147.3
31.298, 28809, 10147.4
31.299, 28809.7, 10147.5
31.3, 28810.4, 10147.6
31.301, 28811.1, 10147.7
31.302, 28811.8, 10147.8
31.303, 28812.5, 10147.9
31.304, 28813.2, 10148
31.305, 28813.9, 10148.1
31.306, 28814.6, 10148.2
31.307, 28815.3, 10148.3
31.308, 28816, 10148.4
31.309, 28816.7, 10148.5
31.31, 28817.4, 10148.6
31.311, 28818.1, 10148.7
31.312, 28818.8, 10148.8
31.313, 28819.5, 10148.9
31.314, 28820.2, 10149
31.315, 28820.9, 10149.1
31.316, 28821.6, 10149.2
31.317, 28822.3, 10149.3
31.318, 28823, 10149.4
31.319, 28823.7, 10149.5
31.32, 28824.4, 10149.6
31.321, 28825.1, 10149.7
31.322, 28825.8, 10149.8
31.323, 28826.5, 10149.9
31.324, 28827.2, 10150
31.325, 28827.9, 10150.1
31.326, 28828.6, 10150.2
31.327, 28829.3, 10150.3
31.328, 28830, 10150.4
31.329, 28830.7, 10150.5
31.33, 28831.4, 10150.5
31.331, 28832.1, 10150.6
31.332, 28832.8, 10150.7
31.333, 28833.5, 10150.8
31.334, 28834.2, 10150.9
31.335, 28834.9, 10151
31.336, 28835.6, 10151.1
31.337, 28836.3, 10151.2
31.338, 28837, 10151.3
31.339, 28837.7, 10151.4
31.34, 28838.4, 10151.5
31.341, 28839.1, 10151.6
31.342, 28839.8, 10151.7
31.343, 28840.5, 10151.8
31.344, 28841.2, 10151.9
31.345, 28841.9, 10152
31.346, 28842.6, 10152.1
31.347, 28843.3, 10152.2
31.348, 28844, 10152.3
31.349, 28844.7, 10152.4
31.35, 28845.4, 10152.5
31.351, 28846.1, 10152.6
31.352, 28846.8, 10152.7
31.353, 28847.5, 10152.8
31.354, 28848.2, 10152.9
31.355, 28848.9, 10153
31.356, 28849.6, 10153.1
31.357, 28850.3, 10153.2
31.358, 28851, 10153.3
31.359, 28851.7, 10153.4
31.36, 28852.4, 10153.5
31.361, 28853.1, 10153.6
31.362, 28853.8, 10153.7
31.363, 28854.5, 10153.8
31.364, 28855.2, 10153.9
31.365, 28855.9, 10154
31.366, 28856.6, 10154.1
31.367, 28857.3, 10154.2
31.368, 28858, 10154.3
31.369, 28858.7, 10154.4
31.37, 28859.4, 10154.5
31.371, 28860.1, 10154.6
31.372, 28860.8, 10154.7
31.373, 28861.5, 10154.8
31.374, 28862.2, 10154.9
31.375, 28862.9, 10155
31.376, 28863.6, 10155.1
31.377, 28864.3, 10155.2
31.378, 28865, 10155.3
31.379, 28865.7, 10155.4
31.38, 28866.4, 10155.5
31.381, 28867.1, 10155.6
31.382, 28867.8, 10155.6
31.383, 28868.5, 10155.7
31.384, 28869.2, 10155.8
31.385, 28869.9, 10155.9
31.386, 28870.5, 10156
31.387, 28871.2, 10156.1
31.388, 28871.9, 10156.2
31.389, 28872.6, 10156.3
31.39, 28873.3, 10156.4
31.391, 28874, 10156.5
31.392, 28874.7, 10156.6
31.393, 28875.4, 10156.7
31.394, 28876.1, 10156.8
31.395, 28876.8, 10156.9
31.396, 28877.5, 10157
31.397, 28878.2, 10157.1
31.398, 28878.9, 10157.2
31.399, 28879.6, 10157.3
31.4, 28880.3, 10157.4
31.401, 28881, 10157.5
31.402, 28881.7, 10157.6
31.403, 28882.4, 10157.7
31.404, 28883.1, 10157.8
31.405, 28883.8, 10157.9
31.406, 28884.5, 10158
31.407, 28885.2, 10158.1
31.408, 28885.9, 10158.2
31.409, 28886.6, 10158.3
31.41, 28887.3, 10158.4
31.411, 28888, 10158.5
31.412, 28888.7, 10158.6
31.413, 28889.4, 10158.7
31.414, 28890.1, 10158.8
31.415, 28890.8, 10158.9
31.416, 28891.5, 10159
31.417, 28892.2, 10159.1
31.418, 28892.9, 10159.2
31.419, 28893.6, 10159.3
31.42, 28894.3, 10159.4
31.421, 28895, 10159.5
31.422, 28895.7, 10159.6
31.423, 28896.4, 10159.6
31.424, 28897.1, 10159.7
31.425, 28897.8, 10159.8
31.426, 28898.5, 10159.9
31.427, 28899.2, 10160
31.428, 28899.9, 10160.1
31.429, 28900.6, 10160.2
31.43, 28901.3, 10160.3
31.431, 28902, 10160.4
31.432, 28902.7, 10160.5
31.433, 28903.4, 10160.6
31.434, 28904.1, 10160.7
31.435, 28904.8, 10160.8
31.436, 28905.5, 10160.9
31.437, 28906.2, 10161
31.438, 28906.9, 10161.1
31.439, 28907.6, 10161.2
31.44, 28908.3, 10161.3
31.441, 28909, 10161.4
31.442, 28909.7, 10161.5
31.443, 28910.4, 10161.6
31.444, 28911.1, 10161.7
31.445, 28911.8, 10161.8
31.446, 28912.5, 10161.9
31.447, 28913.2, 10162
31.448, 28913.9, 10162.1
31.449, 28914.6, 10162.2
31.45, 28915.3, 10162.3
31.451, 28916, 10162.4
31.452, 28916.7, 10162.5
31.453, 28917.4, 10162.6
31.454, 28918.1, 10162.7
31.455, 28918.8, 10162.8
31.456, 28919.5, 10162.9
31.457, 28920.2, 10163
31.458, 28920.9, 10163
31.459, 28921.6, 10163.1
31.46, 28922.3, 10163.2
31.461, 28923, 10163.3
31.462, 28923.7, 10163.4
31.463, 28924.4, 10163.5
31.464, 28925.1, 10163.6
31.465, 28925.8, 10163.7
31.466, 28926.5, 10163.8
31.467, 28927.2, 10163.9
31.468, 28927.9, 10164
31.469, 28928.6, 10164.1
31.47, 28929.3, 10164.2
31.471, 28930, 10164.3
31.472, 28930.7, 10164.4
31.473, 28931.4, 10164.5
31.474, 28932.1, 10164.6
31.475, 28932.8, 10164.7
31.476, 28933.5, 10164.8
31.477, 28934.2, 10164.9
31.478, 28934.8, 10165
31.479, 28935.5, 10165.1
31.48, 28936.2, 10165.2
31.481, 28936.9, 10165.3
31.482, 28937.6, 10165.4
31.483, 28938.3, 10165.5
31.484, 28939, 10165.6
31.485, 28939.7, 10165.7
31.486, 28940.4, 10165.8
31.487, 28941.1, 10165.9
31.488, 28941.8, 10166
31.489, 28942.5, 10166
31.49, 28943.2, 10166.1
31.491, 28943.9, 10166.2
31.492, 28944.6, 10166.3
31.493, 28945.3, 10166.4
31.494, 28946, 10166.5
31.495, 28946.7, 10166.6
31.496, 28947.4, 10166.7
31.497, 28948.1, 10166.8
31.498, 28948.8, 10166.9
31.499, 28949.5, 10167
31.5, 28950.2, 10167.1
31.501, 28950.9, 10167.2
31.502, 28951.6, 10167.3
31.503, 28952.3, 10167.4
31.504, 28953, 10167.5
31.505, 28953.7, 10167.6
31.506, 28954.4, 10167.7
31.507, 28955.1, 10167.8
31.508, 28955.8, 10167.9
31.509, 28956.5, 10168
31.51, 28957.2, 10168.1
31.511, 28957.9, 10168.2
31.512, 28958.6, 10168.3
31.513, 28959.3, 10168.4
31.514, 28960, 10168.5
31.515, 28960.7, 10168.6
31.516, 28961.4, 10168.7
31.517, 28962.1, 10168.7
31.518, 28962.8, 10168.8
31.519, 28963.5, 10168.9
31.52, 28964.2, 10169
31.521, 28964.9, 10169.1
31.522, 28965.6, 10169.2
31.523, 28966.3, 10169.3
31.524, 28967, 10169.4
31.525, 28967.7, 10169.5
31.526, 28968.4, 10169.6
31.527, 28969.1, 10169.7
31.528, 28969.8, 10169.8
31.529, 28970.5, 10169.9
31.53, 28971.2, 10170
31.531, 28971.9, 10170.1
31.532, 28972.6, 10170.2
31.533, 28973.3, 10170.3
31.534, 28974, 10170.4
31.535, 28974.7, 10170.5
31.536, 28975.4, 10170.6
31.537, 28976.1, 10170.7
31.538, 28976.8, 10170.8
31.539, 28977.4, 10170.9
31.54, 28978.1, 10171
31.541, 28978.8, 10171.1
31.542, 28979.5, 10171.2
31.543, 28980.2, 10171.3
31.544, 28980.9, 10171.3
31.545, 28981.6, 10171.4
31.546, 28982.3, 10171.5
31.547, 28983, 10171.6
31.548, 28983.7, 10171.7
31.549, 28984.4, 10171.8
31.55, 28985.1, 10171.9
31.551, 28985.8, 10172
31.552, 28986.5, 10172.1
31.553, 28987.2, 10172.2
31.554, 28987.9, 10172.3
31.555, 28988.6, 10172.4
31.556, 28989.3, 10172.5
31.557, 28990, 10172.6
31.558, 28990.7, 10172.7
31.559, 28991.4, 10172.8
31.56, 28992.1, 10172.9
31.561, 28992.8, 10173
31.562, 28993.5, 10173.1
31.563, 28994.2, 10173.2
31.564, 28994.9, 10173.3
31.565, 28995.6, 10173.4
31.566, 28996.3, 10173.5
31.567, 28997, 10173.6
31.568, 28997.7, 10173.6
31.569, 28998.4, 10173.7
31.57, 28999.1, 10173.8
31.571, 28999.8, 10173.9
31.572, 29000.5, 10174
31.573, 29001.2, 10174.1
31.574, 29001.9, 10174.2
31.575, 29002.6, 10174.3
31.576, 29003.3, 10174.4
31.577, 29004, 10174.5
31.578, 29004.7, 10174.6
31.579, 29005.4, 10174.7
31.58, 29006.1, 10174.8
31.581, 29006.8, 10174.9
31.582, 29007.5, 10175
31.583, 29008.2, 10175.1
31.584, 29008.9, 10175.2
31.585, 29009.6, 10175.3
31.586, 29010.3, 10175.4
31.587, 29011, 10175.5
31.588, 29011.7, 10175.6
31.589, 29012.3, 10175.7
31.59, 29013, 10175.8
31.591, 29013.7, 10175.8
31.592, 29014.4, 10175.9
31.593, 29015.1, 10176
31.594, 29015.8, 10176.1
31.595, 29016.5, 10176.2
31.596, 29017.2, 10176.3
31.597, 29017.9, 10176.4
31.598, 29018.6, 10176.5
31.599, 29019.3, 10176.6
31.6, 29020, 10176.7
31.601, 29020.7, 10176.8
31.602, 29021.4, 10176.9
31.603, 29022.1, 10177
31.604, 29022.8, 10177.1
31.605, 29023.5, 10177.2
31.606, 29024.2, 10177.3
31.607, 29024.9, 10177.4
31.608, 29025.6, 10177.5
31.609, 29026.3, 10177.6
31.61, 29027, 10177.7
31.611, 29027.7, 10177.8
31.612, 29028.4, 10177.9
31.613, 29029.1, 10177.9
31.614, 29029.8, 10178
31.615, 29030.5, 10178.1
31.616, 29031.2, 10178.2
31.617, 29031.9, 10178.3
31.618, 29032.6, 10178.4
31.619, 29033.3, 10178.5
31.62, 29034, 10178.6
31.621, 29034.7, 10178.7
31.622, 29035.4, 10178.8
31.623, 29036.1, 10178.9
31.624, 29036.8, 10179
31.625, 29037.5, 10179.1
31.626, 29038.2, 10179.2
31.627, 29038.9, 10179.3
31.628, 29039.6, 10179.4
31.629, 29040.3, 10179.5
31.63, 29041, 10179.6
31.631, 29041.7, 10179.7
31.632, 29042.3, 10179.8
31.633, 29043, 10179.9
31.634, 29043.7, 10179.9
31.635, 29044.4, 10180
31.636, 29045.1, 10180.1
31.637, 29045.8, 10180.2
31.638, 29046.5, 10180.3
31.639, 29047.2, 10180.4
31.64, 29047.9, 10180.5
31.641, 29048.6, 10180.6
31.642, 29049.3, 10180.7
31.643, 29050, 10180.8
31.644, 29050.7, 10180.9
31.645, 29051.4, 10181
31.646, 29052.1, 10181.1
31.647, 29052.8, 10181.2
31.648, 29053.5, 10181.3
31.649, 29054.2, 10181.4
31.65, 29054.9, 10181.5
31.651, 29055.6, 10181.6
31.652, 29056.3, 10181.7
31.653, 29057, 10181.8
31.654, 29057.7, 10181.8
31.655, 29058.4, 10181.9
31.656, 29059.1, 10182
31.657, 29059.8, 10182.1
31.658, 29060.5, 10182.2
31.659, 29061.2, 10182.3
31.66, 29061.9, 10182.4
31.661, 29062.6, 10182.5
31.662, 29063.3, 10182.6
31.663, 29064, 10182.7
31.664, 29064.7, 10182.8
31.665, 29065.4, 10182.9
31.666, 29066.1, 10183
31.667, 29066.8, 10183.1
31.668, 29067.5, 10183.2
31.669, 29068.2, 10183.3
31.67, 29068.9, 10183.4
31.671, 29069.5, 10183.5
31.672, 29070.2, 10183.6
31.673, 29070.9, 10183.6
31.674, 29071.6, 10183.7
31.675, 29072.3, 10183.8
31.676, 29073, 10183.9
31.677, 29073.7, 10184
31.678, 29074.4, 10184.1
31.679, 29075.1, 10184.2
31.68, 29075.8, 10184.3
31.681, 29076.5, 10184.4
31.682, 29077.2, 10184.5
31.683, 29077.9, 10184.6
31.684, 29078.6, 10184.7
31.685, 29079.3, 10184.8
31.686, 29080, 10184.9
31.687, 29080.7, 10185
31.688, 29081.4, 10185.1
31.689, 29082.1, 10185.2
31.69, 29082.8, 10185.3
31.691, 29083.5, 10185.3
31.692, 29084.2, 10185.4
31.693, 29084.9, 10185.5
31.694, 29085.6, 10185.6
31.695, 29086.3, 10185.7
31.696, 29087, 10185.8
31.697, 29087.7, 10185.9
31.698, 29088.4, 10186
31.699, 29089.1, 10186.1
31.7, 29089.8, 10186.2
31.701, 29090.5, 10186.3
31.702, 29091.2, 10186.4
31.703, 29091.9, 10186.5
31.704, 29092.6, 10186.6
31.705, 29093.3, 10186.7
31.706, 29093.9, 10186.8
31.707, 29094.6, 10186.9
31.708, 29095.3, 10187
31.709, 29096, 10187
31.71, 29096.7, 10187.1
31.711, 29097.4, 10187.2
31.712, 29098.1, 10187.3
31.713, 29098.8, 10187.4
31.714, 29099.5, 10187.5
31.715, 29100.2, 10187.6
31.716, 29100.9, 10187.7
31.717, 29101.6, 10187.8
31.718, 29102.3, 10187.9
31.719, 29103, 10188
31.72, 29103.7, 10188.1
31.721, 29104.4, 10188.2
31.722, 29105.1, 10188.3
31.723, 29105.8, 10188.4
31.724, 29106.5, 10188.5
31.725, 29107.2, 10188.6
31.726, 29107.9, 10188.6
31.727, 29108.6, 10188.7
31.728, 29109.3, 10188.8
31.729, 29110, 10188.9
31.73, 29110.7, 10189
31.731, 29111.4, 10189.1
31.732, 29112.1, 10189.2
31.733, 29112.8, 10189.3
31.734, 29113.5, 10189.4
31.735, 29114.2, 10189.5
31.736, 29114.9, 10189.6
31.737, 29115.6, 10189.7
31.738, 29116.2, 10189.8
31.739, 29116.9, 10189.9
31.74, 29117.6, 10190
31.741, 29118.3, 10190.1
31.742, 29119, 10190.2
31.743, 29119.7, 10190.2
31.744, 29120.4, 10190.3
31.745, 29121.1, 10190.4
31.746, 29121.8, 10190.5
31.747, 29122.5, 10190.6
31.748, 29123.2, 10190.7
31.749, 29123.9, 10190.8
31.75, 29124.6, 10190.9
31.751, 29125.3, 10191
31.752, 29126, 10191.1
31.753, 29126.7, 10191.2
31.754, 29127.4, 10191.3
31.755, 29128.1, 10191.4
31.756, 29128.8, 10191.5
31.757, 29129.5, 10191.6
31.758, 29130.2, 10191.7
31.759, 29130.9, 10191.7
31.76, 29131.6, 10191.8
31.761, 29132.3, 10191.9
31.762, 29133, 10192
31.763, 29133.7, 10192.1
31.764, 29134.4, 10192.2
31.765, 29135.1, 10192.3
31.766, 29135.8, 10192.4
31.767, 29136.5, 10192.5
31.768, 29137.1, 10192.6
31.769, 29137.8, 10192.7
31.77, 29138.5, 10192.8
31.771, 29139.2, 10192.9
31.772, 29139.9, 10193
31.773, 29140.6, 10193.1
31.774, 29141.3, 10193.2
31.775, 29142, 10193.2
31.776, 29142.7, 10193.3
31.777, 29143.4, 10193.4
31.778, 29144.1, 10193.5
31.779, 29144.8, 10193.6
31.78, 29145.5, 10193.7
31.781, 29146.2, 10193.8
31.782, 29146.9, 10193.9
31.783, 29147.6, 10194
31.784, 29148.3, 10194.1
31.785, 29149, 10194.2
31.786, 29149.7, 10194.3
31.787, 29150.4, 10194.4
31.788, 29151.1, 10194.5
31.789, 29151.8, 10194.6
31.79, 29152.5, 10194.6
31.791, 29153.2, 10194.7
31.792, 29153.9, 10194.8
31.793, 29154.6, 10194.9
31.794, 29155.3, 10195
31.795, 29156, 10195.1
31.796, 29156.7, 10195.2
31.797, 29157.3, 10195.3
31.798, 29158, 10195.4
31.799, 29158.7, 10195.5
31.8, 29159.4, 10195.6
31.801, 29160.1, 10195.7
31.802, 29160.8, 10195.8
31.803, 29161.5, 10195.9
31.804, 29162.2, 10196
31.805, 29162.9, 10196
31.806, 29163.6, 10196.1
31.807, 29164.3, 10196.2
31.808, 29165, 10196.3
31.809, 29165.7, 10196.4
31.81, 29166.4, 10196.5
31.811, 29167.1, 10196.6
31.812, 29167.8, 10196.7
31.813, 29168.5, 10196.8
31.814, 29169.2, 10196.9
31.815, 29169.9, 10197
31.816, 29170.6, 10197.1
31.817, 29171.3, 10197.2
31.818, 29172, 10197.3
31.819, 29172.7, 10197.4
31.82, 29173.4, 10197.4
31.821, 29174.1, 10197.5
31.822, 29174.8, 10197.6
31.823, 29175.5, 10197.7
31.824, 29176.1, 10197.8
31.825, 29176.8, 10197.9
31.826, 29177.5, 10198
31.827, 29178.2, 10198.1
31.828, 29178.9, 10198.2
31.829, 29179.6, 10198.3
31.83, 29180.3, 10198.4
31.831, 29181, 10198.5
31.832, 29181.7, 10198.6
31.833, 29182.4, 10198.7
31.834, 29183.1, 10198.7
31.835, 29183.8, 10198.8
31.836, 29184.5, 10198.9
31.837, 29185.2, 10199
31.838, 29185.9, 10199.1
31.839, 29186.6, 10199.2
31.84, 29187.3, 10199.3
31.841, 29188, 10199.4
31.842, 29188.7, 10199.5
31.843, 29189.4, 10199.6
31.844, 29190.1, 10199.7
31.845, 29190.8, 10199.8
31.846, 29191.5, 10199.9
31.847, 29192.2, 10200
31.848, 29192.9, 10200
31.849, 29193.6, 10200.1
31.85, 29194.2, 10200.2
31.851, 29194.9, 10200.3
31.852, 29195.6, 10200.4
31.853, 29196.3, 10200.5
31.854, 29197, 10200.6
31.855, 29197.7, 10200.7
31.856, 29198.4, 10200.8
31.857, 29199.1, 10200.9
31.858, 29199.8, 10201
31.859, 29200.5, 10201.1
31.86, 29201.2, 10201.2
31.861, 29201.9, 10201.3
31.862, 29202.6, 10201.3
31.863, 29203.3, 10201.4
31.864, 29204, 10201.5
31.865, 29204.7, 10201.6
31.866, 29205.4, 10201.7
31.867, 29206.1, 10201.8
31.868, 29206.8, 10201.9
31.869, 29207.5, 10202
31.87, 29208.2, 10202.1
31.871, 29208.9, 10202.2
31.872, 29209.6, 10202.3
31.873, 29210.3, 10202.4
31.874, 29211, 10202.5
31.875, 29211.6, 10202.5
31.876, 29212.3, 10202.6
31.877, 29213, 10202.7
31.878, 29213.7, 10202.8
31.879, 29214.4, 10202.9
31.88, 29215.1, 10203
31.881, 29215.8, 10203.1
31.882, 29216.5, 10203.2
31.883, 29217.2, 10203.3
31.884, 29217.9, 10203.4
31.885, 29218.6, 10203.5
31.886, 29219.3, 10203.6
31.887, 29220, 10203.7
31.888, 29220.7, 10203.7
31.889, 29221.4, 10203.8
31.89, 29222.1, 10203.9
31.891, 29222.8, 10204
31.892, 29223.5, 10204.1
31.893, 29224.2, 10204.2
31.894, 29224.9, 10204.3
31.895, 29225.6, 10204.4
31.896, 29226.3, 10204.5
31.897, 29227, 10204.6
31.898, 29227.6, 10204.7
31.899, 29228.3, 10204.8
31.9, 29229, 10204.9
31.901, 29229.7, 10204.9
31.902, 29230.4, 10205
31.903, 29231.1, 10205.1
31.904, 29231.8, 10205.2
31.905, 29232.5, 10205.3
31.906, 29233.2, 10205.4
31.907, 29233.9, 10205.5
31.908, 29234.6, 10205.6
31.909, 29235.3, 10205.7
31.91, 29236, 10205.8
31.911, 29236.7, 10205.9
31.912, 29237.4, 10206
31.913, 29238.1, 10206.1
31.914, 29238.8, 10206.1
31.915, 29239.5, 10206.2
31.916, 29240.2, 10206.3
31.917, 29240.9, 10206.4
31.918, 29241.6, 10206.5
31.919, 29242.3, 10206.6
31.92, 29243, 10206.7
31.921, 29243.6, 10206.8
31.922, 29244.3, 10206.9
31.923, 29245, 10207
31.924, 29245.7, 10207.1
31.925, 29246.4, 10207.2
31.926, 29247.1, 10207.2
31.927, 29247.8, 10207.3
31.928, 29248.5, 10207.4
31.929, 29249.2, 10207.5
31.93, 29249.9, 10207.6
31.931, 29250.6, 10207.7
31.932, 29251.3, 10207.8
31.933, 29252, 10207.9
31.934, 29252.7, 10208
31.935, 29253.4, 10208.1
31.936, 29254.1, 10208.2
31.937, 29254.8, 10208.3
31.938, 29255.5, 10208.4
31.939, 29256.2, 10208.4
31.94, 29256.9, 10208.5
31.941, 29257.6, 10208.6
31.942, 29258.3, 10208.7
31.943, 29259, 10208.8
31.944, 29259.6, 10208.9
31.945, 29260.3, 10209
31.946, 29261, 10209.1
31.947, 29261.7, 10209.2
31.948, 29262.4, 10209.3
31.949, 29263.1, 10209.4
31.95, 29263.8, 10209.5
31.951, 29264.5, 10209.5
31.952, 29265.2, 10209.6
31.953, 29265.9, 10209.7
31.954, 29266.6, 10209.8
31.955, 29267.3, 10209.9
31.956, 29268, 10210
31.957, 29268.7, 10210.1
31.958, 29269.4, 10210.2
31.959, 29270.1, 10210.3
31.96, 29270.8, 10210.4
31.961, 29271.5, 10210.5
31.962, 29272.2, 10210.6
31.963, 29272.9, 10210.6
31.964, 29273.6, 10210.7
31.965, 29274.2, 10210.8
31.966, 29274.9, 10210.9
31.967, 29275.6, 10211
31.968, 29276.3, 10211.1
31.969, 29277, 10211.2
31.97, 29277.7, 10211.3
31.971, 29278.4, 10211.4
31.972, 29279.1, 10211.5
31.973, 29279.8, 10211.6
31.974, 29280.5, 10211.6
31.975, 29281.2, 10211.7
31.976, 29281.9, 10211.8
31.977, 29282.6, 10211.9
31.978, 29283.3, 10212
31.979, 29284, 10212.1
31.98, 29284.7, 10212.2
31.981, 29285.4, 10212.3
31.982, 29286.1, 10212.4
31.983, 29286.8, 10212.5
31.984, 29287.5, 10212.6
31.985, 29288.2, 10212.7
31.986, 29288.8, 10212.7
31.987, 29289.5, 10212.8
31.988, 29290.2, 10212.9
31.989, 29290.9, 10213
31.99, 29291.6, 10213.1
31.991, 29292.3, 10213.2
31.992, 29293, 10213.3
31.993, 29293.7, 10213.4
31.994, 29294.4, 10213.5
31.995, 29295.1, 10213.6
31.996, 29295.8, 10213.7
31.997, 29296.5, 10213.7
31.998, 29297.2, 10213.8
31.999, 29297.9, 10213.9
32, 29298.6, 10214
32.001, 29299.3, 10214.1
32.002, 29300, 10214.2
32.003, 29300.7, 10214.3
32.004, 29301.4, 10214.4
32.005, 29302.1, 10214.5
32.006, 29302.7, 10214.6
32.007, 29303.4, 10214.7
32.008, 29304.1, 10214.8
32.009, 29304.8, 10214.8
32.01, 29305.5, 10214.9
32.011, 29306.2, 10215
32.012, 29306.9, 10215.1
32.013, 29307.6, 10215.2
32.014, 29308.3, 10215.3
32.015, 29309, 10215.4
32.016, 29309.7, 10215.5
32.017, 29310.4, 10215.6
32.018, 29311.1, 10215.7
32.019, 29311.8, 10215.8
32.02, 29312.5, 10215.8
32.021, 29313.2, 10215.9
32.022, 29313.9, 10216
32.023, 29314.6, 10216.1
32.024, 29315.3, 10216.2
32.025, 29316, 10216.3
32.026, 29316.6, 10216.4
32.027, 29317.3, 10216.5
32.028, 29318, 10216.6
32.029, 29318.7, 10216.7
32.03, 29319.4, 10216.8
32.031, 29320.1, 10216.8
32.032, 29320.8, 10216.9
32.033, 29321.5, 10217
32.034, 29322.2, 10217.1
32.035, 29322.9, 10217.2
32.036, 29323.6, 10217.3
32.037, 29324.3, 10217.4
32.038, 29325, 10217.5
32.039, 29325.7, 10217.6
32.04, 29326.4, 10217.7
32.041, 29327.1, 10217.8
32.042, 29327.8, 10217.8
32.043, 29328.5, 10217.9
32.044, 29329.2, 10218
32.045, 29329.8, 10218.1
32.046, 29330.5, 10218.2
32.047, 29331.2, 10218.3
32.048, 29331.9, 10218.4
32.049, 29332.6, 10218.5
32.05, 29333.3, 10218.6
32.051, 29334, 10218.7
32.052, 29334.7, 10218.7
32.053, 29335.4, 10218.8
32.054, 29336.1, 10218.9
32.055, 29336.8, 10219
32.056, 29337.5, 10219.1
32.057, 29338.2, 10219.2
32.058, 29338.9, 10219.3
32.059, 29339.6, 10219.4
32.06, 29340.3, 10219.5
32.061, 29341, 10219.6
32.062, 29341.7, 10219.7
32.063, 29342.4, 10219.7
32.064, 29343, 10219.8
32.065, 29343.7, 10219.9
32.066, 29344.4, 10220
32.067, 29345.1, 10220.1
32.068, 29345.8, 10220.2
32.069, 29346.5, 10220.3
32.07, 29347.2, 10220.4
32.071, 29347.9, 10220.5
32.072, 29348.6, 10220.6
32.073, 29349.3, 10220.6
32.074, 29350, 10220.7
32.075, 29350.7, 10220.8
32.076, 29351.4, 10220.9
32.077, 29352.1, 10221
32.078, 29352.8, 10221.1
32.079, 29353.5, 10221.2
32.08, 29354.2, 10221.3
32.081, 29354.9, 10221.4
32.082, 29355.5, 10221.5
32.083, 29356.2, 10221.6
32.084, 29356.9, 10221.6
32.085, 29357.6, 10221.7
32.086, 29358.3, 10221.8
32.087, 29359, 10221.9
32.088, 29359.7, 10222
32.089, 29360.4, 10222.1
32.09, 29361.1, 10222.2
32.091, 29361.8, 10222.3
32.092, 29362.5, 10222.4
32.093, 29363.2, 10222.5
32.094, 29363.9, 10222.5
32.095, 29364.6, 10222.6
32.096, 29365.3, 10222.7
32.097, 29366, 10222.8
32.098, 29366.7, 10222.9
32.099, 29367.4, 10223
32.1, 29368, 10223.1
32.101, 29368.7, 10223.2
32.102, 29369.4, 10223.3
32.103, 29370.1, 10223.4
32.104, 29370.8, 10223.4
32.105, 29371.5, 10223.5
32.106, 29372.2, 10223.6
32.107, 29372.9, 10223.7
32.108, 29373.6, 10223.8
32.109, 29374.3, 10223.9
32.11, 29375, 10224
32.111, 29375.7, 10224.1
32.112, 29376.4, 10224.2
32.113, 29377.1, 10224.3
32.114, 29377.8, 10224.3
32.115, 29378.5, 10224.4
32.116, 29379.2, 10224.5
32.117, 29379.8, 10224.6
32.118, 29380.5, 10224.7
32.119, 29381.2, 10224.8
32.12, 29381.9, 10224.9
32.121, 29382.6, 10225
32.122, 29383.3, 10225.1
32.123, 29384, 10225.2
32.124, 29384.7, 10225.2
32.125, 29385.4, 10225.3
32.126, 29386.1, 10225.4
32.127, 29386.8, 10225.5
32.128, 29387.5, 10225.6
32.129, 29388.2, 10225.7
32.13, 29388.9, 10225.8
32.131, 29389.6, 10225.9
32.132, 29390.3, 10226
32.133, 29391, 10226.1
32.134, 29391.6, 10226.1
32.135, 29392.3, 10226.2
32.136, 29393, 10226.3
32.137, 29393.7, 10226.4
32.138, 29394.4, 10226.5
32.139, 29395.1, 10226.6
32.14, 29395.8, 10226.7
32.141, 29396.5, 10226.8
32.142, 29397.2, 10226.9
32.143, 29397.9, 10226.9
32.144, 29398.6, 10227
32.145, 29399.3, 10227.1
32.146, 29400, 10227.2
32.147, 29400.7, 10227.3
32.148, 29401.4, 10227.4
32.149, 29402.1, 10227.5
32.15, 29402.8, 10227.6
32.151, 29403.4, 10227.7
32.152, 29404.1, 10227.8
32.153, 29404.8, 10227.8
32.154, 29405.5, 10227.9
32.155, 29406.2, 10228
32.156, 29406.9, 10228.1
32.157, 29407.6, 10228.2
32.158, 29408.3, 10228.3
32.159, 29409, 10228.4
32.16, 29409.7, 10228.5
32.161, 29410.4, 10228.6
32.162, 29411.1, 10228.6
32.163, 29411.8, 10228.7
32.164, 29412.5, 10228.8
32.165, 29413.2, 10228.9
32.166, 29413.9, 10229
32.167, 29414.6, 10229.1
32.168, 29415.2, 10229.2
32.169, 29415.9, 10229.3
32.17, 29416.6, 10229.4
32.171, 29417.3, 10229.5
32.172, 29418, 10229.5
32.173, 29418.7, 10229.6
32.174, 29419.4, 10229.7
32.175, 29420.1, 10229.8
32.176, 29420.8, 10229.9
32.177, 29421.5, 10230
32.178, 29422.2, 10230.1
32.179, 29422.9, 10230.2
32.18, 29423.6, 10230.3
32.181, 29424.3, 10230.3
32.182, 29425, 10230.4
32.183, 29425.7, 10230.5
32.184, 29426.3, 10230.6
32.185, 29427, 10230.7
32.186, 29427.7, 10230.8
32.187, 29428.4, 10230.9
32.188, 29429.1, 10231
32.189, 29429.8, 10231.1
32.19, 29430.5, 10231.1
32.191, 29431.2, 10231.2
32.192, 29431.9, 10231.3
32.193, 29432.6, 10231.4
32.194, 29433.3, 10231.5
32.195, 29434, 10231.6
32.196, 29434.7, 10231.7
32.197, 29435.4, 10231.8
32.198, 29436.1, 10231.9
32.199, 29436.8, 10231.9
32.2, 29437.4, 10232
32.201, 29438.1, 10232.1
32.202, 29438.8, 10232.2
32.203, 29439.5, 10232.3
32.204, 29440.2, 10232.4
32.205, 29440.9, 10232.5
32.206, 29441.6, 10232.6
32.207, 29442.3, 10232.7
32.208, 29443, 10232.8
32.209, 29443.7, 10232.8
32.21, 29444.4, 10232.9
32.211, 29445.1, 10233
32.212, 29445.8, 10233.1
32.213, 29446.5, 10233.2
32.214, 29447.2, 10233.3
32.215, 29447.9, 10233.4
32.216, 29448.5, 10233.5
32.217, 29449.2, 10233.6
32.218, 29449.9, 10233.6
32.219, 29450.6, 10233.7
32.22, 29451.3, 10233.8
32.221, 29452, 10233.9
32.222, 29452.7, 10234
32.223, 29453.4, 10234.1
32.224, 29454.1, 10234.2
32.225, 29454.8, 10234.3
32.226, 29455.5, 10234.3
32.227, 29456.2, 10234.4
32.228, 29456.9, 10234.5
32.229, 29457.6, 10234.6
32.23, 29458.3, 10234.7
32.231, 29458.9, 10234.8
32.232, 29459.6, 10234.9
32.233, 29460.3, 10235
32.234, 29461, 10235.1
32.235, 29461.7, 10235.1
32.236, 29462.4, 10235.2
32.237, 29463.1, 10235.3
32.238, 29463.8, 10235.4
32.239, 29464.5, 10235.5
32.24, 29465.2, 10235.6
32.241, 29465.9, 10235.7
32.242, 29466.6, 10235.8
32.243, 29467.3, 10235.9
32.244, 29468, 10235.9
32.245, 29468.7, 10236
32.246, 29469.3, 10236.1
32.247, 29470, 10236.2
32.248, 29470.7, 10236.3
32.249, 29471.4, 10236.4
32.25, 29472.1, 10236.5
32.251, 29472.8, 10236.6
32.252, 29473.5, 10236.7
32.253, 29474.2, 10236.7
32.254, 29474.9, 10236.8
32.255, 29475.6, 10236.9
32.256, 29476.3, 10237
32.257, 29477, 10237.1
32.258, 29477.7, 10237.2
32.259, 29478.4, 10237.3
32.26, 29479.1, 10237.4
32.261, 29479.7, 10237.4
32.262, 29480.4, 10237.5
32.263, 29481.1, 10237.6
32.264, 29481.8, 10237.7
32.265, 29482.5, 10237.8
32.266, 29483.2, 10237.9
32.267, 29483.9, 10238
32.268, 29484.6, 10238.1
32.269, 29485.3, 10238.2
32.27, 29486, 10238.2
32.271, 29486.7, 10238.3
32.272, 29487.4, 10238.4
32.273, 29488.1, 10238.5
32.274, 29488.8, 10238.6
32.275, 29489.5, 10238.7
32.276, 29490.1, 10238.8
32.277, 29490.8, 10238.9
32.278, 29491.5, 10238.9
32.279, 29492.2, 10239
32.28, 29492.9, 10239.1
32.281, 29493.6, 10239.2
32.282, 29494.3, 10239.3
32.283, 29495, 10239.4
32.284, 29495.7, 10239.5
32.285, 29496.4, 10239.6
32.286, 29497.1, 10239.7
32.287, 29497.8, 10239.7
32.288, 29498.5, 10239.8
32.289, 29499.2, 10239.9
32.29, 29499.8, 10240
32.291, 29500.5, 10240.1
32.292, 29501.2, 10240.2
32.293, 29501.9, 10240.3
32.294, 29502.6, 10240.4
32.295, 29503.3, 10240.4
32.296, 29504, 10240.5
32.297, 29504.7, 10240.6
32.298, 29505.4, 10240.7
32.299, 29506.1, 10240.8
32.3, 29506.8, 10240.9
32.301, 29507.5, 10241
32.302, 29508.2, 10241.1
32.303, 29508.9, 10241.1
32.304, 29509.6, 10241.2
32.305, 29510.2, 10241.3
32.306, 29510.9, 10241.4
32.307, 29511.6, 10241.5
32.308, 29512.3, 10241.6
32.309, 29513, 10241.7
32.31, 29513.7, 10241.8
32.311, 29514.4, 10241.9
32.312, 29515.1, 10241.9
32.313, 29515.8, 10242
32.314, 29516.5, 10242.1
32.315, 29517.2, 10242.2
32.316, 29517.9, 10242.3
32.317, 29518.6, 10242.4
32.318, 29519.3, 10242.5
32.319, 29519.9, 10242.6
32.32, 29520.6, 10242.6
32.321, 29521.3, 10242.7
32.322, 29522, 10242.8
32.323, 29522.7, 10242.9
32.324, 29523.4, 10243
32.325, 29524.1, 10243.1
32.326, 29524.8, 10243.2
32.327, 29525.5, 10243.3
32.328, 29526.2, 10243.3
32.329, 29526.9, 10243.4
32.33, 29527.6, 10243.5
32.331, 29528.3, 10243.6
32.332, 29529, 10243.7
32.333, 29529.6, 10243.8
32.334, 29530.3, 10243.9
32.335, 29531, 10244
32.336, 29531.7, 10244
32.337, 29532.4, 10244.1
32.338, 29533.1, 10244.2
32.339, 29533.8, 10244.3
32.34, 29534.5, 10244.4
32.341, 29535.2, 10244.5
32.342, 29535.9, 10244.6
32.343, 29536.6, 10244.7
32.344, 29537.3, 10244.7
32.345, 29538, 10244.8
32.346, 29538.7, 10244.9
32.347, 29539.3, 10245
32.348, 29540, 10245.1
32.349, 29540.7, 10245.2
32.35, 29541.4, 10245.3
32.351, 29542.1, 10245.4
32.352, 29542.8, 10245.4
32.353, 29543.5, 10245.5
32.354, 29544.2, 10245.6
32.355, 29544.9, 10245.7
32.356, 29545.6, 10245.8
32.357, 29546.3, 10245.9
32.358, 29547, 10246
32.359, 29547.7, 10246.1
32.36, 29548.3, 10246.1
32.361, 29549, 10246.2
32.362, 29549.7, 10246.3
32.363, 29550.4, 10246.4
32.364, 29551.1, 10246.5
32.365, 29551.8, 10246.6
32.366, 29552.5, 10246.7
32.367, 29553.2, 10246.8
32.368, 29553.9, 10246.8
32.369, 29554.6, 10246.9
32.37, 29555.3, 10247
32.371, 29556, 10247.1
32.372, 29556.7, 10247.2
32.373, 29557.4, 10247.3
32.374, 29558, 10247.4
32.375, 29558.7, 10247.5
32.376, 29559.4, 10247.5
32.377, 29560.1, 10247.6
32.378, 29560.8, 10247.7
32.379, 29561.5, 10247.8
32.38, 29562.2, 10247.9
32.381, 29562.9, 10248
32.382, 29563.6, 10248.1
32.383, 29564.3, 10248.1
32.384, 29565, 10248.2
32.385, 29565.7, 10248.3
32.386, 29566.4, 10248.4
32.387, 29567, 10248.5
32.388, 29567.7, 10248.6
32.389, 29568.4, 10248.7
32.39, 29569.1, 10248.8
32.391, 29569.8, 10248.8
32.392, 29570.5, 10248.9
32.393, 29571.2, 10249
32.394, 29571.9, 10249.1
32.395, 29572.6, 10249.2
32.396, 29573.3, 10249.3
32.397, 29574, 10249.4
32.398, 29574.7, 10249.5
32.399, 29575.4, 10249.5
32.4, 29576, 10249.6
32.401, 29576.7, 10249.7
32.402, 29577.4, 10249.8
32.403, 29578.1, 10249.9
32.404, 29578.8, 10250
32.405, 29579.5, 10250.1
32.406, 29580.2, 10250.1
32.407, 29580.9, 10250.2
32.408, 29581.6, 10250.3
32.409, 29582.3, 10250.4
32.41, 29583, 10250.5
32.411, 29583.7, 10250.6
32.412, 29584.4, 10250.7
32.413, 29585, 10250.8
32.414, 29585.7, 10250.8
32.415, 29586.4, 10250.9
32.416, 29587.1, 10251
32.417, 29587.8, 10251.1
32.418, 29588.5, 10251.2
32.419, 29589.2, 10251.3
32.42, 29589.9, 10251.4
32.421, 29590.6, 10251.4
32.422, 29591.3, 10251.5
32.423, 29592, 10251.6
32.424, 29592.7, 10251.7
32.425, 29593.4, 10251.8
32.426, 29594, 10251.9
32.427, 29594.7, 10252
32.428, 29595.4, 10252.1
32.429, 29596.1, 10252.1
32.43, 29596.8, 10252.2
32.431, 29597.5, 10252.3
32.432, 29598.2, 10252.4
32.433, 29598.9, 10252.5
32.434, 29599.6, 10252.6
32.435, 29600.3, 10252.7
32.436, 29601, 10252.7
32.437, 29601.7, 10252.8
32.438, 29602.4, 10252.9
32.439, 29603, 10253
32.44, 29603.7, 10253.1
32.441, 29604.4, 10253.2
32.442, 29605.1, 10253.3
32.443, 29605.8, 10253.4
32.444, 29606.5, 10253.4
32.445, 29607.2, 10253.5
32.446, 29607.9, 10253.6
32.447, 29608.6, 10253.7
32.448, 29609.3, 10253.8
32.449, 29610, 10253.9
32.45, 29610.7, 10254
32.451, 29611.3, 10254
32.452, 29612, 10254.1
32.453, 29612.7, 10254.2
32.454, 29613.4, 10254.3
32.455, 29614.1, 10254.4
32.456, 29614.8, 10254.5
32.457, 29615.5, 10254.6
32.458, 29616.2, 10254.6
32.459, 29616.9, 10254.7
32.46, 29617.6, 10254.8
32.461, 29618.3, 10254.9
32.462, 29619, 10255
32.463, 29619.7, 10255.1
32.464, 29620.3, 10255.2
32.465, 29621, 10255.3
32.466, 29621.7, 10255.3
32.467, 29622.4, 10255.4
32.468, 29623.1, 10255.5
32.469, 29623.8, 10255.6
32.47, 29624.5, 10255.7
32.471, 29625.2, 10255.8
32.472, 29625.9, 10255.9
32.473, 29626.6, 10255.9
32.474, 29627.3, 10256
32.475, 29628, 10256.1
32.476, 29628.6, 10256.2
32.477, 29629.3, 10256.3
32.478, 29630, 10256.4
32.479, 29630.7, 10256.5
32.48, 29631.4, 10256.5
32.481, 29632.1, 10256.6
32.482, 29632.8, 10256.7
32.483, 29633.5, 10256.8
32.484, 29634.2, 10256.9
32.485, 29634.9, 10257
32.486, 29635.6, 10257.1
32.487, 29636.3, 10257.1
32.488, 29636.9, 10257.2
32.489, 29637.6, 10257.3
32.49, 29638.3, 10257.4
32.491, 29639, 10257.5
32.492, 29639.7, 10257.6
32.493, 29640.4, 10257.7
32.494, 29641.1, 10257.7
32.495, 29641.8, 10257.8
32.496, 29642.5, 10257.9
32.497, 29643.2, 10258
32.498, 29643.9, 10258.1
32.499, 29644.6, 10258.2
32.5, 29645.2, 10258.3
32.501, 29645.9, 10258.3
32.502, 29646.6, 10258.4
32.503, 29647.3, 10258.5
32.504, 29648, 10258.6
32.505, 29648.7, 10258.7
32.506, 29649.4, 10258.8
32.507, 29650.1, 10258.9
32.508, 29650.8, 10258.9
32.509, 29651.5, 10259
32.51, 29652.2, 10259.1
32.511, 29652.9, 10259.2
32.512, 29653.5, 10259.3
32.513, 29654.2, 10259.4
32.514, 29654.9, 10259.5
32.515, 29655.6, 10259.5
32.516, 29656.3, 10259.6
32.517, 29657, 10259.7
32.518, 29657.7, 10259.8
32.519, 29658.4, 10259.9
32.52, 29659.1, 10260
32.521, 29659.8, 10260.1
32.522, 29660.5, 10260.1
32.523, 29661.2, 10260.2
32.524, 29661.8, 10260.3
32.525, 29662.5, 10260.4
32.526, 29663.2, 10260.5
32.527, 29663.9, 10260.6
32.528, 29664.6, 10260.7
32.529, 29665.3, 10260.7
32.53, 29666, 10260.8
32.531, 29666.7, 10260.9
32.532, 29667.4, 10261
32.533, 29668.1, 10261.1
32.534, 29668.8, 10261.2
32.535, 29669.5, 10261.3
32.536, 29670.1, 10261.3
32.537, 29670.8, 10261.4
32.538, 29671.5, 10261.5
32.539, 29672.2, 10261.6
32.54, 29672.9, 10261.7
32.541, 29673.6, 10261.8
32.542, 29674.3, 10261.9
32.543, 29675, 10261.9
32.544, 29675.7, 10262
32.545, 29676.4, 10262.1
32.546, 29677.1, 10262.2
32.547, 29677.7, 10262.3
32.548, 29678.4, 10262.4
32.549, 29679.1, 10262.5
32.55, 29679.8, 10262.5
32.551, 29680.5, 10262.6
32.552, 29681.2, 10262.7
32.553, 29681.9, 10262.8
32.554, 29682.6, 10262.9
32.555, 29683.3, 10263
32.556, 29684, 10263.1
32.557, 29684.7, 10263.1
32.558, 29685.4, 10263.2
32.559, 29686, 10263.3
32.56, 29686.7, 10263.4
32.561, 29687.4, 10263.5
32.562, 29688.1, 10263.6
32.563, 29688.8, 10263.6
32.564, 29689.5, 10263.7
32.565, 29690.2, 10263.8
32.566, 29690.9, 10263.9
32.567, 29691.6, 10264
32.568, 29692.3, 10264.1
32.569, 29693, 10264.2
32.57, 29693.6, 10264.2
32.571, 29694.3, 10264.3
32.572, 29695, 10264.4
32.573, 29695.7, 10264.5
32.574, 29696.4, 10264.6
32.575, 29697.1, 10264.7
32.576, 29697.8, 10264.8
32.577, 29698.5, 10264.8
32.578, 29699.2, 10264.9
32.579, 29699.9, 10265
32.58, 29700.6, 10265.1
32.581, 29701.2, 10265.2
32.582, 29701.9, 10265.3
32.583, 29702.6, 10265.3
32.584, 29703.3, 10265.4
32.585, 29704, 10265.5
32.586, 29704.7, 10265.6
32.587, 29705.4, 10265.7
32.588, 29706.1, 10265.8
32.589, 29706.8, 10265.9
32.59, 29707.5, 10265.9
32.591, 29708.2, 10266
32.592, 29708.9, 10266.1
32.593, 29709.5, 10266.2
32.594, 29710.2, 10266.3
32.595, 29710.9, 10266.4
32.596, 29711.6, 10266.5
32.597, 29712.3, 10266.5
32.598, 29713, 10266.6
32.599, 29713.7, 10266.7
32.6, 29714.4, 10266.8
32.601, 29715.1, 10266.9
32.602, 29715.8, 10267
32.603, 29716.5, 10267
32.604, 29717.1, 10267.1
32.605, 29717.8, 10267.2
32.606, 29718.5, 10267.3
32.607, 29719.2, 10267.4
32.608, 29719.9, 10267.5
32.609, 29720.6, 10267.6
32.61, 29721.3, 10267.6
32.611, 29722, 10267.7
32.612, 29722.7, 10267.8
32.613, 29723.4, 10267.9
32.614, 29724.1, 10268
32.615, 29724.7, 10268.1
32.616, 29725.4, 10268.1
32.617, 29726.1, 10268.2
32.618, 29726.8, 10268.3
32.619, 29727.5, 10268.4
32.62, 29728.2, 10268.5
32.621, 29728.9, 10268.6
32.622, 29729.6, 10268.7
32.623, 29730.3, 10268.7
32.624, 29731, 10268.8
32.625, 29731.7, 10268.9
32.626, 29732.3, 10269
32.627, 29733, 10269.1
32.628, 29733.7, 10269.2
32.629, 29734.4, 10269.2
32.63, 29735.1, 10269.3
32.631, 29735.8, 10269.4
32.632, 29736.5, 10269.5
32.633, 29737.2, 10269.6
32.634, 29737.9, 10269.7
32.635, 29738.6, 10269.7
32.636, 29739.3, 10269.8
32.637, 29739.9, 10269.9
32.638, 29740.6, 10270
32.639, 29741.3, 10270.1
32.64, 29742, 10270.2
32.641, 29742.7, 10270.3
32.642, 29743.4, 10270.3
32.643, 29744.1, 10270.4
32.644, 29744.8, 10270.5
32.645, 29745.5, 10270.6
32.646, 29746.2, 10270.7
32.647, 29746.8, 10270.8
32.648, 29747.5, 10270.8
32.649, 29748.2, 10270.9
32.65, 29748.9, 10271
32.651, 29749.6, 10271.1
32.652, 29750.3, 10271.2
32.653, 29751, 10271.3
32.654, 29751.7, 10271.4
32.655, 29752.4, 10271.4
32.656, 29753.1, 10271.5
32.657, 29753.8, 10271.6
32.658, 29754.4, 10271.7
32.659, 29755.1, 10271.8
32.66, 29755.8, 10271.9
32.661, 29756.5, 10271.9
32.662, 29757.2, 10272
32.663, 29757.9, 10272.1
32.664, 29758.6, 10272.2
32.665, 29759.3, 10272.3
32.666, 29760, 10272.4
32.667, 29760.7, 10272.4
32.668, 29761.4, 10272.5
32.669, 29762, 10272.6
32.67, 29762.7, 10272.7
32.671, 29763.4, 10272.8
32.672, 29764.1, 10272.9
32.673, 29764.8, 10272.9
32.674, 29765.5, 10273
32.675, 29766.2, 10273.1
32.676, 29766.9, 10273.2
32.677, 29767.6, 10273.3
32.678, 29768.3, 10273.4
32.679, 29768.9, 10273.5
32.68, 29769.6, 10273.5
32.681, 29770.3, 10273.6
32.682, 29771, 10273.7
32.683, 29771.7, 10273.8
32.684, 29772.4, 10273.9
32.685, 29773.1, 10274
32.686, 29773.8, 10274
32.687, 29774.5, 10274.1
32.688, 29775.2, 10274.2
32.689, 29775.9, 10274.3
32.69, 29776.5, 10274.4
32.691, 29777.2, 10274.5
32.692, 29777.9, 10274.5
32.693, 29778.6, 10274.6
32.694, 29779.3, 10274.7
32.695, 29780, 10274.8
32.696, 29780.7, 10274.9
32.697, 29781.4, 10275
32.698, 29782.1, 10275
32.699, 29782.8, 10275.1
32.7, 29783.4, 10275.2
32.701, 29784.1, 10275.3
32.702, 29784.8, 10275.4
32.703, 29785.5, 10275.5
32.704, 29786.2, 10275.5
32.705, 29786.9, 10275.6
32.706, 29787.6, 10275.7
32.707, 29788.3, 10275.8
32.708, 29789, 10275.9
32.709, 29789.7, 10276
32.71, 29790.3, 10276
32.711, 29791, 10276.1
32.712, 29791.7, 10276.2
32.713, 29792.4, 10276.3
32.714, 29793.1, 10276.4
32.715, 29793.8, 10276.5
32.716, 29794.5, 10276.5
32.717, 29795.2, 10276.6
32.718, 29795.9, 10276.7
32.719, 29796.6, 10276.8
32.72, 29797.3, 10276.9
32.721, 29797.9, 10277
32.722, 29798.6, 10277.1
32.723, 29799.3, 10277.1
32.724, 29800, 10277.2
32.725, 29800.7, 10277.3
32.726, 29801.4, 10277.4
32.727, 29802.1, 10277.5
32.728, 29802.8, 10277.6
32.729, 29803.5, 10277.6
32.73, 29804.2, 10277.7
32.731, 29804.8, 10277.8
32.732, 29805.5, 10277.9
32.733, 29806.2, 10278
32.734, 29806.9, 10278.1
32.735, 29807.6, 10278.1
32.736, 29808.3, 10278.2
32.737, 29809, 10278.3
32.738, 29809.7, 10278.4
32.739, 29810.4, 10278.5
32.74, 29811.1, 10278.6
32.741, 29811.7, 10278.6
32.742, 29812.4, 10278.7
32.743, 29813.1, 10278.8
32.744, 29813.8, 10278.9
32.745, 29814.5, 10279
32.746, 29815.2, 10279.1
32.747, 29815.9, 10279.1
32.748, 29816.6, 10279.2
32.749, 29817.3, 10279.3
32.75, 29818, 10279.4
32.751, 29818.6, 10279.5
32.752, 29819.3, 10279.5
32.753, 29820, 10279.6
32.754, 29820.7, 10279.7
32.755, 29821.4, 10279.8
32.756, 29822.1, 10279.9
32.757, 29822.8, 10280
32.758, 29823.5, 10280
32.759, 29824.2, 10280.1
32.76, 29824.9, 10280.2
32.761, 29825.5, 10280.3
32.762, 29826.2, 10280.4
32.763, 29826.9, 10280.5
32.764, 29827.6, 10280.5
32.765, 29828.3, 10280.6
32.766, 29829, 10280.7
32.767, 29829.7, 10280.8
32.768, 29830.4, 10280.9
32.769, 29831.1, 10281
32.77, 29831.8, 10281
32.771, 29832.4, 10281.1
32.772, 29833.1, 10281.2
32.773, 29833.8, 10281.3
32.774, 29834.5, 10281.4
32.775, 29835.2, 10281.5
32.776, 29835.9, 10281.5
32.777, 29836.6, 10281.6
32.778, 29837.3, 10281.7
32.779, 29838, 10281.8
32.78, 29838.7, 10281.9
32.781, 29839.3, 10282
32.782, 29840, 10282
32.783, 29840.7, 10282.1
32.784, 29841.4, 10282.2
32.785, 29842.1, 10282.3
32.786, 29842.8, 10282.4
32.787, 29843.5, 10282.5
32.788, 29844.2, 10282.5
32.789, 29844.9, 10282.6
32.79, 29845.6, 10282.7
32.791, 29846.2, 10282.8
32.792, 29846.9, 10282.9
32.793, 29847.6, 10282.9
32.794, 29848.3, 10283
32.795, 29849, 10283.1
32.796, 29849.7, 10283.2
32.797, 29850.4, 10283.3
32.798, 29851.1, 10283.4
32.799, 29851.8, 10283.4
32.8, 29852.4, 10283.5
32.801, 29853.1, 10283.6
32.802, 29853.8, 10283.7
32.803, 29854.5, 10283.8
32.804, 29855.2, 10283.9
32.805, 29855.9, 10283.9
32.806, 29856.6, 10284
32.807, 29857.3, 10284.1
32.808, 29858, 10284.2
32.809, 29858.7, 10284.3
32.81, 29859.3, 10284.4
32.811, 29860, 10284.4
32.812, 29860.7, 10284.5
32.813, 29861.4, 10284.6
32.814, 29862.1, 10284.7
32.815, 29862.8, 10284.8
32.816, 29863.5, 10284.8
32.817, 29864.2, 10284.9
32.818, 29864.9, 10285
32.819, 29865.5, 10285.1
32.82, 29866.2, 10285.2
32.821, 29866.9, 10285.3
32.822, 29867.6, 10285.3
32.823, 29868.3, 10285.4
32.824, 29869, 10285.5
32.825, 29869.7, 10285.6
32.826, 29870.4, 10285.7
32.827, 29871.1, 10285.8
32.828, 29871.8, 10285.8
32.829, 29872.4, 10285.9
32.83, 29873.1, 10286
32.831, 29873.8, 10286.1
32.832, 29874.5, 10286.2
32.833, 29875.2, 10286.2
32.834, 29875.9, 10286.3
32.835, 29876.6, 10286.4
32.836, 29877.3, 10286.5
32.837, 29878, 10286.6
32.838, 29878.7, 10286.7
32.839, 29879.3, 10286.7
32.84, 29880, 10286.8
32.841, 29880.7, 10286.9
32.842, 29881.4, 10287
32.843, 29882.1, 10287.1
32.844, 29882.8, 10287.2
32.845, 29883.5, 10287.2
32.846, 29884.2, 10287.3
32.847, 29884.9, 10287.4
32.848, 29885.5, 10287.5
32.849, 29886.2, 10287.6
32.85, 29886.9, 10287.6
32.851, 29887.6, 10287.7
32.852, 29888.3, 10287.8
32.853, 29889, 10287.9
32.854, 29889.7, 10288
32.855, 29890.4, 10288.1
32.856, 29891.1, 10288.1
32.857, 29891.7, 10288.2
32.858, 29892.4, 10288.3
32.859, 29893.1, 10288.4
32.86, 29893.8, 10288.5
32.861, 29894.5, 10288.5
32.862, 29895.2, 10288.6
32.863, 29895.9, 10288.7
32.864, 29896.6, 10288.8
32.865, 29897.3, 10288.9
32.866, 29898, 10289
32.867, 29898.6, 10289
32.868, 29899.3, 10289.1
32.869, 29900, 10289.2
32.87, 29900.7, 10289.3
32.871, 29901.4, 10289.4
32.872, 29902.1, 10289.4
32.873, 29902.8, 10289.5
32.874, 29903.5, 10289.6
32.875, 29904.2, 10289.7
32.876, 29904.8, 10289.8
32.877, 29905.5, 10289.9
32.878, 29906.2, 10289.9
32.879, 29906.9, 10290
32.88, 29907.6, 10290.1
32.881, 29908.3, 10290.2
32.882, 29909, 10290.3
32.883, 29909.7, 10290.3
32.884, 29910.4, 10290.4
32.885, 29911, 10290.5
32.886, 29911.7, 10290.6
32.887, 29912.4, 10290.7
32.888, 29913.1, 10290.8
32.889, 29913.8, 10290.8
32.89, 29914.5, 10290.9
32.891, 29915.2, 10291
32.892, 29915.9, 10291.1
32.893, 29916.6, 10291.2
32.894, 29917.2, 10291.2
32.895, 29917.9, 10291.3
32.896, 29918.6, 10291.4
32.897, 29919.3, 10291.5
32.898, 29920, 10291.6
32.899, 29920.7, 10291.7
32.9, 29921.4, 10291.7
32.901, 29922.1, 10291.8
32.902, 29922.8, 10291.9
32.903, 29923.4, 10292
32.904, 29924.1, 10292.1
32.905, 29924.8, 10292.1
32.906, 29925.5, 10292.2
32.907, 29926.2, 10292.3
32.908, 29926.9, 10292.4
32.909, 29927.6, 10292.5
32.91, 29928.3, 10292.6
32.911, 29929, 10292.6
32.912, 29929.6, 10292.7
32.913, 29930.3, 10292.8
32.914, 29931, 10292.9
32.915, 29931.7, 10293
32.916, 29932.4, 10293
32.917, 29933.1, 10293.1
32.918, 29933.8, 10293.2
32.919, 29934.5, 10293.3
32.92, 29935.2, 10293.4
32.921, 29935.8, 10293.4
32.922, 29936.5, 10293.5
32.923, 29937.2, 10293.6
32.924, 29937.9, 10293.7
32.925, 29938.6, 10293.8
32.926, 29939.3, 10293.9
32.927, 29940, 10293.9
32.928, 29940.7, 10294
32.929, 29941.4, 10294.1
32.93, 29942, 10294.2
32.931, 29942.7, 10294.3
32.932, 29943.4, 10294.3
32.933, 29944.1, 10294.4
32.934, 29944.8, 10294.5
32.935, 29945.5, 10294.6
32.936, 29946.2, 10294.7
32.937, 29946.9, 10294.7
32.938, 29947.6, 10294.8
32.939, 29948.2, 10294.9
32.94, 29948.9, 10295
32.941, 29949.6, 10295.1
32.942, 29950.3, 10295.2
32.943, 29951, 10295.2
32.944, 29951.7, 10295.3
32.945, 29952.4, 10295.4
32.946, 29953.1, 10295.5
32.947, 29953.8, 10295.6
32.948, 29954.4, 10295.6
32.949, 29955.1, 10295.7
32.95, 29955.8, 10295.8
32.951, 29956.5, 10295.9
32.952, 29957.2, 10296
32.953, 29957.9, 10296
32.954, 29958.6, 10296.1
32.955, 29959.3, 10296.2
32.956, 29960, 10296.3
32.957, 29960.6, 10296.4
32.958, 29961.3, 10296.5
32.959, 29962, 10296.5
32.96, 29962.7, 10296.6
32.961, 29963.4, 10296.7
32.962, 29964.1, 10296.8
32.963, 29964.8, 10296.9
32.964, 29965.5, 10296.9
32.965, 29966.2, 10297
32.966, 29966.8, 10297.1
32.967, 29967.5, 10297.2
32.968, 29968.2, 10297.3
32.969, 29968.9, 10297.3
32.97, 29969.6, 10297.4
32.971, 29970.3, 10297.5
32.972, 29971, 10297.6
32.973, 29971.7, 10297.7
32.974, 29972.4, 10297.7
32.975, 29973, 10297.8
32.976, 29973.7, 10297.9
32.977, 29974.4, 10298
32.978, 29975.1, 10298.1
32.979, 29975.8, 10298.1
32.98, 29976.5, 10298.2
32.981, 29977.2, 10298.3
32.982, 29977.9, 10298.4
32.983, 29978.5, 10298.5
32.984, 29979.2, 10298.6
32.985, 29979.9, 10298.6
32.986, 29980.6, 10298.7
32.987, 29981.3, 10298.8
32.988, 29982, 10298.9
32.989, 29982.7, 10299
32.99, 29983.4, 10299
32.991, 29984.1, 10299.1
32.992, 29984.7, 10299.2
32.993, 29985.4, 10299.3
32.994, 29986.1, 10299.4
32.995, 29986.8, 10299.4
32.996, 29987.5, 10299.5
32.997, 29988.2, 10299.6
32.998, 29988.9, 10299.7
32.999, 29989.6, 10299.8
33, 29990.3, 10299.8
33.001, 29990.9, 10299.9
33.002, 29991.6, 10300
33.003, 29992.3, 10300.1
33.004, 29993, 10300.2
33.005, 29993.7, 10300.2
33.006, 29994.4, 10300.3
33.007, 29995.1, 10300.4
33.008, 29995.8, 10300.5
33.009, 29996.4, 10300.6
33.01, 29997.1, 10300.6
33.011, 29997.8, 10300.7
33.012, 29998.5, 10300.8
33.013, 29999.2, 10300.9
33.014, 29999.9, 10301
33.015, 30000.6, 10301
33.016, 30001.3, 10301.1
33.017, 30002, 10301.2
33.018, 30002.6, 10301.3
33.019, 30003.3, 10301.4
33.02, 30004, 10301.5
33.021, 30004.7, 10301.5
33.022, 30005.4, 10301.6
33.023, 30006.1, 10301.7
33.024, 30006.8, 10301.8
33.025, 30007.5, 10301.9
33.026, 30008.1, 10301.9
33.027, 30008.8, 10302
33.028, 30009.5, 10302.1
33.029, 30010.2, 10302.2
33.03, 30010.9, 10302.3
33.031, 30011.6, 10302.3
33.032, 30012.3, 10302.4
33.033, 30013, 10302.5
33.034, 30013.7, 10302.6
33.035, 30014.3, 10302.7
33.036, 30015, 10302.7
33.037, 30015.7, 10302.8
33.038, 30016.4, 10302.9
33.039, 30017.1, 10303
33.04, 30017.8, 10303.1
33.041, 30018.5, 10303.1
33.042, 30019.2, 10303.2
33.043, 30019.8, 10303.3
33.044, 30020.5, 10303.4
33.045, 30021.2, 10303.5
33.046, 30021.9, 10303.5
33.047, 30022.6, 10303.6
33.048, 30023.3, 10303.7
33.049, 30024, 10303.8
33.05, 30024.7, 10303.9
33.051, 30025.3, 10303.9
33.052, 30026, 10304
33.053, 30026.7, 10304.1
33.054, 30027.4, 10304.2
33.055, 30028.1, 10304.3
33.056, 30028.8, 10304.3
33.057, 30029.5, 10304.4
33.058, 30030.2, 10304.5
33.059, 30030.9, 10304.6
33.06, 30031.5, 10304.7
33.061, 30032.2, 10304.7
33.062, 30032.9, 10304.8
33.063, 30033.6, 10304.9
33.064, 30034.3, 10305
33.065, 30035, 10305.1
33.066, 30035.7, 10305.1
33.067, 30036.4, 10305.2
33.068, 30037, 10305.3
33.069, 30037.7, 10305.4
33.07, 30038.4, 10305.5
33.071, 30039.1, 10305.5
33.072, 30039.8, 10305.6
33.073, 30040.5, 10305.7
33.074, 30041.2, 10305.8
33.075, 30041.9, 10305.9
33.076, 30042.5, 10305.9
33.077, 30043.2, 10306
33.078, 30043.9, 10306.1
33.079, 30044.6, 10306.2
33.08, 30045.3, 10306.2
33.081, 30046, 10306.3
33.082, 30046.7, 10306.4
33.083, 30047.4, 10306.5
33.084, 30048, 10306.6
33.085, 30048.7, 10306.6
33.086, 30049.4, 10306.7
33.087, 30050.1, 10306.8
33.088, 30050.8, 10306.9
33.089, 30051.5, 10307
33.09, 30052.2, 10307
33.091, 30052.9, 10307.1
33.092, 30053.6, 10307.2
33.093, 30054.2, 10307.3
33.094, 30054.9, 10307.4
33.095, 30055.6, 10307.4
33.096, 30056.3, 10307.5
33.097, 30057, 10307.6
33.098, 30057.7, 10307.7
33.099, 30058.4, 10307.8
33.1, 30059.1, 10307.8
33.101, 30059.7, 10307.9
33.102, 30060.4, 10308
33.103, 30061.1, 10308.1
33.104, 30061.8, 10308.2
33.105, 30062.5, 10308.2
33.106, 30063.2, 10308.3
33.107, 30063.9, 10308.4
33.108, 30064.6, 10308.5
33.109, 30065.2, 10308.6
33.11, 30065.9, 10308.6
33.111, 30066.6, 10308.7
33.112, 30067.3, 10308.8
33.113, 30068, 10308.9
33.114, 30068.7, 10309
33.115, 30069.4, 10309
33.116, 30070.1, 10309.1
33.117, 30070.7, 10309.2
33.118, 30071.4, 10309.3
33.119, 30072.1, 10309.3
33.12, 30072.8, 10309.4
33.121, 30073.5, 10309.5
33.122, 30074.2, 10309.6
33.123, 30074.9, 10309.7
33.124, 30075.6, 10309.7
33.125, 30076.2, 10309.8
33.126, 30076.9, 10309.9
33.127, 30077.6, 10310
33.128, 30078.3, 10310.1
33.129, 30079, 10310.1
33.13, 30079.7, 10310.2
33.131, 30080.4, 10310.3
33.132, 30081.1, 10310.4
33.133, 30081.7, 10310.5
33.134, 30082.4, 10310.5
33.135, 30083.1, 10310.6
33.136, 30083.8, 10310.7
33.137, 30084.5, 10310.8
33.138, 30085.2, 10310.9
33.139, 30085.9, 10310.9
33.14, 30086.6, 10311
33.141, 30087.2, 10311.1
33.142, 30087.9, 10311.2
33.143, 30088.6, 10311.2
33.144, 30089.3, 10311.3
33.145, 30090, 10311.4
33.146, 30090.7, 10311.5
33.147, 30091.4, 10311.6
33.148, 30092.1, 10311.6
33.149, 30092.7, 10311.7
33.15, 30093.4, 10311.8
33.151, 30094.1, 10311.9
33.152, 30094.8, 10312
33.153, 30095.5, 10312
33.154, 30096.2, 10312.1
33.155, 30096.9, 10312.2
33.156, 30097.6, 10312.3
33.157, 30098.2, 10312.4
33.158, 30098.9, 10312.4
33.159, 30099.6, 10312.5
33.16, 30100.3, 10312.6
33.161, 30101, 10312.7
33.162, 30101.7, 10312.7
33.163, 30102.4, 10312.8
33.164, 30103.1, 10312.9
33.165, 30103.7, 10313
33.166, 30104.4, 10313.1
33.167, 30105.1, 10313.1
33.168, 30105.8, 10313.2
33.169, 30106.5, 10313.3
33.17, 30107.2, 10313.4
33.171, 30107.9, 10313.5
33.172, 30108.6, 10313.5
33.173, 30109.2, 10313.6
33.174, 30109.9, 10313.7
33.175, 30110.6, 10313.8
33.176, 30111.3, 10313.8
33.177, 30112, 10313.9
33.178, 30112.7, 10314
33.179, 30113.4, 10314.1
33.18, 30114, 10314.2
33.181, 30114.7, 10314.2
33.182, 30115.4, 10314.3
33.183, 30116.1, 10314.4
33.184, 30116.8, 10314.5
33.185, 30117.5, 10314.6
33.186, 30118.2, 10314.6
33.187, 30118.9, 10314.7
33.188, 30119.5, 10314.8
33.189, 30120.2, 10314.9
33.19, 30120.9, 10314.9
33.191, 30121.6, 10315
33.192, 30122.3, 10315.1
33.193, 30123, 10315.2
33.194, 30123.7, 10315.3
33.195, 30124.4, 10315.3
33.196, 30125, 10315.4
33.197, 30125.7, 10315.5
33.198, 30126.4, 10315.6
33.199, 30127.1, 10315.7
33.2, 30127.8, 10315.7
33.201, 30128.5, 10315.8
33.202, 30129.2, 10315.9
33.203, 30129.9, 10316
33.204, 30130.5, 10316
33.205, 30131.2, 10316.1
33.206, 30131.9, 10316.2
33.207, 30132.6, 10316.3
33.208, 30133.3, 10316.4
33.209, 30134, 10316.4
33.21, 30134.7, 10316.5
33.211, 30135.3, 10316.6
33.212, 30136, 10316.7
33.213, 30136.7, 10316.8
33.214, 30137.4, 10316.8
33.215, 30138.1, 10316.9
33.216, 30138.8, 10317
33.217, 30139.5, 10317.1
33.218, 30140.2, 10317.1
33.219, 30140.8, 10317.2
33.22, 30141.5, 10317.3
33.221, 30142.2, 10317.4
33.222, 30142.9, 10317.5
33.223, 30143.6, 10317.5
33.224, 30144.3, 10317.6
33.225, 30145, 10317.7
33.226, 30145.7, 10317.8
33.227, 30146.3, 10317.8
33.228, 30147, 10317.9
33.229, 30147.7, 10318
33.23, 30148.4, 10318.1
33.231, 30149.1, 10318.2
33.232, 30149.8, 10318.2
33.233, 30150.5, 10318.3
33.234, 30151.1, 10318.4
33.235, 30151.8, 10318.5
33.236, 30152.5, 10318.5
33.237, 30153.2, 10318.6
33.238, 30153.9, 10318.7
33.239, 30154.6, 10318.8
33.24, 30155.3, 10318.9
33.241, 30156, 10318.9
33.242, 30156.6, 10319
33.243, 30157.3, 10319.1
33.244, 30158, 10319.2
33.245, 30158.7, 10319.3
33.246, 30159.4, 10319.3
33.247, 30160.1, 10319.4
33.248, 30160.8, 10319.5
33.249, 30161.4, 10319.6
33.25, 30162.1, 10319.6
33.251, 30162.8, 10319.7
33.252, 30163.5, 10319.8
33.253, 30164.2, 10319.9
33.254, 30164.9, 10320
33.255, 30165.6, 10320
33.256, 30166.3, 10320.1
33.257, 30166.9, 10320.2
33.258, 30167.6, 10320.3
33.259, 30168.3, 10320.3
33.26, 30169, 10320.4
33.261, 30169.7, 10320.5
33.262, 30170.4, 10320.6
33.263, 30171.1, 10320.7
33.264, 30171.7, 10320.7
33.265, 30172.4, 10320.8
33.266, 30173.1, 10320.9
33.267, 30173.8, 10321
33.268, 30174.5, 10321
33.269, 30175.2, 10321.1
33.27, 30175.9, 10321.2
33.271, 30176.6, 10321.3
33.272, 30177.2, 10321.4
33.273, 30177.9, 10321.4
33.274, 30178.6, 10321.5
33.275, 30179.3, 10321.6
33.276, 30180, 10321.7
33.277, 30180.7, 10321.7
33.278, 30181.4, 10321.8
33.279, 30182, 10321.9
33.28, 30182.7, 10322
33.281, 30183.4, 10322
33.282, 30184.1, 10322.1
33.283, 30184.8, 10322.2
33.284, 30185.5, 10322.3
33.285, 30186.2, 10322.4
33.286, 30186.9, 10322.4
33.287, 30187.5, 10322.5
33.288, 30188.2, 10322.6
33.289, 30188.9, 10322.7
33.29, 30189.6, 10322.7
33.291, 30190.3, 10322.8
33.292, 30191, 10322.9
33.293, 30191.7, 10323
33.294, 30192.3, 10323.1
33.295, 30193, 10323.1
33.296, 30193.7, 10323.2
33.297, 30194.4, 10323.3
33.298, 30195.1, 10323.4
33.299, 30195.8, 10323.4
33.3, 30196.5, 10323.5
33.301, 30197.2, 10323.6
33.302, 30197.8, 10323.7
33.303, 30198.5, 10323.8
33.304, 30199.2, 10323.8
33.305, 30199.9, 10323.9
33.306, 30200.6, 10324
33.307, 30201.3, 10324.1
33.308, 30202, 10324.1
33.309, 30202.6, 10324.2
33.31, 30203.3, 10324.3
33.311, 30204, 10324.4
33.312, 30204.7, 10324.4
33.313, 30205.4, 10324.5
33.314, 30206.1, 10324.6
33.315, 30206.8, 10324.7
33.316, 30207.4, 10324.8
33.317, 30208.1, 10324.8
33.318, 30208.8, 10324.9
33.319, 30209.5, 10325
33.32, 30210.2, 10325.1
33.321, 30210.9, 10325.1
33.322, 30211.6, 10325.2
33.323, 30212.3, 10325.3
33.324, 30212.9, 10325.4
33.325, 30213.6, 10325.5
33.326, 30214.3, 10325.5
33.327, 30215, 10325.6
33.328, 30215.7, 10325.7
33.329, 30216.4, 10325.8
33.33, 30217.1, 10325.8
33.331, 30217.7, 10325.9
33.332, 30218.4, 10326
33.333, 30219.1, 10326.1
33.334, 30219.8, 10326.1
33.335, 30220.5, 10326.2
33.336, 30221.2, 10326.3
33.337, 30221.9, 10326.4
33.338, 30222.5, 10326.5
33.339, 30223.2, 10326.5
33.34, 30223.9, 10326.6
33.341, 30224.6, 10326.7
33.342, 30225.3, 10326.8
33.343, 30226, 10326.8
33.344, 30226.7, 10326.9
33.345, 30227.3, 10327
33.346, 30228, 10327.1
33.347, 30228.7, 10327.1
33.348, 30229.4, 10327.2
33.349, 30230.1, 10327.3
33.35, 30230.8, 10327.4
33.351, 30231.5, 10327.5
33.352, 30232.1, 10327.5
33.353, 30232.8, 10327.6
33.354, 30233.5, 10327.7
33.355, 30234.2, 10327.8
33.356, 30234.9, 10327.8
33.357, 30235.6, 10327.9
33.358, 30236.3, 10328
33.359, 30237, 10328.1
33.36, 30237.6, 10328.1
33.361, 30238.3, 10328.2
33.362, 30239, 10328.3
33.363, 30239.7, 10328.4
33.364, 30240.4, 10328.4
33.365, 30241.1, 10328.5
33.366, 30241.8, 10328.6
33.367, 30242.4, 10328.7
33.368, 30243.1, 10328.8
33.369, 30243.8, 10328.8
33.37, 30244.5, 10328.9
33.371, 30245.2, 10329
33.372, 30245.9, 10329.1
33.373, 30246.6, 10329.1
33.374, 30247.2, 10329.2
33.375, 30247.9, 10329.3
33.376, 30248.6, 10329.4
33.377, 30249.3, 10329.4
33.378, 30250, 10329.5
33.379, 30250.7, 10329.6
33.38, 30251.4, 10329.7
33.381, 30252, 10329.8
33.382, 30252.7, 10329.8
33.383, 30253.4, 10329.9
33.384, 30254.1, 10330
33.385, 30254.8, 10330.1
33.386, 30255.5, 10330.1
33.387, 30256.2, 10330.2
33.388, 30256.8, 10330.3
33.389, 30257.5, 10330.4
33.39, 30258.2, 10330.4
33.391, 30258.9, 10330.5
33.392, 30259.6, 10330.6
33.393, 30260.3, 10330.7
33.394, 30261, 10330.7
33.395, 30261.6, 10330.8
33.396, 30262.3, 10330.9
33.397, 30263, 10331
33.398, 30263.7, 10331
33.399, 30264.4, 10331.1
33.4, 30265.1, 10331.2
33.401, 30265.8, 10331.3
33.402, 30266.4, 10331.4
33.403, 30267.1, 10331.4
33.404, 30267.8, 10331.5
33.405, 30268.5, 10331.6
33.406, 30269.2, 10331.7
33.407, 30269.9, 10331.7
33.408, 30270.6, 10331.8
33.409, 30271.2, 10331.9
33.41, 30271.9, 10332
33.411, 30272.6, 10332
33.412, 30273.3, 10332.1
33.413, 30274, 10332.2
33.414, 30274.7, 10332.3
33.415, 30275.4, 10332.3
33.416, 30276, 10332.4
33.417, 30276.7, 10332.5
33.418, 30277.4, 10332.6
33.419, 30278.1, 10332.7
33.42, 30278.8, 10332.7
33.421, 30279.5, 10332.8
33.422, 30280.2, 10332.9
33.423, 30280.8, 10333
33.424, 30281.5, 10333
33.425, 30282.2, 10333.1
33.426, 30282.9, 10333.2
33.427, 30283.6, 10333.3
33.428, 30284.3, 10333.3
33.429, 30285, 10333.4
33.43, 30285.6, 10333.5
33.431, 30286.3, 10333.6
33.432, 30287, 10333.6
33.433, 30287.7, 10333.7
33.434, 30288.4, 10333.8
33.435, 30289.1, 10333.9
33.436, 30289.8, 10333.9
33.437, 30290.4, 10334
33.438, 30291.1, 10334.1
33.439, 30291.8, 10334.2
33.44, 30292.5, 10334.2
33.441, 30293.2, 10334.3
33.442, 30293.9, 10334.4
33.443, 30294.6, 10334.5
33.444, 30295.2, 10334.5
33.445, 30295.9, 10334.6
33.446, 30296.6, 10334.7
33.447, 30297.3, 10334.8
33.448, 30298, 10334.9
33.449, 30298.7, 10334.9
33.45, 30299.4, 10335
33.451, 30300, 10335.1
33.452, 30300.7, 10335.2
33.453, 30301.4, 10335.2
33.454, 30302.1, 10335.3
33.455, 30302.8, 10335.4
33.456, 30303.5, 10335.5
33.457, 30304.1, 10335.5
33.458, 30304.8, 10335.6
33.459, 30305.5, 10335.7
33.46, 30306.2, 10335.8
33.461, 30306.9, 10335.8
33.462, 30307.6, 10335.9
33.463, 30308.3, 10336
33.464, 30308.9, 10336.1
33.465, 30309.6, 10336.1
33.466, 30310.3, 10336.2
33.467, 30311, 10336.3
33.468, 30311.7, 10336.4
33.469, 30312.4, 10336.4
33.47, 30313.1, 10336.5
33.471, 30313.7, 10336.6
33.472, 30314.4, 10336.7
33.473, 30315.1, 10336.7
33.474, 30315.8, 10336.8
33.475, 30316.5, 10336.9
33.476, 30317.2, 10337
33.477, 30317.9, 10337
33.478, 30318.5, 10337.1
33.479, 30319.2, 10337.2
33.48, 30319.9, 10337.3
33.481, 30320.6, 10337.3
33.482, 30321.3, 10337.4
33.483, 30322, 10337.5
33.484, 30322.7, 10337.6
33.485, 30323.3, 10337.6
33.486, 30324, 10337.7
33.487, 30324.7, 10337.8
33.488, 30325.4, 10337.9
33.489, 30326.1, 10338
33.49, 30326.8, 10338
33.491, 30327.4, 10338.1
33.492, 30328.1, 10338.2
33.493, 30328.8, 10338.3
33.494, 30329.5, 10338.3
33.495, 30330.2, 10338.4
33.496, 30330.9, 10338.5
33.497, 30331.6, 10338.6
33.498, 30332.2, 10338.6
33.499, 30332.9, 10338.7
33.5, 30333.6, 10338.8
33.501, 30334.3, 10338.9
33.502, 30335, 10338.9
33.503, 30335.7, 10339
33.504, 30336.4, 10339.1
33.505, 30337, 10339.2
33.506, 30337.7, 10339.2
33.507, 30338.4, 10339.3
33.508, 30339.1, 10339.4
33.509, 30339.8, 10339.5
33.51, 30340.5, 10339.5
33.511, 30341.2, 10339.6
33.512, 30341.8, 10339.7
33.513, 30342.5, 10339.8
33.514, 30343.2, 10339.8
33.515, 30343.9, 10339.9
33.516, 30344.6, 10340
33.517, 30345.3, 10340.1
33.518, 30345.9, 10340.1
33.519, 30346.6, 10340.2
33.52, 30347.3, 10340.3
33.521, 30348, 10340.4
33.522, 30348.7, 10340.4
33.523, 30349.4, 10340.5
33.524, 30350.1, 10340.6
33.525, 30350.7, 10340.7
33.526, 30351.4, 10340.7
33.527, 30352.1, 10340.8
33.528, 30352.8, 10340.9
33.529, 30353.5, 10341
33.53, 30354.2, 10341
33.531, 30354.9, 10341.1
33.532, 30355.5, 10341.2
33.533, 30356.2, 10341.3
33.534, 30356.9, 10341.3
33.535, 30357.6, 10341.4
33.536, 30358.3, 10341.5
33.537, 30359, 10341.6
33.538, 30359.6, 10341.6
33.539, 30360.3, 10341.7
33.54, 30361, 10341.8
33.541, 30361.7, 10341.9
33.542, 30362.4, 10341.9
33.543, 30363.1, 10342
33.544, 30363.8, 10342.1
33.545, 30364.4, 10342.2
33.546, 30365.1, 10342.2
33.547, 30365.8, 10342.3
33.548, 30366.5, 10342.4
33.549, 30367.2, 10342.5
33.55, 30367.9, 10342.5
33.551, 30368.5, 10342.6
33.552, 30369.2, 10342.7
33.553, 30369.9, 10342.8
33.554, 30370.6, 10342.8
33.555, 30371.3, 10342.9
33.556, 30372, 10343
33.557, 30372.7, 10343.1
33.558, 30373.3, 10343.1
33.559, 30374, 10343.2
33.56, 30374.7, 10343.3
33.561, 30375.4, 10343.3
33.562, 30376.1, 10343.4
33.563, 30376.8, 10343.5
33.564, 30377.4, 10343.6
33.565, 30378.1, 10343.6
33.566, 30378.8, 10343.7
33.567, 30379.5, 10343.8
33.568, 30380.2, 10343.9
33.569, 30380.9, 10343.9
33.57, 30381.6, 10344
33.571, 30382.2, 10344.1
33.572, 30382.9, 10344.2
33.573, 30383.6, 10344.2
33.574, 30384.3, 10344.3
33.575, 30385, 10344.4
33.576, 30385.7, 10344.5
33.577, 30386.3, 10344.5
33.578, 30387, 10344.6
33.579, 30387.7, 10344.7
33.58, 30388.4, 10344.8
33.581, 30389.1, 10344.8
33.582, 30389.8, 10344.9
33.583, 30390.5, 10345
33.584, 30391.1, 10345.1
33.585, 30391.8, 10345.1
33.586, 30392.5, 10345.2
33.587, 30393.2, 10345.3
33.588, 30393.9, 10345.4
33.589, 30394.6, 10345.4
33.59, 30395.2, 10345.5
33.591, 30395.9, 10345.6
33.592, 30396.6, 10345.7
33.593, 30397.3, 10345.7
33.594, 30398, 10345.8
33.595, 30398.7, 10345.9
33.596, 30399.4, 10346
33.597, 30400, 10346
33.598, 30400.7, 10346.1
33.599, 30401.4, 10346.2
33.6, 30402.1, 10346.3
33.601, 30402.8, 10346.3
33.602, 30403.5, 10346.4
33.603, 30404.1, 10346.5
33.604, 30404.8, 10346.5
33.605, 30405.5, 10346.6
33.606, 30406.2, 10346.7
33.607, 30406.9, 10346.8
33.608, 30407.6, 10346.8
33.609, 30408.3, 10346.9
33.61, 30408.9, 10347
33.611, 30409.6, 10347.1
33.612, 30410.3, 10347.1
33.613, 30411, 10347.2
33.614, 30411.7, 10347.3
33.615, 30412.4, 10347.4
33.616, 30413, 10347.4
33.617, 30413.7, 10347.5
33.618, 30414.4, 10347.6
33.619, 30415.1, 10347.7
33.62, 30415.8, 10347.7
33.621, 30416.5, 10347.8
33.622, 30417.2, 10347.9
33.623, 30417.8, 10348
33.624, 30418.5, 10348
33.625, 30419.2, 10348.1
33.626, 30419.9, 10348.2
33.627, 30420.6, 10348.2
33.628, 30421.3, 10348.3
33.629, 30421.9, 10348.4
33.63, 30422.6, 10348.5
33.631, 30423.3, 10348.5
33.632, 30424, 10348.6
33.633, 30424.7, 10348.7
33.634, 30425.4, 10348.8
33.635, 30426, 10348.8
33.636, 30426.7, 10348.9
33.637, 30427.4, 10349
33.638, 30428.1, 10349.1
33.639, 30428.8, 10349.1
33.64, 30429.5, 10349.2
33.641, 30430.2, 10349.3
33.642, 30430.8, 10349.4
33.643, 30431.5, 10349.4
33.644, 30432.2, 10349.5
33.645, 30432.9, 10349.6
33.646, 30433.6, 10349.7
33.647, 30434.3, 10349.7
33.648, 30434.9, 10349.8
33.649, 30435.6, 10349.9
33.65, 30436.3, 10349.9
33.651, 30437, 10350
33.652, 30437.7, 10350.1
33.653, 30438.4, 10350.2
33.654, 30439, 10350.2
33.655, 30439.7, 10350.3
33.656, 30440.4, 10350.4
33.657, 30441.1, 10350.5
33.658, 30441.8, 10350.5
33.659, 30442.5, 10350.6
33.66, 30443.1, 10350.7
33.661, 30443.8, 10350.8
33.662, 30444.5, 10350.8
33.663, 30445.2, 10350.9
33.664, 30445.9, 10351
33.665, 30446.6, 10351.1
33.666, 30447.3, 10351.1
33.667, 30447.9, 10351.2
33.668, 30448.6, 10351.3
33.669, 30449.3, 10351.3
33.67, 30450, 10351.4
33.671, 30450.7, 10351.5
33.672, 30451.4, 10351.6
33.673, 30452, 10351.6
33.674, 30452.7, 10351.7
33.675, 30453.4, 10351.8
33.676, 30454.1, 10351.9
33.677, 30454.8, 10351.9
33.678, 30455.5, 10352
33.679, 30456.1, 10352.1
33.68, 30456.8, 10352.2
33.681, 30457.5, 10352.2
33.682, 30458.2, 10352.3
33.683, 30458.9, 10352.4
33.684, 30459.6, 10352.4
33.685, 30460.2, 10352.5
33.686, 30460.9, 10352.6
33.687, 30461.6, 10352.7
33.688, 30462.3, 10352.7
33.689, 30463, 10352.8
33.69, 30463.7, 10352.9
33.691, 30464.4, 10353
33.692, 30465, 10353
33.693, 30465.7, 10353.1
33.694, 30466.4, 10353.2
33.695, 30467.1, 10353.3
33.696, 30467.8, 10353.3
33.697, 30468.5, 10353.4
33.698, 30469.1, 10353.5
33.699, 30469.8, 10353.5
33.7, 30470.5, 10353.6
33.701, 30471.2, 10353.7
33.702, 30471.9, 10353.8
33.703, 30472.6, 10353.8
33.704, 30473.2, 10353.9
33.705, 30473.9, 10354
33.706, 30474.6, 10354.1
33.707, 30475.3, 10354.1
33.708, 30476, 10354.2
33.709, 30476.7, 10354.3
33.71, 30477.3, 10354.3
33.711, 30478, 10354.4
33.712, 30478.7, 10354.5
33.713, 30479.4, 10354.6
33.714, 30480.1, 10354.6
33.715, 30480.8, 10354.7
33.716, 30481.4, 10354.8
33.717, 30482.1, 10354.9
33.718, 30482.8, 10354.9
33.719, 30483.5, 10355
33.72, 30484.2, 10355.1
33.721, 30484.9, 10355.2
33.722, 30485.6, 10355.2
33.723, 30486.2, 10355.3
33.724, 30486.9, 10355.4
33.725, 30487.6, 10355.4
33.726, 30488.3, 10355.5
33.727, 30489, 10355.6
33.728, 30489.7, 10355.7
33.729, 30490.3, 10355.7
33.73, 30491, 10355.8
33.731, 30491.7, 10355.9
33.732, 30492.4, 10356
33.733, 30493.1, 10356
33.734, 30493.8, 10356.1
33.735, 30494.4, 10356.2
33.736, 30495.1, 10356.2
33.737, 30495.8, 10356.3
33.738, 30496.5, 10356.4
33.739, 30497.2, 10356.5
33.74, 30497.9, 10356.5
33.741, 30498.5, 10356.6
33.742, 30499.2, 10356.7
33.743, 30499.9, 10356.8
33.744, 30500.6, 10356.8
33.745, 30501.3, 10356.9
33.746, 30502, 10357
33.747, 30502.6, 10357
33.748, 30503.3, 10357.1
33.749, 30504, 10357.2
33.75, 30504.7, 10357.3
33.751, 30505.4, 10357.3
33.752, 30506.1, 10357.4
33.753, 30506.7, 10357.5
33.754, 30507.4, 10357.6
33.755, 30508.1, 10357.6
33.756, 30508.8, 10357.7
33.757, 30509.5, 10357.8
33.758, 30510.2, 10357.8
33.759, 30510.8, 10357.9
33.76, 30511.5, 10358
33.761, 30512.2, 10358.1
33.762, 30512.9, 10358.1
33.763, 30513.6, 10358.2
33.764, 30514.3, 10358.3
33.765, 30514.9, 10358.3
33.766, 30515.6, 10358.4
33.767, 30516.3, 10358.5
33.768, 30517, 10358.6
33.769, 30517.7, 10358.6
33.77, 30518.4, 10358.7
33.771, 30519, 10358.8
33.772, 30519.7, 10358.9
33.773, 30520.4, 10358.9
33.774, 30521.1, 10359
33.775, 30521.8, 10359.1
33.776, 30522.5, 10359.1
33.777, 30523.1, 10359.2
33.778, 30523.8, 10359.3
33.779, 30524.5, 10359.4
33.78, 30525.2, 10359.4
33.781, 30525.9, 10359.5
33.782, 30526.6, 10359.6
33.783, 30527.2, 10359.7
33.784, 30527.9, 10359.7
33.785, 30528.6, 10359.8
33.786, 30529.3, 10359.9
33.787, 30530, 10359.9
33.788, 30530.7, 10360
33.789, 30531.3, 10360.1
33.79, 30532, 10360.2
33.791, 30532.7, 10360.2
33.792, 30533.4, 10360.3
33.793, 30534.1, 10360.4
33.794, 30534.8, 10360.4
33.795, 30535.4, 10360.5
33.796, 30536.1, 10360.6
33.797, 30536.8, 10360.7
33.798, 30537.5, 10360.7
33.799, 30538.2, 10360.8
33.8, 30538.9, 10360.9
33.801, 30539.5, 10361
33.802, 30540.2, 10361
33.803, 30540.9, 10361.1
33.804, 30541.6, 10361.2
33.805, 30542.3, 10361.2
33.806, 30543, 10361.3
33.807, 30543.6, 10361.4
33.808, 30544.3, 10361.5
33.809, 30545, 10361.5
33.81, 30545.7, 10361.6
33.811, 30546.4, 10361.7
33.812, 30547.1, 10361.7
33.813, 30547.7, 10361.8
33.814, 30548.4, 10361.9
33.815, 30549.1, 10362
33.816, 30549.8, 10362
33.817, 30550.5, 10362.1
33.818, 30551.2, 10362.2
33.819, 30551.8, 10362.2
33.82, 30552.5, 10362.3
33.821, 30553.2, 10362.4
33.822, 30553.9, 10362.5
33.823, 30554.6, 10362.5
33.824, 30555.3, 10362.6
33.825, 30555.9, 10362.7
33.826, 30556.6, 10362.7
33.827, 30557.3, 10362.8
33.828, 30558, 10362.9
33.829, 30558.7, 10363
33.83, 30559.3, 10363
33.831, 30560, 10363.1
33.832, 30560.7, 10363.2
33.833, 30561.4, 10363.3
33.834, 30562.1, 10363.3
33.835, 30562.8, 10363.4
33.836, 30563.4, 10363.5
33.837, 30564.1, 10363.5
33.838, 30564.8, 10363.6
33.839, 30565.5, 10363.7
33.84, 30566.2, 10363.8
33.841, 30566.9, 10363.8
33.842, 30567.5, 10363.9
33.843, 30568.2, 10364
33.844, 30568.9, 10364
33.845, 30569.6, 10364.1
33.846, 30570.3, 10364.2
33.847, 30571, 10364.3
33.848, 30571.6, 10364.3
33.849, 30572.3, 10364.4
33.85, 30573, 10364.5
33.851, 30573.7, 10364.5
33.852, 30574.4, 10364.6
33.853, 30575.1, 10364.7
33.854, 30575.7, 10364.8
33.855, 30576.4, 10364.8
33.856, 30577.1, 10364.9
33.857, 30577.8, 10365
33.858, 30578.5, 10365
33.859, 30579.2, 10365.1
33.86, 30579.8, 10365.2
33.861, 30580.5, 10365.3
33.862, 30581.2, 10365.3
33.863, 30581.9, 10365.4
33.864, 30582.6, 10365.5
33.865, 30583.3, 10365.5
33.866, 30583.9, 10365.6
33.867, 30584.6, 10365.7
33.868, 30585.3, 10365.8
33.869, 30586, 10365.8
33.87, 30586.7, 10365.9
33.871, 30587.3, 10366
33.872, 30588, 10366
33.873, 30588.7, 10366.1
33.874, 30589.4, 10366.2
33.875, 30590.1, 10366.3
33.876, 30590.8, 10366.3
33.877, 30591.4, 10366.4
33.878, 30592.1, 10366.5
33.879, 30592.8, 10366.5
33.88, 30593.5, 10366.6
33.881, 30594.2, 10366.7
33.882, 30594.9, 10366.8
33.883, 30595.5, 10366.8
33.884, 30596.2, 10366.9
33.885, 30596.9, 10367
33.886, 30597.6, 10367
33.887, 30598.3, 10367.1
33.888, 30599, 10367.2
33.889, 30599.6, 10367.3
33.89, 30600.3, 10367.3
33.891, 30601, 10367.4
33.892, 30601.7, 10367.5
33.893, 30602.4, 10367.5
33.894, 30603, 10367.6
33.895, 30603.7, 10367.7
33.896, 30604.4, 10367.8
33.897, 30605.1, 10367.8
33.898, 30605.8, 10367.9
33.899, 30606.5, 10368
33.9, 30607.1, 10368
33.901, 30607.8, 10368.1
33.902, 30608.5, 10368.2
33.903, 30609.2, 10368.2
33.904, 30609.9, 10368.3
33.905, 30610.6, 10368.4
33.906, 30611.2, 10368.5
33.907, 30611.9, 10368.5
33.908, 30612.6, 10368.6
33.909, 30613.3, 10368.7
33.91, 30614, 10368.7
33.911, 30614.7, 10368.8
33.912, 30615.3, 10368.9
33.913, 30616, 10369
33.914, 30616.7, 10369
33.915, 30617.4, 10369.1
33.916, 30618.1, 10369.2
33.917, 30618.7, 10369.2
33.918, 30619.4, 10369.3
33.919, 30620.1, 10369.4
33.92, 30620.8, 10369.5
33.921, 30621.5, 10369.5
33.922, 30622.2, 10369.6
33.923, 30622.8, 10369.7
33.924, 30623.5, 10369.7
33.925, 30624.2, 10369.8
33.926, 30624.9, 10369.9
33.927, 30625.6, 10369.9
33.928, 30626.3, 10370
33.929, 30626.9, 10370.1
33.93, 30627.6, 10370.2
33.931, 30628.3, 10370.2
33.932, 30629, 10370.3
33.933, 30629.7, 10370.4
33.934, 30630.3, 10370.4
33.935, 30631, 10370.5
33.936, 30631.7, 10370.6
33.937, 30632.4, 10370.7
33.938, 30633.1, 10370.7
33.939, 30633.8, 10370.8
33.94, 30634.4, 10370.9
33.941, 30635.1, 10370.9
33.942, 30635.8, 10371
33.943, 30636.5, 10371.1
33.944, 30637.2, 10371.2
33.945, 30637.9, 10371.2
33.946, 30638.5, 10371.3
33.947, 30639.2, 10371.4
33.948, 30639.9, 10371.4
33.949, 30640.6, 10371.5
33.95, 30641.3, 10371.6
33.951, 30641.9, 10371.6
33.952, 30642.6, 10371.7
33.953, 30643.3, 10371.8
33.954, 30644, 10371.9
33.955, 30644.7, 10371.9
33.956, 30645.4, 10372
33.957, 30646, 10372.1
33.958, 30646.7, 10372.1
33.959, 30647.4, 10372.2
33.96, 30648.1, 10372.3
33.961, 30648.8, 10372.3
33.962, 30649.4, 10372.4
33.963, 30650.1, 10372.5
33.964, 30650.8, 10372.6
33.965, 30651.5, 10372.6
33.966, 30652.2, 10372.7
33.967, 30652.9, 10372.8
33.968, 30653.5, 10372.8
33.969, 30654.2, 10372.9
33.97, 30654.9, 10373
33.971, 30655.6, 10373.1
33.972, 30656.3, 10373.1
33.973, 30657, 10373.2
33.974, 30657.6, 10373.3
33.975, 30658.3, 10373.3
33.976, 30659, 10373.4
33.977, 30659.7, 10373.5
33.978, 30660.4, 10373.5
33.979, 30661, 10373.6
33.98, 30661.7, 10373.7
33.981, 30662.4, 10373.8
33.982, 30663.1, 10373.8
33.983, 30663.8, 10373.9
33.984, 30664.5, 10374
33.985, 30665.1, 10374
33.986, 30665.8, 10374.1
33.987, 30666.5, 10374.2
33.988, 30667.2, 10374.2
33.989, 30667.9, 10374.3
33.99, 30668.5, 10374.4
33.991, 30669.2, 10374.5
33.992, 30669.9, 10374.5
33.993, 30670.6, 10374.6
33.994, 30671.3, 10374.7
33.995, 30672, 10374.7
33.996, 30672.6, 10374.8
33.997, 30673.3, 10374.9
33.998, 30674, 10374.9
33.999, 30674.7, 10375
34, 30675.4, 10375.1
34.001, 30676, 10375.2
34.002, 30676.7, 10375.2
34.003, 30677.4, 10375.3
34.004, 30678.1, 10375.4
34.005, 30678.8, 10375.4
34.006, 30679.5, 10375.5
34.007, 30680.1, 10375.6
34.008, 30680.8, 10375.6
34.009, 30681.5, 10375.7
34.01, 30682.2, 10375.8
34.011, 30682.9, 10375.9
34.012, 30683.5, 10375.9
34.013, 30684.2, 10376
34.014, 30684.9, 10376.1
34.015, 30685.6, 10376.1
34.016, 30686.3, 10376.2
34.017, 30687, 10376.3
34.018, 30687.6, 10376.3
34.019, 30688.3, 10376.4
34.02, 30689, 10376.5
34.021, 30689.7, 10376.6
34.022, 30690.4, 10376.6
34.023, 30691, 10376.7
34.024, 30691.7, 10376.8
34.025, 30692.4, 10376.8
34.026, 30693.1, 10376.9
34.027, 30693.8, 10377
34.028, 30694.5, 10377
34.029, 30695.1, 10377.1
34.03, 30695.8, 10377.2
34.031, 30696.5, 10377.3
34.032, 30697.2, 10377.3
34.033, 30697.9, 10377.4
34.034, 30698.5, 10377.5
34.035, 30699.2, 10377.5
34.036, 30699.9, 10377.6
34.037, 30700.6, 10377.7
34.038, 30701.3, 10377.7
34.039, 30702, 10377.8
34.04, 30702.6, 10377.9
34.041, 30703.3, 10377.9
34.042, 30704, 10378
34.043, 30704.7, 10378.1
34.044, 30705.4, 10378.2
34.045, 30706, 10378.2
34.046, 30706.7, 10378.3
34.047, 30707.4, 10378.4
34.048, 30708.1, 10378.4
34.049, 30708.8, 10378.5
34.05, 30709.5, 10378.6
34.051, 30710.1, 10378.6
34.052, 30710.8, 10378.7
34.053, 30711.5, 10378.8
34.054, 30712.2, 10378.9
34.055, 30712.9, 10378.9
34.056, 30713.5, 10379
34.057, 30714.2, 10379.1
34.058, 30714.9, 10379.1
34.059, 30715.6, 10379.2
34.06, 30716.3, 10379.3
34.061, 30716.9, 10379.3
34.062, 30717.6, 10379.4
34.063, 30718.3, 10379.5
34.064, 30719, 10379.5
34.065, 30719.7, 10379.6
34.066, 30720.4, 10379.7
34.067, 30721, 10379.8
34.068, 30721.7, 10379.8
34.069, 30722.4, 10379.9
34.07, 30723.1, 10380
34.071, 30723.8, 10380
34.072, 30724.4, 10380.1
34.073, 30725.1, 10380.2
34.074, 30725.8, 10380.2
34.075, 30726.5, 10380.3
34.076, 30727.2, 10380.4
34.077, 30727.9, 10380.4
34.078, 30728.5, 10380.5
34.079, 30729.2, 10380.6
34.08, 30729.9, 10380.7
34.081, 30730.6, 10380.7
34.082, 30731.3, 10380.8
34.083, 30731.9, 10380.9
34.084, 30732.6, 10380.9
34.085, 30733.3, 10381
34.086, 30734, 10381.1
34.087, 30734.7, 10381.1
34.088, 30735.3, 10381.2
34.089, 30736, 10381.3
34.09, 30736.7, 10381.3
34.091, 30737.4, 10381.4
34.092, 30738.1, 10381.5
34.093, 30738.8, 10381.6
34.094, 30739.4, 10381.6
34.095, 30740.1, 10381.7
34.096, 30740.8, 10381.8
34.097, 30741.5, 10381.8
34.098, 30742.2, 10381.9
34.099, 30742.8, 10382
34.1, 30743.5, 10382
34.101, 30744.2, 10382.1
34.102, 30744.9, 10382.2
34.103, 30745.6, 10382.2
34.104, 30746.2, 10382.3
34.105, 30746.9, 10382.4
34.106, 30747.6, 10382.4
34.107, 30748.3, 10382.5
34.108, 30749, 10382.6
34.109, 30749.7, 10382.7
34.11, 30750.3, 10382.7
34.111, 30751, 10382.8
34.112, 30751.7, 10382.9
34.113, 30752.4, 10382.9
34.114, 30753.1, 10383
34.115, 30753.7, 10383.1
34.116, 30754.4, 10383.1
34.117, 30755.1, 10383.2
34.118, 30755.8, 10383.3
34.119, 30756.5, 10383.3
34.12, 30757.1, 10383.4
34.121, 30757.8, 10383.5
34.122, 30758.5, 10383.5
34.123, 30759.2, 10383.6
34.124, 30759.9, 10383.7
34.125, 30760.6, 10383.8
34.126, 30761.2, 10383.8
34.127, 30761.9, 10383.9
34.128, 30762.6, 10384
34.129, 30763.3, 10384
34.13, 30764, 10384.1
34.131, 30764.6, 10384.2
34.132, 30765.3, 10384.2
34.133, 30766, 10384.3
34.134, 30766.7, 10384.4
34.135, 30767.4, 10384.4
34.136, 30768, 10384.5
34.137, 30768.7, 10384.6
34.138, 30769.4, 10384.6
34.139, 30770.1, 10384.7
34.14, 30770.8, 10384.8
34.141, 30771.5, 10384.9
34.142, 30772.1, 10384.9
34.143, 30772.8, 10385
34.144, 30773.5, 10385.1
34.145, 30774.2, 10385.1
34.146, 30774.9, 10385.2
34.147, 30775.5, 10385.3
34.148, 30776.2, 10385.3
34.149, 30776.9, 10385.4
34.15, 30777.6, 10385.5
34.151, 30778.3, 10385.5
34.152, 30778.9, 10385.6
34.153, 30779.6, 10385.7
34.154, 30780.3, 10385.7
34.155, 30781, 10385.8
34.156, 30781.7, 10385.9
34.157, 30782.3, 10385.9
34.158, 30783, 10386
34.159, 30783.7, 10386.1
34.16, 30784.4, 10386.2
34.161, 30785.1, 10386.2
34.162, 30785.7, 10386.3
34.163, 30786.4, 10386.4
34.164, 30787.1, 10386.4
34.165, 30787.8, 10386.5
34.166, 30788.5, 10386.6
34.167, 30789.2, 10386.6
34.168, 30789.8, 10386.7
34.169, 30790.5, 10386.8
34.17, 30791.2, 10386.8
34.171, 30791.9, 10386.9
34.172, 30792.6, 10387
34.173, 30793.2, 10387
34.174, 30793.9, 10387.1
34.175, 30794.6, 10387.2
34.176, 30795.3, 10387.2
34.177, 30796, 10387.3
34.178, 30796.6, 10387.4
34.179, 30797.3, 10387.4
34.18, 30798, 10387.5
34.181, 30798.7, 10387.6
34.182, 30799.4, 10387.7
34.183, 30800, 10387.7
34.184, 30800.7, 10387.8
34.185, 30801.4, 10387.9
34.186, 30802.1, 10387.9
34.187, 30802.8, 10388
34.188, 30803.5, 10388.1
34.189, 30804.1, 10388.1
34.19, 30804.8, 10388.2
34.191, 30805.5, 10388.3
34.192, 30806.2, 10388.3
34.193, 30806.9, 10388.4
34.194, 30807.5, 10388.5
34.195, 30808.2, 10388.5
34.196, 30808.9, 10388.6
34.197, 30809.6, 10388.7
34.198, 30810.3, 10388.7
34.199, 30810.9, 10388.8
34.2, 30811.6, 10388.9
34.201, 30812.3, 10388.9
34.202, 30813, 10389
34.203, 30813.7, 10389.1
34.204, 30814.3, 10389.1
34.205, 30815, 10389.2
34.206, 30815.7, 10389.3
34.207, 30816.4, 10389.4
34.208, 30817.1, 10389.4
34.209, 30817.7, 10389.5
34.21, 30818.4, 10389.6
34.211, 30819.1, 10389.6
34.212, 30819.8, 10389.7
34.213, 30820.5, 10389.8
34.214, 30821.1, 10389.8
34.215, 30821.8, 10389.9
34.216, 30822.5, 10390
34.217, 30823.2, 10390
34.218, 30823.9, 10390.1
34.219, 30824.5, 10390.2
34.22, 30825.2, 10390.2
34.221, 30825.9, 10390.3
34.222, 30826.6, 10390.4
34.223, 30827.3, 10390.4
34.224, 30828, 10390.5
34.225, 30828.6, 10390.6
34.226, 30829.3, 10390.6
34.227, 30830, 10390.7
34.228, 30830.7, 10390.8
34.229, 30831.4, 10390.8
34.23, 30832, 10390.9
34.231, 30832.7, 10391
34.232, 30833.4, 10391
34.233, 30834.1, 10391.1
34.234, 30834.8, 10391.2
34.235, 30835.4, 10391.2
34.236, 30836.1, 10391.3
34.237, 30836.8, 10391.4
34.238, 30837.5, 10391.5
34.239, 30838.2, 10391.5
34.24, 30838.8, 10391.6
34.241, 30839.5, 10391.7
34.242, 30840.2, 10391.7
34.243, 30840.9, 10391.8
34.244, 30841.6, 10391.9
34.245, 30842.2, 10391.9
34.246, 30842.9, 10392
34.247, 30843.6, 10392.1
34.248, 30844.3, 10392.1
34.249, 30845, 10392.2
34.25, 30845.6, 10392.3
34.251, 30846.3, 10392.3
34.252, 30847, 10392.4
34.253, 30847.7, 10392.5
34.254, 30848.4, 10392.5
34.255, 30849, 10392.6
34.256, 30849.7, 10392.7
34.257, 30850.4, 10392.7
34.258, 30851.1, 10392.8
34.259, 30851.8, 10392.9
34.26, 30852.4, 10392.9
34.261, 30853.1, 10393
34.262, 30853.8, 10393.1
34.263, 30854.5, 10393.1
34.264, 30855.2, 10393.2
34.265, 30855.8, 10393.3
34.266, 30856.5, 10393.3
34.267, 30857.2, 10393.4
34.268, 30857.9, 10393.5
34.269, 30858.6, 10393.5
34.27, 30859.2, 10393.6
34.271, 30859.9, 10393.7
34.272, 30860.6, 10393.7
34.273, 30861.3, 10393.8
34.274, 30862, 10393.9
34.275, 30862.6, 10393.9
34.276, 30863.3, 10394
34.277, 30864, 10394.1
34.278, 30864.7, 10394.1
34.279, 30865.4, 10394.2
34.28, 30866, 10394.3
34.281, 30866.7, 10394.3
34.282, 30867.4, 10394.4
34.283, 30868.1, 10394.5
34.284, 30868.8, 10394.5
34.285, 30869.4, 10394.6
34.286, 30870.1, 10394.7
34.287, 30870.8, 10394.7
34.288, 30871.5, 10394.8
34.289, 30872.2, 10394.9
34.29, 30872.8, 10394.9
34.291, 30873.5, 10395
34.292, 30874.2, 10395.1
34.293, 30874.9, 10395.1
34.294, 30875.6, 10395.2
34.295, 30876.2, 10395.3
34.296, 30876.9, 10395.3
34.297, 30877.6, 10395.4
34.298, 30878.3, 10395.5
34.299, 30879, 10395.5
34.3, 30879.7, 10395.6
34.301, 30880.3, 10395.7
34.302, 30881, 10395.7
34.303, 30881.7, 10395.8
34.304, 30882.4, 10395.9
34.305, 30883, 10396
34.306, 30883.7, 10396
34.307, 30884.4, 10396.1
34.308, 30885.1, 10396.2
34.309, 30885.8, 10396.2
34.31, 30886.4, 10396.3
34.311, 30887.1, 10396.4
34.312, 30887.8, 10396.4
34.313, 30888.5, 10396.5
34.314, 30889.2, 10396.6
34.315, 30889.8, 10396.6
34.316, 30890.5, 10396.7
34.317, 30891.2, 10396.8
34.318, 30891.9, 10396.8
34.319, 30892.6, 10396.9
34.32, 30893.2, 10397
34.321, 30893.9, 10397
34.322, 30894.6, 10397.1
34.323, 30895.3, 10397.2
34.324, 30896, 10397.2
34.325, 30896.6, 10397.3
34.326, 30897.3, 10397.4
34.327, 30898, 10397.4
34.328, 30898.7, 10397.5
34.329, 30899.4, 10397.6
34.33, 30900, 10397.6
34.331, 30900.7, 10397.7
34.332, 30901.4, 10397.8
34.333, 30902.1, 10397.8
34.334, 30902.8, 10397.9
34.335, 30903.4, 10397.9
34.336, 30904.1, 10398
34.337, 30904.8, 10398.1
34.338, 30905.5, 10398.1
34.339, 30906.2, 10398.2
34.34, 30906.8, 10398.3
34.341, 30907.5, 10398.3
34.342, 30908.2, 10398.4
34.343, 30908.9, 10398.5
34.344, 30909.6, 10398.5
34.345, 30910.2, 10398.6
34.346, 30910.9, 10398.7
34.347, 30911.6, 10398.7
34.348, 30912.3, 10398.8
34.349, 30913, 10398.9
34.35, 30913.6, 10398.9
34.351, 30914.3, 10399
34.352, 30915, 10399.1
34.353, 30915.7, 10399.1
34.354, 30916.4, 10399.2
34.355, 30917, 10399.3
34.356, 30917.7, 10399.3
34.357, 30918.4, 10399.4
34.358, 30919.1, 10399.5
34.359, 30919.8, 10399.5
34.36, 30920.4, 10399.6
34.361, 30921.1, 10399.7
34.362, 30921.8, 10399.7
34.363, 30922.5, 10399.8
34.364, 30923.2, 10399.9
34.365, 30923.8, 10399.9
34.366, 30924.5, 10400
34.367, 30925.2, 10400.1
34.368, 30925.9, 10400.1
34.369, 30926.6, 10400.2
34.37, 30927.2, 10400.3
34.371, 30927.9, 10400.3
34.372, 30928.6, 10400.4
34.373, 30929.3, 10400.5
34.374, 30930, 10400.5
34.375, 30930.6, 10400.6
34.376, 30931.3, 10400.7
34.377, 30932, 10400.7
34.378, 30932.7, 10400.8
34.379, 30933.4, 10400.9
34.38, 30934, 10400.9
34.381, 30934.7, 10401
34.382, 30935.4, 10401.1
34.383, 30936.1, 10401.1
34.384, 30936.7, 10401.2
34.385, 30937.4, 10401.3
34.386, 30938.1, 10401.3
34.387, 30938.8, 10401.4
34.388, 30939.5, 10401.5
34.389, 30940.1, 10401.5
34.39, 30940.8, 10401.6
34.391, 30941.5, 10401.7
34.392, 30942.2, 10401.7
34.393, 30942.9, 10401.8
34.394, 30943.5, 10401.9
34.395, 30944.2, 10401.9
34.396, 30944.9, 10402
34.397, 30945.6, 10402.1
34.398, 30946.3, 10402.1
34.399, 30946.9, 10402.2
34.4, 30947.6, 10402.3
34.401, 30948.3, 10402.3
34.402, 30949, 10402.4
34.403, 30949.7, 10402.4
34.404, 30950.3, 10402.5
34.405, 30951, 10402.6
34.406, 30951.7, 10402.6
34.407, 30952.4, 10402.7
34.408, 30953.1, 10402.8
34.409, 30953.7, 10402.8
34.41, 30954.4, 10402.9
34.411, 30955.1, 10403
34.412, 30955.8, 10403
34.413, 30956.4, 10403.1
34.414, 30957.1, 10403.2
34.415, 30957.8, 10403.2
34.416, 30958.5, 10403.3
34.417, 30959.2, 10403.4
34.418, 30959.8, 10403.4
34.419, 30960.5, 10403.5
34.42, 30961.2, 10403.6
34.421, 30961.9, 10403.6
34.422, 30962.6, 10403.7
34.423, 30963.2, 10403.8
34.424, 30963.9, 10403.8
34.425, 30964.6, 10403.9
34.426, 30965.3, 10404
34.427, 30966, 10404
34.428, 30966.6, 10404.1
34.429, 30967.3, 10404.2
34.43, 30968, 10404.2
34.431, 30968.7, 10404.3
34.432, 30969.4, 10404.4
34.433, 30970, 10404.4
34.434, 30970.7, 10404.5
34.435, 30971.4, 10404.5
34.436, 30972.1, 10404.6
34.437, 30972.8, 10404.7
34.438, 30973.4, 10404.7
34.439, 30974.1, 10404.8
34.44, 30974.8, 10404.9
34.441, 30975.5, 10404.9
34.442, 30976.1, 10405
34.443, 30976.8, 10405.1
34.444, 30977.5, 10405.1
34.445, 30978.2, 10405.2
34.446, 30978.9, 10405.3
34.447, 30979.5, 10405.3
34.448, 30980.2, 10405.4
34.449, 30980.9, 10405.5
34.45, 30981.6, 10405.5
34.451, 30982.3, 10405.6
34.452, 30982.9, 10405.7
34.453, 30983.6, 10405.7
34.454, 30984.3, 10405.8
34.455, 30985, 10405.9
34.456, 30985.7, 10405.9
34.457, 30986.3, 10406
34.458, 30987, 10406.1
34.459, 30987.7, 10406.1
34.46, 30988.4, 10406.2
34.461, 30989, 10406.2
34.462, 30989.7, 10406.3
34.463, 30990.4, 10406.4
34.464, 30991.1, 10406.4
34.465, 30991.8, 10406.5
34.466, 30992.4, 10406.6
34.467, 30993.1, 10406.6
34.468, 30993.8, 10406.7
34.469, 30994.5, 10406.8
34.47, 30995.2, 10406.8
34.471, 30995.8, 10406.9
34.472, 30996.5, 10407
34.473, 30997.2, 10407
34.474, 30997.9, 10407.1
34.475, 30998.6, 10407.2
34.476, 30999.2, 10407.2
34.477, 30999.9, 10407.3
34.478, 31000.6, 10407.4
34.479, 31001.3, 10407.4
34.48, 31001.9, 10407.5
34.481, 31002.6, 10407.5
34.482, 31003.3, 10407.6
34.483, 31004, 10407.7
34.484, 31004.7, 10407.7
34.485, 31005.3, 10407.8
34.486, 31006, 10407.9
34.487, 31006.7, 10407.9
34.488, 31007.4, 10408
34.489, 31008.1, 10408.1
34.49, 31008.7, 10408.1
34.491, 31009.4, 10408.2
34.492, 31010.1, 10408.3
34.493, 31010.8, 10408.3
34.494, 31011.5, 10408.4
34.495, 31012.1, 10408.5
34.496, 31012.8, 10408.5
34.497, 31013.5, 10408.6
34.498, 31014.2, 10408.7
34.499, 31014.8, 10408.7
34.5, 31015.5, 10408.8
34.501, 31016.2, 10408.8
34.502, 31016.9, 10408.9
34.503, 31017.6, 10409
34.504, 31018.2, 10409
34.505, 31018.9, 10409.1
34.506, 31019.6, 10409.2
34.507, 31020.3, 10409.2
34.508, 31021, 10409.3
34.509, 31021.6, 10409.4
34.51, 31022.3, 10409.4
34.511, 31023, 10409.5
34.512, 31023.7, 10409.6
34.513, 31024.3, 10409.6
34.514, 31025, 10409.7
34.515, 31025.7, 10409.8
34.516, 31026.4, 10409.8
34.517, 31027.1, 10409.9
34.518, 31027.7, 10409.9
34.519, 31028.4, 10410
34.52, 31029.1, 10410.1
34.521, 31029.8, 10410.1
34.522, 31030.5, 10410.2
34.523, 31031.1, 10410.3
34.524, 31031.8, 10410.3
34.525, 31032.5, 10410.4
34.526, 31033.2, 10410.5
34.527, 31033.8, 10410.5
34.528, 31034.5, 10410.6
34.529, 31035.2, 10410.7
34.53, 31035.9, 10410.7
34.531, 31036.6, 10410.8
34.532, 31037.2, 10410.8
34.533, 31037.9, 10410.9
34.534, 31038.6, 10411
34.535, 31039.3, 10411
34.536, 31040, 10411.1
34.537, 31040.6, 10411.2
34.538, 31041.3, 10411.2
34.539, 31042, 10411.3
34.54, 31042.7, 10411.4
34.541, 31043.3, 10411.4
34.542, 31044, 10411.5
34.543, 31044.7, 10411.6
34.544, 31045.4, 10411.6
34.545, 31046.1, 10411.7
34.546, 31046.7, 10411.7
34.547, 31047.4, 10411.8
34.548, 31048.1, 10411.9
34.549, 31048.8, 10411.9
34.55, 31049.5, 10412
34.551, 31050.1, 10412.1
34.552, 31050.8, 10412.1
34.553, 31051.5, 10412.2
34.554, 31052.2, 10412.3
34.555, 31052.8, 10412.3
34.556, 31053.5, 10412.4
34.557, 31054.2, 10412.5
34.558, 31054.9, 10412.5
34.559, 31055.6, 10412.6
34.56, 31056.2, 10412.6
34.561, 31056.9, 10412.7
34.562, 31057.6, 10412.8
34.563, 31058.3, 10412.8
34.564, 31059, 10412.9
34.565, 31059.6, 10413
34.566, 31060.3, 10413
34.567, 31061, 10413.1
34.568, 31061.7, 10413.2
34.569, 31062.3, 10413.2
34.57, 31063, 10413.3
34.571, 31063.7, 10413.4
34.572, 31064.4, 10413.4
34.573, 31065.1, 10413.5
34.574, 31065.7, 10413.5
34.575, 31066.4, 10413.6
34.576, 31067.1, 10413.7
34.577, 31067.8, 10413.7
34.578, 31068.4, 10413.8
34.579, 31069.1, 10413.9
34.58, 31069.8, 10413.9
34.581, 31070.5, 10414
34.582, 31071.2, 10414.1
34.583, 31071.8, 10414.1
34.584, 31072.5, 10414.2
34.585, 31073.2, 10414.2
34.586, 31073.9, 10414.3
34.587, 31074.6, 10414.4
34.588, 31075.2, 10414.4
34.589, 31075.9, 10414.5
34.59, 31076.6, 10414.6
34.591, 31077.3, 10414.6
34.592, 31077.9, 10414.7
34.593, 31078.6, 10414.8
34.594, 31079.3, 10414.8
34.595, 31080, 10414.9
34.596, 31080.7, 10415
34.597, 31081.3, 10415
34.598, 31082, 10415.1
34.599, 31082.7, 10415.1
34.6, 31083.4, 10415.2
34.601, 31084, 10415.3
34.602, 31084.7, 10415.3
34.603, 31085.4, 10415.4
34.604, 31086.1, 10415.5
34.605, 31086.8, 10415.5
34.606, 31087.4, 10415.6
34.607, 31088.1, 10415.7
34.608, 31088.8, 10415.7
34.609, 31089.5, 10415.8
34.61, 31090.1, 10415.8
34.611, 31090.8, 10415.9
34.612, 31091.5, 10416
34.613, 31092.2, 10416
34.614, 31092.9, 10416.1
34.615, 31093.5, 10416.2
34.616, 31094.2, 10416.2
34.617, 31094.9, 10416.3
34.618, 31095.6, 10416.4
34.619, 31096.2, 10416.4
34.62, 31096.9, 10416.5
34.621, 31097.6, 10416.5
34.622, 31098.3, 10416.6
34.623, 31099, 10416.7
34.624, 31099.6, 10416.7
34.625, 31100.3, 10416.8
34.626, 31101, 10416.9
34.627, 31101.7, 10416.9
34.628, 31102.4, 10417
34.629, 31103, 10417.1
34.63, 31103.7, 10417.1
34.631, 31104.4, 10417.2
34.632, 31105.1, 10417.2
34.633, 31105.7, 10417.3
34.634, 31106.4, 10417.4
34.635, 31107.1, 10417.4
34.636, 31107.8, 10417.5
34.637, 31108.5, 10417.6
34.638, 31109.1, 10417.6
34.639, 31109.8, 10417.7
34.64, 31110.5, 10417.7
34.641, 31111.2, 10417.8
34.642, 31111.8, 10417.9
34.643, 31112.5, 10417.9
34.644, 31113.2, 10418
34.645, 31113.9, 10418.1
34.646, 31114.6, 10418.1
34.647, 31115.2, 10418.2
34.648, 31115.9, 10418.3
34.649, 31116.6, 10418.3
34.65, 31117.3, 10418.4
34.651, 31117.9, 10418.4
34.652, 31118.6, 10418.5
34.653, 31119.3, 10418.6
34.654, 31120, 10418.6
34.655, 31120.7, 10418.7
34.656, 31121.3, 10418.8
34.657, 31122, 10418.8
34.658, 31122.7, 10418.9
34.659, 31123.4, 10418.9
34.66, 31124, 10419
34.661, 31124.7, 10419.1
34.662, 31125.4, 10419.1
34.663, 31126.1, 10419.2
34.664, 31126.8, 10419.3
34.665, 31127.4, 10419.3
34.666, 31128.1, 10419.4
34.667, 31128.8, 10419.5
34.668, 31129.5, 10419.5
34.669, 31130.1, 10419.6
34.67, 31130.8, 10419.6
34.671, 31131.5, 10419.7
34.672, 31132.2, 10419.8
34.673, 31132.9, 10419.8
34.674, 31133.5, 10419.9
34.675, 31134.2, 10420
34.676, 31134.9, 10420
34.677, 31135.6, 10420.1
34.678, 31136.2, 10420.1
34.679, 31136.9, 10420.2
34.68, 31137.6, 10420.3
34.681, 31138.3, 10420.3
34.682, 31139, 10420.4
34.683, 31139.6, 10420.5
34.684, 31140.3, 10420.5
34.685, 31141, 10420.6
34.686, 31141.7, 10420.6
34.687, 31142.3, 10420.7
34.688, 31143, 10420.8
34.689, 31143.7, 10420.8
34.69, 31144.4, 10420.9
34.691, 31145, 10421
34.692, 31145.7, 10421
34.693, 31146.4, 10421.1
34.694, 31147.1, 10421.2
34.695, 31147.8, 10421.2
34.696, 31148.4, 10421.3
34.697, 31149.1, 10421.3
34.698, 31149.8, 10421.4
34.699, 31150.5, 10421.5
34.7, 31151.1, 10421.5
34.701, 31151.8, 10421.6
34.702, 31152.5, 10421.7
34.703, 31153.2, 10421.7
34.704, 31153.9, 10421.8
34.705, 31154.5, 10421.8
34.706, 31155.2, 10421.9
34.707, 31155.9, 10422
34.708, 31156.6, 10422
34.709, 31157.2, 10422.1
34.71, 31157.9, 10422.2
34.711, 31158.6, 10422.2
34.712, 31159.3, 10422.3
34.713, 31160, 10422.3
34.714, 31160.6, 10422.4
34.715, 31161.3, 10422.5
34.716, 31162, 10422.5
34.717, 31162.7, 10422.6
34.718, 31163.3, 10422.7
34.719, 31164, 10422.7
34.72, 31164.7, 10422.8
34.721, 31165.4, 10422.8
34.722, 31166.1, 10422.9
34.723, 31166.7, 10423
34.724, 31167.4, 10423
34.725, 31168.1, 10423.1
34.726, 31168.8, 10423.2
34.727, 31169.4, 10423.2
34.728, 31170.1, 10423.3
34.729, 31170.8, 10423.3
34.73, 31171.5, 10423.4
34.731, 31172.1, 10423.5
34.732, 31172.8, 10423.5
34.733, 31173.5, 10423.6
34.734, 31174.2, 10423.7
34.735, 31174.9, 10423.7
34.736, 31175.5, 10423.8
34.737, 31176.2, 10423.8
34.738, 31176.9, 10423.9
34.739, 31177.6, 10424
34.74, 31178.2, 10424
34.741, 31178.9, 10424.1
34.742, 31179.6, 10424.2
34.743, 31180.3, 10424.2
34.744, 31181, 10424.3
34.745, 31181.6, 10424.3
34.746, 31182.3, 10424.4
34.747, 31183, 10424.5
34.748, 31183.7, 10424.5
34.749, 31184.3, 10424.6
34.75, 31185, 10424.7
34.751, 31185.7, 10424.7
34.752, 31186.4, 10424.8
34.753, 31187, 10424.8
34.754, 31187.7, 10424.9
34.755, 31188.4, 10425
34.756, 31189.1, 10425
34.757, 31189.8, 10425.1
34.758, 31190.4, 10425.1
34.759, 31191.1, 10425.2
34.76, 31191.8, 10425.3
34.761, 31192.5, 10425.3
34.762, 31193.1, 10425.4
34.763, 31193.8, 10425.5
34.764, 31194.5, 10425.5
34.765, 31195.2, 10425.6
34.766, 31195.8, 10425.6
34.767, 31196.5, 10425.7
34.768, 31197.2, 10425.8
34.769, 31197.9, 10425.8
34.77, 31198.6, 10425.9
34.771, 31199.2, 10426
34.772, 31199.9, 10426
34.773, 31200.6, 10426.1
34.774, 31201.3, 10426.1
34.775, 31201.9, 10426.2
34.776, 31202.6, 10426.3
34.777, 31203.3, 10426.3
34.778, 31204, 10426.4
34.779, 31204.6, 10426.4
34.78, 31205.3, 10426.5
34.781, 31206, 10426.6
34.782, 31206.7, 10426.6
34.783, 31207.4, 10426.7
34.784, 31208, 10426.8
34.785, 31208.7, 10426.8
34.786, 31209.4, 10426.9
34.787, 31210.1, 10426.9
34.788, 31210.7, 10427
34.789, 31211.4, 10427.1
34.79, 31212.1, 10427.1
34.791, 31212.8, 10427.2
34.792, 31213.4, 10427.3
34.793, 31214.1, 10427.3
34.794, 31214.8, 10427.4
34.795, 31215.5, 10427.4
34.796, 31216.2, 10427.5
34.797, 31216.8, 10427.6
34.798, 31217.5, 10427.6
34.799, 31218.2, 10427.7
34.8, 31218.9, 10427.7
34.801, 31219.5, 10427.8
34.802, 31220.2, 10427.9
34.803, 31220.9, 10427.9
34.804, 31221.6, 10428
34.805, 31222.2, 10428.1
34.806, 31222.9, 10428.1
34.807, 31223.6, 10428.2
34.808, 31224.3, 10428.2
34.809, 31225, 10428.3
34.81, 31225.6, 10428.4
34.811, 31226.3, 10428.4
34.812, 31227, 10428.5
34.813, 31227.7, 10428.5
34.814, 31228.3, 10428.6
34.815, 31229, 10428.7
34.816, 31229.7, 10428.7
34.817, 31230.4, 10428.8
34.818, 31231, 10428.9
34.819, 31231.7, 10428.9
34.82, 31232.4, 10429
34.821, 31233.1, 10429
34.822, 31233.8, 10429.1
34.823, 31234.4, 10429.2
34.824, 31235.1, 10429.2
34.825, 31235.8, 10429.3
34.826, 31236.5, 10429.3
34.827, 31237.1, 10429.4
34.828, 31237.8, 10429.5
34.829, 31238.5, 10429.5
34.83, 31239.2, 10429.6
34.831, 31239.8, 10429.7
34.832, 31240.5, 10429.7
34.833, 31241.2, 10429.8
34.834, 31241.9, 10429.8
34.835, 31242.6, 10429.9
34.836, 31243.2, 10430
34.837, 31243.9, 10430
34.838, 31244.6, 10430.1
34.839, 31245.3, 10430.1
34.84, 31245.9, 10430.2
34.841, 31246.6, 10430.3
34.842, 31247.3, 10430.3
34.843, 31248, 10430.4
34.844, 31248.6, 10430.4
34.845, 31249.3, 10430.5
34.846, 31250, 10430.6
34.847, 31250.7, 10430.6
34.848, 31251.3, 10430.7
34.849, 31252, 10430.8
34.85, 31252.7, 10430.8
34.851, 31253.4, 10430.9
34.852, 31254.1, 10430.9
34.853, 31254.7, 10431
34.854, 31255.4, 10431.1
34.855, 31256.1, 10431.1
34.856, 31256.8, 10431.2
34.857, 31257.4, 10431.2
34.858, 31258.1, 10431.3
34.859, 31258.8, 10431.4
34.86, 31259.5, 10431.4
34.861, 31260.1, 10431.5
34.862, 31260.8, 10431.5
34.863, 31261.5, 10431.6
34.864, 31262.2, 10431.7
34.865, 31262.8, 10431.7
34.866, 31263.5, 10431.8
34.867, 31264.2, 10431.9
34.868, 31264.9, 10431.9
34.869, 31265.6, 10432
34.87, 31266.2, 10432
34.871, 31266.9, 10432.1
34.872, 31267.6, 10432.2
34.873, 31268.3, 10432.2
34.874, 31268.9, 10432.3
34.875, 31269.6, 10432.3
34.876, 31270.3, 10432.4
34.877, 31271, 10432.5
34.878, 31271.6, 10432.5
34.879, 31272.3, 10432.6
34.88, 31273, 10432.6
34.881, 31273.7, 10432.7
34.882, 31274.3, 10432.8
34.883, 31275, 10432.8
34.884, 31275.7, 10432.9
34.885, 31276.4, 10433
34.886, 31277.1, 10433
34.887, 31277.7, 10433.1
34.888, 31278.4, 10433.1
34.889, 31279.1, 10433.2
34.89, 31279.8, 10433.3
34.891, 31280.4, 10433.3
34.892, 31281.1, 10433.4
34.893, 31281.8, 10433.4
34.894, 31282.5, 10433.5
34.895, 31283.1, 10433.6
34.896, 31283.8, 10433.6
34.897, 31284.5, 10433.7
34.898, 31285.2, 10433.7
34.899, 31285.8, 10433.8
34.9, 31286.5, 10433.9
34.901, 31287.2, 10433.9
34.902, 31287.9, 10434
34.903, 31288.5, 10434
34.904, 31289.2, 10434.1
34.905, 31289.9, 10434.2
34.906, 31290.6, 10434.2
34.907, 31291.3, 10434.3
34.908, 31291.9, 10434.3
34.909, 31292.6, 10434.4
34.91, 31293.3, 10434.5
34.911, 31294, 10434.5
34.912, 31294.6, 10434.6
34.913, 31295.3, 10434.6
34.914, 31296, 10434.7
34.915, 31296.7, 10434.8
34.916, 31297.3, 10434.8
34.917, 31298, 10434.9
34.918, 31298.7, 10435
34.919, 31299.4, 10435
34.92, 31300, 10435.1
34.921, 31300.7, 10435.1
34.922, 31301.4, 10435.2
34.923, 31302.1, 10435.3
34.924, 31302.7, 10435.3
34.925, 31303.4, 10435.4
34.926, 31304.1, 10435.4
34.927, 31304.8, 10435.5
34.928, 31305.5, 10435.6
34.929, 31306.1, 10435.6
34.93, 31306.8, 10435.7
34.931, 31307.5, 10435.7
34.932, 31308.2, 10435.8
34.933, 31308.8, 10435.9
34.934, 31309.5, 10435.9
34.935, 31310.2, 10436
34.936, 31310.9, 10436
34.937, 31311.5, 10436.1
34.938, 31312.2, 10436.2
34.939, 31312.9, 10436.2
34.94, 31313.6, 10436.3
34.941, 31314.2, 10436.3
34.942, 31314.9, 10436.4
34.943, 31315.6, 10436.5
34.944, 31316.3, 10436.5
34.945, 31316.9, 10436.6
34.946, 31317.6, 10436.6
34.947, 31318.3, 10436.7
34.948, 31319, 10436.8
34.949, 31319.6, 10436.8
34.95, 31320.3, 10436.9
34.951, 31321, 10436.9
34.952, 31321.7, 10437
34.953, 31322.4, 10437.1
34.954, 31323, 10437.1
34.955, 31323.7, 10437.2
34.956, 31324.4, 10437.2
34.957, 31325.1, 10437.3
34.958, 31325.7, 10437.4
34.959, 31326.4, 10437.4
34.96, 31327.1, 10437.5
34.961, 31327.8, 10437.5
34.962, 31328.4, 10437.6
34.963, 31329.1, 10437.7
34.964, 31329.8, 10437.7
34.965, 31330.5, 10437.8
34.966, 31331.1, 10437.8
34.967, 31331.8, 10437.9
34.968, 31332.5, 10438
34.969, 31333.2, 10438
34.97, 31333.8, 10438.1
34.971, 31334.5, 10438.1
34.972, 31335.2, 10438.2
34.973, 31335.9, 10438.3
34.974, 31336.5, 10438.3
34.975, 31337.2, 10438.4
34.976, 31337.9, 10438.4
34.977, 31338.6, 10438.5
34.978, 31339.2, 10438.6
34.979, 31339.9, 10438.6
34.98, 31340.6, 10438.7
34.981, 31341.3, 10438.7
34.982, 31342, 10438.8
34.983, 31342.6, 10438.9
34.984, 31343.3, 10438.9
34.985, 31344, 10439
34.986, 31344.7, 10439
34.987, 31345.3, 10439.1
34.988, 31346, 10439.2
34.989, 31346.7, 10439.2
34.99, 31347.4, 10439.3
34.991, 31348, 10439.3
34.992, 31348.7, 10439.4
34.993, 31349.4, 10439.5
34.994, 31350.1, 10439.5
34.995, 31350.7, 10439.6
34.996, 31351.4, 10439.6
34.997, 31352.1, 10439.7
34.998, 31352.8, 10439.8
34.999, 31353.4, 10439.8
35, 31354.1, 10439.9
35.001, 31354.8, 10439.9
35.002, 31355.5, 10440
35.003, 31356.1, 10440.1
35.004, 31356.8, 10440.1
35.005, 31357.5, 10440.2
35.006, 31358.2, 10440.2
35.007, 31358.8, 10440.3
35.008, 31359.5, 10440.3
35.009, 31360.2, 10440.4
35.01, 31360.9, 10440.5
35.011, 31361.5, 10440.5
35.012, 31362.2, 10440.6
35.013, 31362.9, 10440.6
35.014, 31363.6, 10440.7
35.015, 31364.2, 10440.8
35.016, 31364.9, 10440.8
35.017, 31365.6, 10440.9
35.018, 31366.3, 10440.9
35.019, 31366.9, 10441
35.02, 31367.6, 10441.1
35.021, 31368.3, 10441.1
35.022, 31369, 10441.2
35.023, 31369.7, 10441.2
35.024, 31370.3, 10441.3
35.025, 31371, 10441.4
35.026, 31371.7, 10441.4
35.027, 31372.4, 10441.5
35.028, 31373, 10441.5
35.029, 31373.7, 10441.6
35.03, 31374.4, 10441.7
35.031, 31375.1, 10441.7
35.032, 31375.7, 10441.8
35.033, 31376.4, 10441.8
35.034, 31377.1, 10441.9
35.035, 31377.8, 10442
35.036, 31378.4, 10442
35.037, 31379.1, 10442.1
35.038, 31379.8, 10442.1
35.039, 31380.5, 10442.2
35.04, 31381.1, 10442.2
35.041, 31381.8, 10442.3
35.042, 31382.5, 10442.4
35.043, 31383.2, 10442.4
35.044, 31383.8, 10442.5
35.045, 31384.5, 10442.5
35.046, 31385.2, 10442.6
35.047, 31385.9, 10442.7
35.048, 31386.5, 10442.7
35.049, 31387.2, 10442.8
35.05, 31387.9, 10442.8
35.051, 31388.6, 10442.9
35.052, 31389.2, 10443
35.053, 31389.9, 10443
35.054, 31390.6, 10443.1
35.055, 31391.3, 10443.1
35.056, 31391.9, 10443.2
35.057, 31392.6, 10443.3
35.058, 31393.3, 10443.3
35.059, 31394, 10443.4
35.06, 31394.6, 10443.4
35.061, 31395.3, 10443.5
35.062, 31396, 10443.5
35.063, 31396.7, 10443.6
35.064, 31397.3, 10443.7
35.065, 31398, 10443.7
35.066, 31398.7, 10443.8
35.067, 31399.4, 10443.8
35.068, 31400, 10443.9
35.069, 31400.7, 10444
35.07, 31401.4, 10444
35.071, 31402.1, 10444.1
35.072, 31402.7, 10444.1
35.073, 31403.4, 10444.2
35.074, 31404.1, 10444.3
35.075, 31404.8, 10444.3
35.076, 31405.4, 10444.4
35.077, 31406.1, 10444.4
35.078, 31406.8, 10444.5
35.079, 31407.5, 10444.5
35.08, 31408.1, 10444.6
35.081, 31408.8, 10444.7
35.082, 31409.5, 10444.7
35.083, 31410.2, 10444.8
35.084, 31410.8, 10444.8
35.085, 31411.5, 10444.9
35.086, 31412.2, 10445
35.087, 31412.9, 10445
35.088, 31413.5, 10445.1
35.089, 31414.2, 10445.1
35.09, 31414.9, 10445.2
35.091, 31415.6, 10445.3
35.092, 31416.2, 10445.3
35.093, 31416.9, 10445.4
35.094, 31417.6, 10445.4
35.095, 31418.3, 10445.5
35.096, 31418.9, 10445.5
35.097, 31419.6, 10445.6
35.098, 31420.3, 10445.7
35.099, 31421, 10445.7
35.1, 31421.6, 10445.8
35.101, 31422.3, 10445.8
35.102, 31423, 10445.9
35.103, 31423.7, 10446
35.104, 31424.3, 10446
35.105, 31425, 10446.1
35.106, 31425.7, 10446.1
35.107, 31426.4, 10446.2
35.108, 31427, 10446.2
35.109, 31427.7, 10446.3
35.11, 31428.4, 10446.4
35.111, 31429.1, 10446.4
35.112, 31429.7, 10446.5
35.113, 31430.4, 10446.5
35.114, 31431.1, 10446.6
35.115, 31431.8, 10446.7
35.116, 31432.4, 10446.7
35.117, 31433.1, 10446.8
35.118, 31433.8, 10446.8
35.119, 31434.5, 10446.9
35.12, 31435.1, 10446.9
35.121, 31435.8, 10447
35.122, 31436.5, 10447.1
35.123, 31437.2, 10447.1
35.124, 31437.8, 10447.2
35.125, 31438.5, 10447.2
35.126, 31439.2, 10447.3
35.127, 31439.9, 10447.4
35.128, 31440.5, 10447.4
35.129, 31441.2, 10447.5
35.13, 31441.9, 10447.5
35.131, 31442.6, 10447.6
35.132, 31443.2, 10447.6
35.133, 31443.9, 10447.7
35.134, 31444.6, 10447.8
35.135, 31445.3, 10447.8
35.136, 31445.9, 10447.9
35.137, 31446.6, 10447.9
35.138, 31447.3, 10448
35.139, 31448, 10448.1
35.14, 31448.6, 10448.1
35.141, 31449.3, 10448.2
35.142, 31450, 10448.2
35.143, 31450.7, 10448.3
35.144, 31451.3, 10448.3
35.145, 31452, 10448.4
35.146, 31452.7, 10448.5
35.147, 31453.4, 10448.5
35.148, 31454, 10448.6
35.149, 31454.7, 10448.6
35.15, 31455.4, 10448.7
35.151, 31456.1, 10448.8
35.152, 31456.7, 10448.8
35.153, 31457.4, 10448.9
35.154, 31458.1, 10448.9
35.155, 31458.8, 10449
35.156, 31459.4, 10449
35.157, 31460.1, 10449.1
35.158, 31460.8, 10449.2
35.159, 31461.5, 10449.2
35.16, 31462.1, 10449.3
35.161, 31462.8, 10449.3
35.162, 31463.5, 10449.4
35.163, 31464.2, 10449.4
35.164, 31464.8, 10449.5
35.165, 31465.5, 10449.6
35.166, 31466.2, 10449.6
35.167, 31466.9, 10449.7
35.168, 31467.5, 10449.7
35.169, 31468.2, 10449.8
35.17, 31468.9, 10449.9
35.171, 31469.6, 10449.9
35.172, 31470.2, 10450
35.173, 31470.9, 10450
35.174, 31471.6, 10450.1
35.175, 31472.3, 10450.1
35.176, 31472.9, 10450.2
35.177, 31473.6, 10450.3
35.178, 31474.3, 10450.3
35.179, 31475, 10450.4
35.18, 31475.6, 10450.4
35.181, 31476.3, 10450.5
35.182, 31477, 10450.5
35.183, 31477.7, 10450.6
35.184, 31478.3, 10450.7
35.185, 31479, 10450.7
35.186, 31479.7, 10450.8
35.187, 31480.3, 10450.8
35.188, 31481, 10450.9
35.189, 31481.7, 10450.9
35.19, 31482.4, 10451
35.191, 31483, 10451.1
35.192, 31483.7, 10451.1
35.193, 31484.4, 10451.2
35.194, 31485.1, 10451.2
35.195, 31485.7, 10451.3
35.196, 31486.4, 10451.4
35.197, 31487.1, 10451.4
35.198, 31487.8, 10451.5
35.199, 31488.4, 10451.5
35.2, 31489.1, 10451.6
35.201, 31489.8, 10451.6
35.202, 31490.5, 10451.7
35.203, 31491.1, 10451.8
35.204, 31491.8, 10451.8
35.205, 31492.5, 10451.9
35.206, 31493.2, 10451.9
35.207, 31493.8, 10452
35.208, 31494.5, 10452
35.209, 31495.2, 10452.1
35.21, 31495.9, 10452.2
35.211, 31496.5, 10452.2
35.212, 31497.2, 10452.3
35.213, 31497.9, 10452.3
35.214, 31498.6, 10452.4
35.215, 31499.2, 10452.4
35.216, 31499.9, 10452.5
35.217, 31500.6, 10452.6
35.218, 31501.3, 10452.6
35.219, 31501.9, 10452.7
35.22, 31502.6, 10452.7
35.221, 31503.3, 10452.8
35.222, 31504, 10452.8
35.223, 31504.6, 10452.9
35.224, 31505.3, 10453
35.225, 31506, 10453
35.226, 31506.6, 10453.1
35.227, 31507.3, 10453.1
35.228, 31508, 10453.2
35.229, 31508.7, 10453.2
35.23, 31509.3, 10453.3
35.231, 31510, 10453.4
35.232, 31510.7, 10453.4
35.233, 31511.4, 10453.5
35.234, 31512, 10453.5
35.235, 31512.7, 10453.6
35.236, 31513.4, 10453.6
35.237, 31514.1, 10453.7
35.238, 31514.7, 10453.8
35.239, 31515.4, 10453.8
35.24, 31516.1, 10453.9
35.241, 31516.8, 10453.9
35.242, 31517.4, 10454
35.243, 31518.1, 10454
35.244, 31518.8, 10454.1
35.245, 31519.5, 10454.2
35.246, 31520.1, 10454.2
35.247, 31520.8, 10454.3
35.248, 31521.5, 10454.3
35.249, 31522.2, 10454.4
35.25, 31522.8, 10454.4
35.251, 31523.5, 10454.5
35.252, 31524.2, 10454.6
35.253, 31524.8, 10454.6
35.254, 31525.5, 10454.7
35.255, 31526.2, 10454.7
35.256, 31526.9, 10454.8
35.257, 31527.5, 10454.8
35.258, 31528.2, 10454.9
35.259, 31528.9, 10455
35.26, 31529.6, 10455
35.261, 31530.2, 10455.1
35.262, 31530.9, 10455.1
35.263, 31531.6, 10455.2
35.264, 31532.3, 10455.2
35.265, 31532.9, 10455.3
35.266, 31533.6, 10455.4
35.267, 31534.3, 10455.4
35.268, 31535, 10455.5
35.269, 31535.6, 10455.5
35.27, 31536.3, 10455.6
35.271, 31537, 10455.6
35.272, 31537.7, 10455.7
35.273, 31538.3, 10455.8
35.274, 31539, 10455.8
35.275, 31539.7, 10455.9
35.276, 31540.4, 10455.9
35.277, 31541, 10456
35.278, 31541.7, 10456
35.279, 31542.4, 10456.1
35.28, 31543, 10456.2
35.281, 31543.7, 10456.2
35.282, 31544.4, 10456.3
35.283, 31545.1, 10456.3
35.284, 31545.7, 10456.4
35.285, 31546.4, 10456.4
35.286, 31547.1, 10456.5
35.287, 31547.8, 10456.5
35.288, 31548.4, 10456.6
35.289, 31549.1, 10456.7
35.29, 31549.8, 10456.7
35.291, 31550.5, 10456.8
35.292, 31551.1, 10456.8
35.293, 31551.8, 10456.9
35.294, 31552.5, 10456.9
35.295, 31553.2, 10457
35.296, 31553.8, 10457.1
35.297, 31554.5, 10457.1
35.298, 31555.2, 10457.2
35.299, 31555.9, 10457.2
35.3, 31556.5, 10457.3
35.301, 31557.2, 10457.3
35.302, 31557.9, 10457.4
35.303, 31558.5, 10457.5
35.304, 31559.2, 10457.5
35.305, 31559.9, 10457.6
35.306, 31560.6, 10457.6
35.307, 31561.2, 10457.7
35.308, 31561.9, 10457.7
35.309, 31562.6, 10457.8
35.31, 31563.3, 10457.8
35.311, 31563.9, 10457.9
35.312, 31564.6, 10458
35.313, 31565.3, 10458
35.314, 31566, 10458.1
35.315, 31566.6, 10458.1
35.316, 31567.3, 10458.2
35.317, 31568, 10458.2
35.318, 31568.7, 10458.3
35.319, 31569.3, 10458.4
35.32, 31570, 10458.4
35.321, 31570.7, 10458.5
35.322, 31571.3, 10458.5
35.323, 31572, 10458.6
35.324, 31572.7, 10458.6
35.325, 31573.4, 10458.7
35.326, 31574, 10458.7
35.327, 31574.7, 10458.8
35.328, 31575.4, 10458.9
35.329, 31576.1, 10458.9
35.33, 31576.7, 10459
35.331, 31577.4, 10459
35.332, 31578.1, 10459.1
35.333, 31578.8, 10459.1
35.334, 31579.4, 10459.2
35.335, 31580.1, 10459.3
35.336, 31580.8, 10459.3
35.337, 31581.4, 10459.4
35.338, 31582.1, 10459.4
35.339, 31582.8, 10459.5
35.34, 31583.5, 10459.5
35.341, 31584.1, 10459.6
35.342, 31584.8, 10459.6
35.343, 31585.5, 10459.7
35.344, 31586.2, 10459.8
35.345, 31586.8, 10459.8
35.346, 31587.5, 10459.9
35.347, 31588.2, 10459.9
35.348, 31588.9, 10460
35.349, 31589.5, 10460
35.35, 31590.2, 10460.1
35.351, 31590.9, 10460.2
35.352, 31591.6, 10460.2
35.353, 31592.2, 10460.3
35.354, 31592.9, 10460.3
35.355, 31593.6, 10460.4
35.356, 31594.2, 10460.4
35.357, 31594.9, 10460.5
35.358, 31595.6, 10460.5
35.359, 31596.3, 10460.6
35.36, 31596.9, 10460.7
35.361, 31597.6, 10460.7
35.362, 31598.3, 10460.8
35.363, 31599, 10460.8
35.364, 31599.6, 10460.9
35.365, 31600.3, 10460.9
35.366, 31601, 10461
35.367, 31601.7, 10461
35.368, 31602.3, 10461.1
35.369, 31603, 10461.2
35.37, 31603.7, 10461.2
35.371, 31604.3, 10461.3
35.372, 31605, 10461.3
35.373, 31605.7, 10461.4
35.374, 31606.4, 10461.4
35.375, 31607, 10461.5
35.376, 31607.7, 10461.5
35.377, 31608.4, 10461.6
35.378, 31609.1, 10461.7
35.379, 31609.7, 10461.7
35.38, 31610.4, 10461.8
35.381, 31611.1, 10461.8
35.382, 31611.8, 10461.9
35.383, 31612.4, 10461.9
35.384, 31613.1, 10462
35.385, 31613.8, 10462
35.386, 31614.4, 10462.1
35.387, 31615.1, 10462.2
35.388, 31615.8, 10462.2
35.389, 31616.5, 10462.3
35.39, 31617.1, 10462.3
35.391, 31617.8, 10462.4
35.392, 31618.5, 10462.4
35.393, 31619.2, 10462.5
35.394, 31619.8, 10462.5
35.395, 31620.5, 10462.6
35.396, 31621.2, 10462.7
35.397, 31621.9, 10462.7
35.398, 31622.5, 10462.8
35.399, 31623.2, 10462.8
35.4, 31623.9, 10462.9
35.401, 31624.5, 10462.9
35.402, 31625.2, 10463
35.403, 31625.9, 10463
35.404, 31626.6, 10463.1
35.405, 31627.2, 10463.2
35.406, 31627.9, 10463.2
35.407, 31628.6, 10463.3
35.408, 31629.3, 10463.3
35.409, 31629.9, 10463.4
35.41, 31630.6, 10463.4
35.411, 31631.3, 10463.5
35.412, 31631.9, 10463.5
35.413, 31632.6, 10463.6
35.414, 31633.3, 10463.7
35.415, 31634, 10463.7
35.416, 31634.6, 10463.8
35.417, 31635.3, 10463.8
35.418, 31636, 10463.9
35.419, 31636.7, 10463.9
35.42, 31637.3, 10464
35.421, 31638, 10464
35.422, 31638.7, 10464.1
35.423, 31639.4, 10464.2
35.424, 31640, 10464.2
35.425, 31640.7, 10464.3
35.426, 31641.4, 10464.3
35.427, 31642, 10464.4
35.428, 31642.7, 10464.4
35.429, 31643.4, 10464.5
35.43, 31644.1, 10464.5
35.431, 31644.7, 10464.6
35.432, 31645.4, 10464.7
35.433, 31646.1, 10464.7
35.434, 31646.8, 10464.8
35.435, 31647.4, 10464.8
35.436, 31648.1, 10464.9
35.437, 31648.8, 10464.9
35.438, 31649.4, 10465
35.439, 31650.1, 10465
35.44, 31650.8, 10465.1
35.441, 31651.5, 10465.1
35.442, 31652.1, 10465.2
35.443, 31652.8, 10465.3
35.444, 31653.5, 10465.3
35.445, 31654.2, 10465.4
35.446, 31654.8, 10465.4
35.447, 31655.5, 10465.5
35.448, 31656.2, 10465.5
35.449, 31656.8, 10465.6
35.45, 31657.5, 10465.6
35.451, 31658.2, 10465.7
35.452, 31658.9, 10465.8
35.453, 31659.5, 10465.8
35.454, 31660.2, 10465.9
35.455, 31660.9, 10465.9
35.456, 31661.6, 10466
35.457, 31662.2, 10466
35.458, 31662.9, 10466.1
35.459, 31663.6, 10466.1
35.46, 31664.3, 10466.2
35.461, 31664.9, 10466.2
35.462, 31665.6, 10466.3
35.463, 31666.3, 10466.4
35.464, 31666.9, 10466.4
35.465, 31667.6, 10466.5
35.466, 31668.3, 10466.5
35.467, 31669, 10466.6
35.468, 31669.6, 10466.6
35.469, 31670.3, 10466.7
35.47, 31671, 10466.7
35.471, 31671.7, 10466.8
35.472, 31672.3, 10466.8
35.473, 31673, 10466.9
35.474, 31673.7, 10467
35.475, 31674.3, 10467
35.476, 31675, 10467.1
35.477, 31675.7, 10467.1
35.478, 31676.4, 10467.2
35.479, 31677, 10467.2
35.48, 31677.7, 10467.3
35.481, 31678.4, 10467.3
35.482, 31679.1, 10467.4
35.483, 31679.7, 10467.4
35.484, 31680.4, 10467.5
35.485, 31681.1, 10467.6
35.486, 31681.7, 10467.6
35.487, 31682.4, 10467.7
35.488, 31683.1, 10467.7
35.489, 31683.8, 10467.8
35.49, 31684.4, 10467.8
35.491, 31685.1, 10467.9
35.492, 31685.8, 10467.9
35.493, 31686.4, 10468
35.494, 31687.1, 10468
35.495, 31687.8, 10468.1
35.496, 31688.5, 10468.2
35.497, 31689.1, 10468.2
35.498, 31689.8, 10468.3
35.499, 31690.5, 10468.3
35.5, 31691.2, 10468.4
35.501, 31691.8, 10468.4
35.502, 31692.5, 10468.5
35.503, 31693.2, 10468.5
35.504, 31693.8, 10468.6
35.505, 31694.5, 10468.6
35.506, 31695.2, 10468.7
35.507, 31695.9, 10468.8
35.508, 31696.5, 10468.8
35.509, 31697.2, 10468.9
35.51, 31697.9, 10468.9
35.511, 31698.6, 10469
35.512, 31699.2, 10469
35.513, 31699.9, 10469.1
35.514, 31700.6, 10469.1
35.515, 31701.2, 10469.2
35.516, 31701.9, 10469.2
35.517, 31702.6, 10469.3
35.518, 31703.3, 10469.4
35.519, 31703.9, 10469.4
35.52, 31704.6, 10469.5
35.521, 31705.3, 10469.5
35.522, 31706, 10469.6
35.523, 31706.6, 10469.6
35.524, 31707.3, 10469.7
35.525, 31708, 10469.7
35.526, 31708.6, 10469.8
35.527, 31709.3, 10469.8
35.528, 31710, 10469.9
35.529, 31710.7, 10469.9
35.53, 31711.3, 10470
35.531, 31712, 10470.1
35.532, 31712.7, 10470.1
35.533, 31713.3, 10470.2
35.534, 31714, 10470.2
35.535, 31714.7, 10470.3
35.536, 31715.4, 10470.3
35.537, 31716, 10470.4
35.538, 31716.7, 10470.4
35.539, 31717.4, 10470.5
35.54, 31718.1, 10470.5
35.541, 31718.7, 10470.6
35.542, 31719.4, 10470.7
35.543, 31720.1, 10470.7
35.544, 31720.7, 10470.8
35.545, 31721.4, 10470.8
35.546, 31722.1, 10470.9
35.547, 31722.8, 10470.9
35.548, 31723.4, 10471
35.549, 31724.1, 10471
35.55, 31724.8, 10471.1
35.551, 31725.4, 10471.1
35.552, 31726.1, 10471.2
35.553, 31726.8, 10471.2
35.554, 31727.5, 10471.3
35.555, 31728.1, 10471.4
35.556, 31728.8, 10471.4
35.557, 31729.5, 10471.5
35.558, 31730.2, 10471.5
35.559, 31730.8, 10471.6
35.56, 31731.5, 10471.6
35.561, 31732.2, 10471.7
35.562, 31732.8, 10471.7
35.563, 31733.5, 10471.8
35.564, 31734.2, 10471.8
35.565, 31734.9, 10471.9
35.566, 31735.5, 10471.9
35.567, 31736.2, 10472
35.568, 31736.9, 10472.1
35.569, 31737.5, 10472.1
35.57, 31738.2, 10472.2
35.571, 31738.9, 10472.2
35.572, 31739.6, 10472.3
35.573, 31740.2, 10472.3
35.574, 31740.9, 10472.4
35.575, 31741.6, 10472.4
35.576, 31742.3, 10472.5
35.577, 31742.9, 10472.5
35.578, 31743.6, 10472.6
35.579, 31744.3, 10472.6
35.58, 31744.9, 10472.7
35.581, 31745.6, 10472.8
35.582, 31746.3, 10472.8
35.583, 31747, 10472.9
35.584, 31747.6, 10472.9
35.585, 31748.3, 10473
35.586, 31749, 10473
35.587, 31749.6, 10473.1
35.588, 31750.3, 10473.1
35.589, 31751, 10473.2
35.59, 31751.7, 10473.2
35.591, 31752.3, 10473.3
35.592, 31753, 10473.3
35.593, 31753.7, 10473.4
35.594, 31754.4, 10473.4
35.595, 31755, 10473.5
35.596, 31755.7, 10473.6
35.597, 31756.4, 10473.6
35.598, 31757, 10473.7
35.599, 31757.7, 10473.7
35.6, 31758.4, 10473.8
35.601, 31759.1, 10473.8
35.602, 31759.7, 10473.9
35.603, 31760.4, 10473.9
35.604, 31761.1, 10474
35.605, 31761.7, 10474
35.606, 31762.4, 10474.1
35.607, 31763.1, 10474.1
35.608, 31763.8, 10474.2
35.609, 31764.4, 10474.2
35.61, 31765.1, 10474.3
35.611, 31765.8, 10474.4
35.612, 31766.4, 10474.4
35.613, 31767.1, 10474.5
35.614, 31767.8, 10474.5
35.615, 31768.5, 10474.6
35.616, 31769.1, 10474.6
35.617, 31769.8, 10474.7
35.618, 31770.5, 10474.7
35.619, 31771.1, 10474.8
35.62, 31771.8, 10474.8
35.621, 31772.5, 10474.9
35.622, 31773.2, 10474.9
35.623, 31773.8, 10475
35.624, 31774.5, 10475
35.625, 31775.2, 10475.1
35.626, 31775.9, 10475.2
35.627, 31776.5, 10475.2
35.628, 31777.2, 10475.3
35.629, 31777.9, 10475.3
35.63, 31778.5, 10475.4
35.631, 31779.2, 10475.4
35.632, 31779.9, 10475.5
35.633, 31780.6, 10475.5
35.634, 31781.2, 10475.6
35.635, 31781.9, 10475.6
35.636, 31782.6, 10475.7
35.637, 31783.2, 10475.7
35.638, 31783.9, 10475.8
35.639, 31784.6, 10475.8
35.64, 31785.3, 10475.9
35.641, 31785.9, 10475.9
35.642, 31786.6, 10476
35.643, 31787.3, 10476.1
35.644, 31787.9, 10476.1
35.645, 31788.6, 10476.2
35.646, 31789.3, 10476.2
35.647, 31790, 10476.3
35.648, 31790.6, 10476.3
35.649, 31791.3, 10476.4
35.65, 31792, 10476.4
35.651, 31792.6, 10476.5
35.652, 31793.3, 10476.5
35.653, 31794, 10476.6
35.654, 31794.7, 10476.6
35.655, 31795.3, 10476.7
35.656, 31796, 10476.7
35.657, 31796.7, 10476.8
35.658, 31797.3, 10476.8
35.659, 31798, 10476.9
35.66, 31798.7, 10477
35.661, 31799.4, 10477
35.662, 31800, 10477.1
35.663, 31800.7, 10477.1
35.664, 31801.4, 10477.2
35.665, 31802, 10477.2
35.666, 31802.7, 10477.3
35.667, 31803.4, 10477.3
35.668, 31804.1, 10477.4
35.669, 31804.7, 10477.4
35.67, 31805.4, 10477.5
35.671, 31806.1, 10477.5
35.672, 31806.7, 10477.6
35.673, 31807.4, 10477.6
35.674, 31808.1, 10477.7
35.675, 31808.8, 10477.7
35.676, 31809.4, 10477.8
35.677, 31810.1, 10477.8
35.678, 31810.8, 10477.9
35.679, 31811.4, 10478
35.68, 31812.1, 10478
35.681, 31812.8, 10478.1
35.682, 31813.5, 10478.1
35.683, 31814.1, 10478.2
35.684, 31814.8, 10478.2
35.685, 31815.5, 10478.3
35.686, 31816.1, 10478.3
35.687, 31816.8, 10478.4
35.688, 31817.5, 10478.4
35.689, 31818.2, 10478.5
35.69, 31818.8, 10478.5
35.691, 31819.5, 10478.6
35.692, 31820.2, 10478.6
35.693, 31820.8, 10478.7
35.694, 31821.5, 10478.7
35.695, 31822.2, 10478.8
35.696, 31822.9, 10478.8
35.697, 31823.5, 10478.9
35.698, 31824.2, 10479
35.699, 31824.9, 10479
35.7, 31825.5, 10479.1
35.701, 31826.2, 10479.1
35.702, 31826.9, 10479.2
35.703, 31827.6, 10479.2
35.704, 31828.2, 10479.3
35.705, 31828.9, 10479.3
35.706, 31829.6, 10479.4
35.707, 31830.2, 10479.4
35.708, 31830.9, 10479.5
35.709, 31831.6, 10479.5
35.71, 31832.3, 10479.6
35.711, 31832.9, 10479.6
35.712, 31833.6, 10479.7
35.713, 31834.3, 10479.7
35.714, 31834.9, 10479.8
35.715, 31835.6, 10479.8
35.716, 31836.3, 10479.9
35.717, 31837, 10479.9
35.718, 31837.6, 10480
35.719, 31838.3, 10480
35.72, 31839, 10480.1
35.721, 31839.6, 10480.2
35.722, 31840.3, 10480.2
35.723, 31841, 10480.3
35.724, 31841.7, 10480.3
35.725, 31842.3, 10480.4
35.726, 31843, 10480.4
35.727, 31843.7, 10480.5
35.728, 31844.3, 10480.5
35.729, 31845, 10480.6
35.73, 31845.7, 10480.6
35.731, 31846.4, 10480.7
35.732, 31847, 10480.7
35.733, 31847.7, 10480.8
35.734, 31848.4, 10480.8
35.735, 31849, 10480.9
35.736, 31849.7, 10480.9
35.737, 31850.4, 10481
35.738, 31851.1, 10481
35.739, 31851.7, 10481.1
35.74, 31852.4, 10481.1
35.741, 31853.1, 10481.2
35.742, 31853.7, 10481.2
35.743, 31854.4, 10481.3
35.744, 31855.1, 10481.3
35.745, 31855.7, 10481.4
35.746, 31856.4, 10481.5
35.747, 31857.1, 10481.5
35.748, 31857.8, 10481.6
35.749, 31858.4, 10481.6
35.75, 31859.1, 10481.7
35.751, 31859.8, 10481.7
35.752, 31860.4, 10481.8
35.753, 31861.1, 10481.8
35.754, 31861.8, 10481.9
35.755, 31862.5, 10481.9
35.756, 31863.1, 10482
35.757, 31863.8, 10482
35.758, 31864.5, 10482.1
35.759, 31865.1, 10482.1
35.76, 31865.8, 10482.2
35.761, 31866.5, 10482.2
35.762, 31867.2, 10482.3
35.763, 31867.8, 10482.3
35.764, 31868.5, 10482.4
35.765, 31869.2, 10482.4
35.766, 31869.8, 10482.5
35.767, 31870.5, 10482.5
35.768, 31871.2, 10482.6
35.769, 31871.9, 10482.6
35.77, 31872.5, 10482.7
35.771, 31873.2, 10482.7
35.772, 31873.9, 10482.8
35.773, 31874.5, 10482.9
35.774, 31875.2, 10482.9
35.775, 31875.9, 10483
35.776, 31876.5, 10483
35.777, 31877.2, 10483.1
35.778, 31877.9, 10483.1
35.779, 31878.6, 10483.2
35.78, 31879.2, 10483.2
35.781, 31879.9, 10483.3
35.782, 31880.6, 10483.3
35.783, 31881.2, 10483.4
35.784, 31881.9, 10483.4
35.785, 31882.6, 10483.5
35.786, 31883.3, 10483.5
35.787, 31883.9, 10483.6
35.788, 31884.6, 10483.6
35.789, 31885.3, 10483.7
35.79, 31885.9, 10483.7
35.791, 31886.6, 10483.8
35.792, 31887.3, 10483.8
35.793, 31888, 10483.9
35.794, 31888.6, 10483.9
35.795, 31889.3, 10484
35.796, 31890, 10484
35.797, 31890.6, 10484.1
35.798, 31891.3, 10484.1
35.799, 31892, 10484.2
35.8, 31892.6, 10484.2
35.801, 31893.3, 10484.3
35.802, 31894, 10484.3
35.803, 31894.7, 10484.4
35.804, 31895.3, 10484.4
35.805, 31896, 10484.5
35.806, 31896.7, 10484.5
35.807, 31897.3, 10484.6
35.808, 31898, 10484.7
35.809, 31898.7, 10484.7
35.81, 31899.4, 10484.8
35.811, 31900, 10484.8
35.812, 31900.7, 10484.9
35.813, 31901.4, 10484.9
35.814, 31902, 10485
35.815, 31902.7, 10485
35.816, 31903.4, 10485.1
35.817, 31904.1, 10485.1
35.818, 31904.7, 10485.2
35.819, 31905.4, 10485.2
35.82, 31906.1, 10485.3
35.821, 31906.7, 10485.3
35.822, 31907.4, 10485.4
35.823, 31908.1, 10485.4
35.824, 31908.7, 10485.5
35.825, 31909.4, 10485.5
35.826, 31910.1, 10485.6
35.827, 31910.8, 10485.6
35.828, 31911.4, 10485.7
35.829, 31912.1, 10485.7
35.83, 31912.8, 10485.8
35.831, 31913.4, 10485.8
35.832, 31914.1, 10485.9
35.833, 31914.8, 10485.9
35.834, 31915.4, 10486
35.835, 31916.1, 10486
35.836, 31916.8, 10486.1
35.837, 31917.5, 10486.1
35.838, 31918.1, 10486.2
35.839, 31918.8, 10486.2
35.84, 31919.5, 10486.3
35.841, 31920.1, 10486.3
35.842, 31920.8, 10486.4
35.843, 31921.5, 10486.4
35.844, 31922.2, 10486.5
35.845, 31922.8, 10486.5
35.846, 31923.5, 10486.6
35.847, 31924.2, 10486.6
35.848, 31924.8, 10486.7
35.849, 31925.5, 10486.7
35.85, 31926.2, 10486.8
35.851, 31926.8, 10486.8
35.852, 31927.5, 10486.9
35.853, 31928.2, 10486.9
35.854, 31928.9, 10487
35.855, 31929.5, 10487
35.856, 31930.2, 10487.1
35.857, 31930.9, 10487.2
35.858, 31931.5, 10487.2
35.859, 31932.2, 10487.3
35.86, 31932.9, 10487.3
35.861, 31933.6, 10487.4
35.862, 31934.2, 10487.4
35.863, 31934.9, 10487.5
35.864, 31935.6, 10487.5
35.865, 31936.2, 10487.6
35.866, 31936.9, 10487.6
35.867, 31937.6, 10487.7
35.868, 31938.2, 10487.7
35.869, 31938.9, 10487.8
35.87, 31939.6, 10487.8
35.871, 31940.3, 10487.9
35.872, 31940.9, 10487.9
35.873, 31941.6, 10488
35.874, 31942.3, 10488
35.875, 31942.9, 10488.1
35.876, 31943.6, 10488.1
35.877, 31944.3, 10488.2
35.878, 31944.9, 10488.2
35.879, 31945.6, 10488.3
35.88, 31946.3, 10488.3
35.881, 31947, 10488.4
35.882, 31947.6, 10488.4
35.883, 31948.3, 10488.5
35.884, 31949, 10488.5
35.885, 31949.6, 10488.6
35.886, 31950.3, 10488.6
35.887, 31951, 10488.7
35.888, 31951.6, 10488.7
35.889, 31952.3, 10488.8
35.89, 31953, 10488.8
35.891, 31953.7, 10488.9
35.892, 31954.3, 10488.9
35.893, 31955, 10489
35.894, 31955.7, 10489
35.895, 31956.3, 10489.1
35.896, 31957, 10489.1
35.897, 31957.7, 10489.2
35.898, 31958.4, 10489.2
35.899, 31959, 10489.3
35.9, 31959.7, 10489.3
35.901, 31960.4, 10489.4
35.902, 31961, 10489.4
35.903, 31961.7, 10489.5
35.904, 31962.4, 10489.5
35.905, 31963, 10489.6
35.906, 31963.7, 10489.6
35.907, 31964.4, 10489.7
35.908, 31965.1, 10489.7
35.909, 31965.7, 10489.8
35.91, 31966.4, 10489.8
35.911, 31967.1, 10489.9
35.912, 31967.7, 10489.9
35.913, 31968.4, 10490
35.914, 31969.1, 10490
35.915, 31969.7, 10490.1
35.916, 31970.4, 10490.1
35.917, 31971.1, 10490.2
35.918, 31971.8, 10490.2
35.919, 31972.4, 10490.3
35.92, 31973.1, 10490.3
35.921, 31973.8, 10490.4
35.922, 31974.4, 10490.4
35.923, 31975.1, 10490.5
35.924, 31975.8, 10490.5
35.925, 31976.4, 10490.6
35.926, 31977.1, 10490.6
35.927, 31977.8, 10490.7
35.928, 31978.5, 10490.7
35.929, 31979.1, 10490.8
35.93, 31979.8, 10490.8
35.931, 31980.5, 10490.9
35.932, 31981.1, 10490.9
35.933, 31981.8, 10491
35.934, 31982.5, 10491
35.935, 31983.1, 10491.1
35.936, 31983.8, 10491.1
35.937, 31984.5, 10491.2
35.938, 31985.2, 10491.2
35.939, 31985.8, 10491.3
35.94, 31986.5, 10491.3
35.941, 31987.2, 10491.4
35.942, 31987.8, 10491.4
35.943, 31988.5, 10491.5
35.944, 31989.2, 10491.5
35.945, 31989.8, 10491.6
35.946, 31990.5, 10491.6
35.947, 31991.2, 10491.7
35.948, 31991.9, 10491.7
35.949, 31992.5, 10491.8
35.95, 31993.2, 10491.8
35.951, 31993.9, 10491.9
35.952, 31994.5, 10491.9
35.953, 31995.2, 10492
35.954, 31995.9, 10492
35.955, 31996.5, 10492.1
35.956, 31997.2, 10492.1
35.957, 31997.9, 10492.2
35.958, 31998.5, 10492.2
35.959, 31999.2, 10492.3
35.96, 31999.9, 10492.3
35.961, 32000.6, 10492.4
35.962, 32001.2, 10492.4
35.963, 32001.9, 10492.5
35.964, 32002.6, 10492.5
35.965, 32003.2, 10492.6
35.966, 32003.9, 10492.6
35.967, 32004.6, 10492.7
35.968, 32005.2, 10492.7
35.969, 32005.9, 10492.8
35.97, 32006.6, 10492.8
35.971, 32007.3, 10492.9
35.972, 32007.9, 10492.9
35.973, 32008.6, 10493
35.974, 32009.3, 10493
35.975, 32009.9, 10493.1
35.976, 32010.6, 10493.1
35.977, 32011.3, 10493.2
35.978, 32011.9, 10493.2
35.979, 32012.6, 10493.3
35.98, 32013.3, 10493.3
35.981, 32014, 10493.4
35.982, 32014.6, 10493.4
35.983, 32015.3, 10493.5
35.984, 32016, 10493.5
35.985, 32016.6, 10493.6
35.986, 32017.3, 10493.6
35.987, 32018, 10493.7
35.988, 32018.6, 10493.7
35.989, 32019.3, 10493.8
35.99, 32020, 10493.8
35.991, 32020.6, 10493.9
35.992, 32021.3, 10493.9
35.993, 32022, 10494
35.994, 32022.7, 10494
35.995, 32023.3, 10494.1
35.996, 32024, 10494.1
35.997, 32024.7, 10494.2
35.998, 32025.3, 10494.2
35.999, 32026, 10494.3
36, 32026.7, 10494.3
36.001, 32027.3, 10494.4
36.002, 32028, 10494.4
36.003, 32028.7, 10494.5
36.004, 32029.4, 10494.5
36.005, 32030, 10494.5
36.006, 32030.7, 10494.6
36.007, 32031.4, 10494.6
36.008, 32032, 10494.7
36.009, 32032.7, 10494.7
36.01, 32033.4, 10494.8
36.011, 32034, 10494.8
36.012, 32034.7, 10494.9
36.013, 32035.4, 10494.9
36.014, 32036, 10495
36.015, 32036.7, 10495
36.016, 32037.4, 10495.1
36.017, 32038.1, 10495.1
36.018, 32038.7, 10495.2
36.019, 32039.4, 10495.2
36.02, 32040.1, 10495.3
36.021, 32040.7, 10495.3
36.022, 32041.4, 10495.4
36.023, 32042.1, 10495.4
36.024, 32042.7, 10495.5
36.025, 32043.4, 10495.5
36.026, 32044.1, 10495.6
36.027, 32044.7, 10495.6
36.028, 32045.4, 10495.7
36.029, 32046.1, 10495.7
36.03, 32046.8, 10495.8
36.031, 32047.4, 10495.8
36.032, 32048.1, 10495.9
36.033, 32048.8, 10495.9
36.034, 32049.4, 10496
36.035, 32050.1, 10496
36.036, 32050.8, 10496.1
36.037, 32051.4, 10496.1
36.038, 32052.1, 10496.2
36.039, 32052.8, 10496.2
36.04, 32053.4, 10496.3
36.041, 32054.1, 10496.3
36.042, 32054.8, 10496.4
36.043, 32055.5, 10496.4
36.044, 32056.1, 10496.5
36.045, 32056.8, 10496.5
36.046, 32057.5, 10496.6
36.047, 32058.1, 10496.6
36.048, 32058.8, 10496.7
36.049, 32059.5, 10496.7
36.05, 32060.1, 10496.8
36.051, 32060.8, 10496.8
36.052, 32061.5, 10496.9
36.053, 32062.1, 10496.9
36.054, 32062.8, 10497
36.055, 32063.5, 10497
36.056, 32064.2, 10497
36.057, 32064.8, 10497.1
36.058, 32065.5, 10497.1
36.059, 32066.2, 10497.2
36.06, 32066.8, 10497.2
36.061, 32067.5, 10497.3
36.062, 32068.2, 10497.3
36.063, 32068.8, 10497.4
36.064, 32069.5, 10497.4
36.065, 32070.2, 10497.5
36.066, 32070.8, 10497.5
36.067, 32071.5, 10497.6
36.068, 32072.2, 10497.6
36.069, 32072.9, 10497.7
36.07, 32073.5, 10497.7
36.071, 32074.2, 10497.8
36.072, 32074.9, 10497.8
36.073, 32075.5, 10497.9
36.074, 32076.2, 10497.9
36.075, 32076.9, 10498
36.076, 32077.5, 10498
36.077, 32078.2, 10498.1
36.078, 32078.9, 10498.1
36.079, 32079.5, 10498.2
36.08, 32080.2, 10498.2
36.081, 32080.9, 10498.3
36.082, 32081.6, 10498.3
36.083, 32082.2, 10498.4
36.084, 32082.9, 10498.4
36.085, 32083.6, 10498.5
36.086, 32084.2, 10498.5
36.087, 32084.9, 10498.6
36.088, 32085.6, 10498.6
36.089, 32086.2, 10498.6
36.09, 32086.9, 10498.7
36.091, 32087.6, 10498.7
36.092, 32088.2, 10498.8
36.093, 32088.9, 10498.8
36.094, 32089.6, 10498.9
36.095, 32090.3, 10498.9
36.096, 32090.9, 10499
36.097, 32091.6, 10499
36.098, 32092.3, 10499.1
36.099, 32092.9, 10499.1
36.1, 32093.6, 10499.2
36.101, 32094.3, 10499.2
36.102, 32094.9, 10499.3
36.103, 32095.6, 10499.3
36.104, 32096.3, 10499.4
36.105, 32096.9, 10499.4
36.106, 32097.6, 10499.5
36.107, 32098.3, 10499.5
36.108, 32098.9, 10499.6
36.109, 32099.6, 10499.6
36.11, 32100.3, 10499.7
36.111, 32101, 10499.7
36.112, 32101.6, 10499.8
36.113, 32102.3, 10499.8
36.114, 32103, 10499.9
36.115, 32103.6, 10499.9
36.116, 32104.3, 10500
36.117, 32105, 10500
36.118, 32105.6, 10500
36.119, 32106.3, 10500.1
36.12, 32107, 10500.1
36.121, 32107.6, 10500.2
36.122, 32108.3, 10500.2
36.123, 32109, 10500.3
36.124, 32109.6, 10500.3
36.125, 32110.3, 10500.4
36.126, 32111, 10500.4
36.127, 32111.7, 10500.5
36.128, 32112.3, 10500.5
36.129, 32113, 10500.6
36.13, 32113.7, 10500.6
36.131, 32114.3, 10500.7
36.132, 32115, 10500.7
36.133, 32115.7, 10500.8
36.134, 32116.3, 10500.8
36.135, 32117, 10500.9
36.136, 32117.7, 10500.9
36.137, 32118.3, 10501
36.138, 32119, 10501
36.139, 32119.7, 10501.1
36.14, 32120.3, 10501.1
36.141, 32121, 10501.2
36.142, 32121.7, 10501.2
36.143, 32122.4, 10501.2
36.144, 32123, 10501.3
36.145, 32123.7, 10501.3
36.146, 32124.4, 10501.4
36.147, 32125, 10501.4
36.148, 32125.7, 10501.5
36.149, 32126.4, 10501.5
36.15, 32127, 10501.6
36.151, 32127.7, 10501.6
36.152, 32128.4, 10501.7
36.153, 32129, 10501.7
36.154, 32129.7, 10501.8
36.155, 32130.4, 10501.8
36.156, 32131, 10501.9
36.157, 32131.7, 10501.9
36.158, 32132.4, 10502
36.159, 32133.1, 10502
36.16, 32133.7, 10502.1
36.161, 32134.4, 10502.1
36.162, 32135.1, 10502.2
36.163, 32135.7, 10502.2
36.164, 32136.4, 10502.2
36.165, 32137.1, 10502.3
36.166, 32137.7, 10502.3
36.167, 32138.4, 10502.4
36.168, 32139.1, 10502.4
36.169, 32139.7, 10502.5
36.17, 32140.4, 10502.5
36.171, 32141.1, 10502.6
36.172, 32141.7, 10502.6
36.173, 32142.4, 10502.7
36.174, 32143.1, 10502.7
36.175, 32143.7, 10502.8
36.176, 32144.4, 10502.8
36.177, 32145.1, 10502.9
36.178, 32145.8, 10502.9
36.179, 32146.4, 10503
36.18, 32147.1, 10503
36.181, 32147.8, 10503.1
36.182, 32148.4, 10503.1
36.183, 32149.1, 10503.2
36.184, 32149.8, 10503.2
36.185, 32150.4, 10503.2
36.186, 32151.1, 10503.3
36.187, 32151.8, 10503.3
36.188, 32152.4, 10503.4
36.189, 32153.1, 10503.4
36.19, 32153.8, 10503.5
36.191, 32154.4, 10503.5
36.192, 32155.1, 10503.6
36.193, 32155.8, 10503.6
36.194, 32156.4, 10503.7
36.195, 32157.1, 10503.7
36.196, 32157.8, 10503.8
36.197, 32158.5, 10503.8
36.198, 32159.1, 10503.9
36.199, 32159.8, 10503.9
36.2, 32160.5, 10504
36.201, 32161.1, 10504
36.202, 32161.8, 10504.1
36.203, 32162.5, 10504.1
36.204, 32163.1, 10504.1
36.205, 32163.8, 10504.2
36.206, 32164.5, 10504.2
36.207, 32165.1, 10504.3
36.208, 32165.8, 10504.3
36.209, 32166.5, 10504.4
36.21, 32167.1, 10504.4
36.211, 32167.8, 10504.5
36.212, 32168.5, 10504.5
36.213, 32169.1, 10504.6
36.214, 32169.8, 10504.6
36.215, 32170.5, 10504.7
36.216, 32171.1, 10504.7
36.217, 32171.8, 10504.8
36.218, 32172.5, 10504.8
36.219, 32173.2, 10504.9
36.22, 32173.8, 10504.9
36.221, 32174.5, 10504.9
36.222, 32175.2, 10505
36.223, 32175.8, 10505
36.224, 32176.5, 10505.1
36.225, 32177.2, 10505.1
36.226, 32177.8, 10505.2
36.227, 32178.5, 10505.2
36.228, 32179.2, 10505.3
36.229, 32179.8, 10505.3
36.23, 32180.5, 10505.4
36.231, 32181.2, 10505.4
36.232, 32181.8, 10505.5
36.233, 32182.5, 10505.5
36.234, 32183.2, 10505.6
36.235, 32183.8, 10505.6
36.236, 32184.5, 10505.7
36.237, 32185.2, 10505.7
36.238, 32185.8, 10505.7
36.239, 32186.5, 10505.8
36.24, 32187.2, 10505.8
36.241, 32187.9, 10505.9
36.242, 32188.5, 10505.9
36.243, 32189.2, 10506
36.244, 32189.9, 10506
36.245, 32190.5, 10506.1
36.246, 32191.2, 10506.1
36.247, 32191.9, 10506.2
36.248, 32192.5, 10506.2
36.249, 32193.2, 10506.3
36.25, 32193.9, 10506.3
36.251, 32194.5, 10506.4
36.252, 32195.2, 10506.4
36.253, 32195.9, 10506.4
36.254, 32196.5, 10506.5
36.255, 32197.2, 10506.5
36.256, 32197.9, 10506.6
36.257, 32198.5, 10506.6
36.258, 32199.2, 10506.7
36.259, 32199.9, 10506.7
36.26, 32200.5, 10506.8
36.261, 32201.2, 10506.8
36.262, 32201.9, 10506.9
36.263, 32202.5, 10506.9
36.264, 32203.2, 10507
36.265, 32203.9, 10507
36.266, 32204.6, 10507.1
36.267, 32205.2, 10507.1
36.268, 32205.9, 10507.1
36.269, 32206.6, 10507.2
36.27, 32207.2, 10507.2
36.271, 32207.9, 10507.3
36.272, 32208.6, 10507.3
36.273, 32209.2, 10507.4
36.274, 32209.9, 10507.4
36.275, 32210.6, 10507.5
36.276, 32211.2, 10507.5
36.277, 32211.9, 10507.6
36.278, 32212.6, 10507.6
36.279, 32213.2, 10507.7
36.28, 32213.9, 10507.7
36.281, 32214.6, 10507.7
36.282, 32215.2, 10507.8
36.283, 32215.9, 10507.8
36.284, 32216.6, 10507.9
36.285, 32217.2, 10507.9
36.286, 32217.9, 10508
36.287, 32218.6, 10508
36.288, 32219.2, 10508.1
36.289, 32219.9, 10508.1
36.29, 32220.6, 10508.2
36.291, 32221.2, 10508.2
36.292, 32221.9, 10508.3
36.293, 32222.6, 10508.3
36.294, 32223.3, 10508.4
36.295, 32223.9, 10508.4
36.296, 32224.6, 10508.4
36.297, 32225.3, 10508.5
36.298, 32225.9, 10508.5
36.299, 32226.6, 10508.6
36.3, 32227.3, 10508.6
36.301, 32227.9, 10508.7
36.302, 32228.6, 10508.7
36.303, 32229.3, 10508.8
36.304, 32229.9, 10508.8
36.305, 32230.6, 10508.9
36.306, 32231.3, 10508.9
36.307, 32231.9, 10509
36.308, 32232.6, 10509
36.309, 32233.3, 10509
36.31, 32233.9, 10509.1
36.311, 32234.6, 10509.1
36.312, 32235.3, 10509.2
36.313, 32235.9, 10509.2
36.314, 32236.6, 10509.3
36.315, 32237.3, 10509.3
36.316, 32237.9, 10509.4
36.317, 32238.6, 10509.4
36.318, 32239.3, 10509.5
36.319, 32239.9, 10509.5
36.32, 32240.6, 10509.6
36.321, 32241.3, 10509.6
36.322, 32241.9, 10509.6
36.323, 32242.6, 10509.7
36.324, 32243.3, 10509.7
36.325, 32243.9, 10509.8
36.326, 32244.6, 10509.8
36.327, 32245.3, 10509.9
36.328, 32246, 10509.9
36.329, 32246.6, 10510
36.33, 32247.3, 10510
36.331, 32248, 10510.1
36.332, 32248.6, 10510.1
36.333, 32249.3, 10510.1
36.334, 32250, 10510.2
36.335, 32250.6, 10510.2
36.336, 32251.3, 10510.3
36.337, 32252, 10510.3
36.338, 32252.6, 10510.4
36.339, 32253.3, 10510.4
36.34, 32254, 10510.5
36.341, 32254.6, 10510.5
36.342, 32255.3, 10510.6
36.343, 32256, 10510.6
36.344, 32256.6, 10510.7
36.345, 32257.3, 10510.7
36.346, 32258, 10510.7
36.347, 32258.6, 10510.8
36.348, 32259.3, 10510.8
36.349, 32260, 10510.9
36.35, 32260.6, 10510.9
36.351, 32261.3, 10511
36.352, 32262, 10511
36.353, 32262.6, 10511.1
36.354, 32263.3, 10511.1
36.355, 32264, 10511.2
36.356, 32264.6, 10511.2
36.357, 32265.3, 10511.2
36.358, 32266, 10511.3
36.359, 32266.6, 10511.3
36.36, 32267.3, 10511.4
36.361, 32268, 10511.4
36.362, 32268.6, 10511.5
36.363, 32269.3, 10511.5
36.364, 32270, 10511.6
36.365, 32270.6, 10511.6
36.366, 32271.3, 10511.7
36.367, 32272, 10511.7
36.368, 32272.6, 10511.7
36.369, 32273.3, 10511.8
36.37, 32274, 10511.8
36.371, 32274.7, 10511.9
36.372, 32275.3, 10511.9
36.373, 32276, 10512
36.374, 32276.7, 10512
36.375, 32277.3, 10512.1
36.376, 32278, 10512.1
36.377, 32278.7, 10512.2
36.378, 32279.3, 10512.2
36.379, 32280, 10512.2
36.38, 32280.7, 10512.3
36.381, 32281.3, 10512.3
36.382, 32282, 10512.4
36.383, 32282.7, 10512.4
36.384, 32283.3, 10512.5
36.385, 32284, 10512.5
36.386, 32284.7, 10512.6
36.387, 32285.3, 10512.6
36.388, 32286, 10512.7
36.389, 32286.7, 10512.7
36.39, 32287.3, 10512.7
36.391, 32288, 10512.8
36.392, 32288.7, 10512.8
36.393, 32289.3, 10512.9
36.394, 32290, 10512.9
36.395, 32290.7, 10513
36.396, 32291.3, 10513
36.397, 32292, 10513.1
36.398, 32292.7, 10513.1
36.399, 32293.3, 10513.2
36.4, 32294, 10513.2
36.401, 32294.7, 10513.2
36.402, 32295.3, 10513.3
36.403, 32296, 10513.3
36.404, 32296.7, 10513.4
36.405, 32297.3, 10513.4
36.406, 32298, 10513.5
36.407, 32298.7, 10513.5
36.408, 32299.3, 10513.6
36.409, 32300, 10513.6
36.41, 32300.7, 10513.7
36.411, 32301.3, 10513.7
36.412, 32302, 10513.7
36.413, 32302.7, 10513.8
36.414, 32303.3, 10513.8
36.415, 32304, 10513.9
36.416, 32304.7, 10513.9
36.417, 32305.3, 10514
36.418, 32306, 10514
36.419, 32306.7, 10514.1
36.42, 32307.3, 10514.1
36.421, 32308, 10514.1
36.422, 32308.7, 10514.2
36.423, 32309.3, 10514.2
36.424, 32310, 10514.3
36.425, 32310.7, 10514.3
36.426, 32311.3, 10514.4
36.427, 32312, 10514.4
36.428, 32312.7, 10514.5
36.429, 32313.3, 10514.5
36.43, 32314, 10514.6
36.431, 32314.7, 10514.6
36.432, 32315.3, 10514.6
36.433, 32316, 10514.7
36.434, 32316.7, 10514.7
36.435, 32317.3, 10514.8
36.436, 32318, 10514.8
36.437, 32318.7, 10514.9
36.438, 32319.3, 10514.9
36.439, 32320, 10515
36.44, 32320.7, 10515
36.441, 32321.3, 10515
36.442, 32322, 10515.1
36.443, 32322.7, 10515.1
36.444, 32323.3, 10515.2
36.445, 32324, 10515.2
36.446, 32324.7, 10515.3
36.447, 32325.3, 10515.3
36.448, 32326, 10515.4
36.449, 32326.7, 10515.4
36.45, 32327.3, 10515.4
36.451, 32328, 10515.5
36.452, 32328.7, 10515.5
36.453, 32329.3, 10515.6
36.454, 32330, 10515.6
36.455, 32330.7, 10515.7
36.456, 32331.3, 10515.7
36.457, 32332, 10515.8
36.458, 32332.7, 10515.8
36.459, 32333.3, 10515.8
36.46, 32334, 10515.9
36.461, 32334.7, 10515.9
36.462, 32335.3, 10516
36.463, 32336, 10516
36.464, 32336.7, 10516.1
36.465, 32337.3, 10516.1
36.466, 32338, 10516.2
36.467, 32338.7, 10516.2
36.468, 32339.4, 10516.3
36.469, 32340, 10516.3
36.47, 32340.7, 10516.3
36.471, 32341.4, 10516.4
36.472, 32342, 10516.4
36.473, 32342.7, 10516.5
36.474, 32343.4, 10516.5
36.475, 32344, 10516.6
36.476, 32344.7, 10516.6
36.477, 32345.4, 10516.7
36.478, 32346, 10516.7
36.479, 32346.7, 10516.7
36.48, 32347.4, 10516.8
36.481, 32348, 10516.8
36.482, 32348.7, 10516.9
36.483, 32349.4, 10516.9
36.484, 32350, 10517
36.485, 32350.7, 10517
36.486, 32351.4, 10517
36.487, 32352, 10517.1
36.488, 32352.7, 10517.1
36.489, 32353.3, 10517.2
36.49, 32354, 10517.2
36.491, 32354.7, 10517.3
36.492, 32355.3, 10517.3
36.493, 32356, 10517.4
36.494, 32356.7, 10517.4
36.495, 32357.3, 10517.4
36.496, 32358, 10517.5
36.497, 32358.7, 10517.5
36.498, 32359.3, 10517.6
36.499, 32360, 10517.6
36.5, 32360.7, 10517.7
36.501, 32361.3, 10517.7
36.502, 32362, 10517.8
36.503, 32362.7, 10517.8
36.504, 32363.3, 10517.8
36.505, 32364, 10517.9
36.506, 32364.7, 10517.9
36.507, 32365.3, 10518
36.508, 32366, 10518
36.509, 32366.7, 10518.1
36.51, 32367.3, 10518.1
36.511, 32368, 10518.2
36.512, 32368.7, 10518.2
36.513, 32369.3, 10518.2
36.514, 32370, 10518.3
36.515, 32370.7, 10518.3
36.516, 32371.3, 10518.4
36.517, 32372, 10518.4
36.518, 32372.7, 10518.5
36.519, 32373.3, 10518.5
36.52, 32374, 10518.6
36.521, 32374.7, 10518.6
36.522, 32375.3, 10518.6
36.523, 32376, 10518.7
36.524, 32376.7, 10518.7
36.525, 32377.3, 10518.8
36.526, 32378, 10518.8
36.527, 32378.7, 10518.9
36.528, 32379.3, 10518.9
36.529, 32380, 10518.9
36.53, 32380.7, 10519
36.531, 32381.3, 10519
36.532, 32382, 10519.1
36.533, 32382.7, 10519.1
36.534, 32383.3, 10519.2
36.535, 32384, 10519.2
36.536, 32384.7, 10519.3
36.537, 32385.3, 10519.3
36.538, 32386, 10519.3
36.539, 32386.7, 10519.4
36.54, 32387.3, 10519.4
36.541, 32388, 10519.5
36.542, 32388.7, 10519.5
36.543, 32389.3, 10519.6
36.544, 32390, 10519.6
36.545, 32390.7, 10519.6
36.546, 32391.3, 10519.7
36.547, 32392, 10519.7
36.548, 32392.7, 10519.8
36.549, 32393.3, 10519.8
36.55, 32394, 10519.9
36.551, 32394.7, 10519.9
36.552, 32395.3, 10520
36.553, 32396, 10520
36.554, 32396.7, 10520
36.555, 32397.3, 10520.1
36.556, 32398, 10520.1
36.557, 32398.7, 10520.2
36.558, 32399.3, 10520.2
36.559, 32400, 10520.3
36.56, 32400.7, 10520.3
36.561, 32401.3, 10520.3
36.562, 32402, 10520.4
36.563, 32402.7, 10520.4
36.564, 32403.3, 10520.5
36.565, 32404, 10520.5
36.566, 32404.7, 10520.6
36.567, 32405.3, 10520.6
36.568, 32406, 10520.6
36.569, 32406.7, 10520.7
36.57, 32407.3, 10520.7
36.571, 32408, 10520.8
36.572, 32408.7, 10520.8
36.573, 32409.3, 10520.9
36.574, 32410, 10520.9
36.575, 32410.7, 10521
36.576, 32411.3, 10521
36.577, 32412, 10521
36.578, 32412.7, 10521.1
36.579, 32413.3, 10521.1
36.58, 32414, 10521.2
36.581, 32414.7, 10521.2
36.582, 32415.3, 10521.3
36.583, 32416, 10521.3
36.584, 32416.6, 10521.3
36.585, 32417.3, 10521.4
36.586, 32418, 10521.4
36.587, 32418.6, 10521.5
36.588, 32419.3, 10521.5
36.589, 32420, 10521.6
36.59, 32420.6, 10521.6
36.591, 32421.3, 10521.6
36.592, 32422, 10521.7
36.593, 32422.6, 10521.7
36.594, 32423.3, 10521.8
36.595, 32424, 10521.8
36.596, 32424.6, 10521.9
36.597, 32425.3, 10521.9
36.598, 32426, 10521.9
36.599, 32426.6, 10522
36.6, 32427.3, 10522
36.601, 32428, 10522.1
36.602, 32428.6, 10522.1
36.603, 32429.3, 10522.2
36.604, 32430, 10522.2
36.605, 32430.6, 10522.3
36.606, 32431.3, 10522.3
36.607, 32432, 10522.3
36.608, 32432.6, 10522.4
36.609, 32433.3, 10522.4
36.61, 32434, 10522.5
36.611, 32434.6, 10522.5
36.612, 32435.3, 10522.6
36.613, 32436, 10522.6
36.614, 32436.6, 10522.6
36.615, 32437.3, 10522.7
36.616, 32438, 10522.7
36.617, 32438.6, 10522.8
36.618, 32439.3, 10522.8
36.619, 32440, 10522.9
36.62, 32440.6, 10522.9
36.621, 32441.3, 10522.9
36.622, 32442, 10523
36.623, 32442.6, 10523
36.624, 32443.3, 10523.1
36.625, 32444, 10523.1
36.626, 32444.6, 10523.2
36.627, 32445.3, 10523.2
36.628, 32445.9, 10523.2
36.629, 32446.6, 10523.3
36.63, 32447.3, 10523.3
36.631, 32447.9, 10523.4
36.632, 32448.6, 10523.4
36.633, 32449.3, 10523.5
36.634, 32449.9, 10523.5
36.635, 32450.6, 10523.5
36.636, 32451.3, 10523.6
36.637, 32451.9, 10523.6
36.638, 32452.6, 10523.7
36.639, 32453.3, 10523.7
36.64, 32453.9, 10523.8
36.641, 32454.6, 10523.8
36.642, 32455.3, 10523.8
36.643, 32455.9, 10523.9
36.644, 32456.6, 10523.9
36.645, 32457.3, 10524
36.646, 32457.9, 10524
36.647, 32458.6, 10524.1
36.648, 32459.3, 10524.1
36.649, 32459.9, 10524.1
36.65, 32460.6, 10524.2
36.651, 32461.3, 10524.2
36.652, 32461.9, 10524.3
36.653, 32462.6, 10524.3
36.654, 32463.3, 10524.4
36.655, 32463.9, 10524.4
36.656, 32464.6, 10524.4
36.657, 32465.3, 10524.5
36.658, 32465.9, 10524.5
36.659, 32466.6, 10524.6
36.66, 32467.2, 10524.6
36.661, 32467.9, 10524.6
36.662, 32468.6, 10524.7
36.663, 32469.2, 10524.7
36.664, 32469.9, 10524.8
36.665, 32470.6, 10524.8
36.666, 32471.2, 10524.9
36.667, 32471.9, 10524.9
36.668, 32472.6, 10524.9
36.669, 32473.2, 10525
36.67, 32473.9, 10525
36.671, 32474.6, 10525.1
36.672, 32475.2, 10525.1
36.673, 32475.9, 10525.2
36.674, 32476.6, 10525.2
36.675, 32477.2, 10525.2
36.676, 32477.9, 10525.3
36.677, 32478.6, 10525.3
36.678, 32479.2, 10525.4
36.679, 32479.9, 10525.4
36.68, 32480.6, 10525.5
36.681, 32481.2, 10525.5
36.682, 32481.9, 10525.5
36.683, 32482.6, 10525.6
36.684, 32483.2, 10525.6
36.685, 32483.9, 10525.7
36.686, 32484.6, 10525.7
36.687, 32485.2, 10525.8
36.688, 32485.9, 10525.8
36.689, 32486.5, 10525.8
36.69, 32487.2, 10525.9
36.691, 32487.9, 10525.9
36.692, 32488.5, 10526
36.693, 32489.2, 10526
36.694, 32489.9, 10526
36.695, 32490.5, 10526.1
36.696, 32491.2, 10526.1
36.697, 32491.9, 10526.2
36.698, 32492.5, 10526.2
36.699, 32493.2, 10526.3
36.7, 32493.9, 10526.3
36.701, 32494.5, 10526.3
36.702, 32495.2, 10526.4
36.703, 32495.9, 10526.4
36.704, 32496.5, 10526.5
36.705, 32497.2, 10526.5
36.706, 32497.9, 10526.6
36.707, 32498.5, 10526.6
36.708, 32499.2, 10526.6
36.709, 32499.9, 10526.7
36.71, 32500.5, 10526.7
36.711, 32501.2, 10526.8
36.712, 32501.9, 10526.8
36.713, 32502.5, 10526.8
36.714, 32503.2, 10526.9
36.715, 32503.8, 10526.9
36.716, 32504.5, 10527
36.717, 32505.2, 10527
36.718, 32505.8, 10527.1
36.719, 32506.5, 10527.1
36.72, 32507.2, 10527.1
36.721, 32507.8, 10527.2
36.722, 32508.5, 10527.2
36.723, 32509.2, 10527.3
36.724, 32509.8, 10527.3
36.725, 32510.5, 10527.4
36.726, 32511.2, 10527.4
36.727, 32511.8, 10527.4
36.728, 32512.5, 10527.5
36.729, 32513.2, 10527.5
36.73, 32513.8, 10527.6
36.731, 32514.5, 10527.6
36.732, 32515.2, 10527.6
36.733, 32515.8, 10527.7
36.734, 32516.5, 10527.7
36.735, 32517.2, 10527.8
36.736, 32517.8, 10527.8
36.737, 32518.5, 10527.9
36.738, 32519.1, 10527.9
36.739, 32519.8, 10527.9
36.74, 32520.5, 10528
36.741, 32521.1, 10528
36.742, 32521.8, 10528.1
36.743, 32522.5, 10528.1
36.744, 32523.1, 10528.1
36.745, 32523.8, 10528.2
36.746, 32524.5, 10528.2
36.747, 32525.1, 10528.3
36.748, 32525.8, 10528.3
36.749, 32526.5, 10528.4
36.75, 32527.1, 10528.4
36.751, 32527.8, 10528.4
36.752, 32528.5, 10528.5
36.753, 32529.1, 10528.5
36.754, 32529.8, 10528.6
36.755, 32530.5, 10528.6
36.756, 32531.1, 10528.6
36.757, 32531.8, 10528.7
36.758, 32532.4, 10528.7
36.759, 32533.1, 10528.8
36.76, 32533.8, 10528.8
36.761, 32534.4, 10528.9
36.762, 32535.1, 10528.9
36.763, 32535.8, 10528.9
36.764, 32536.4, 10529
36.765, 32537.1, 10529
36.766, 32537.8, 10529.1
36.767, 32538.4, 10529.1
36.768, 32539.1, 10529.1
36.769, 32539.8, 10529.2
36.77, 32540.4, 10529.2
36.771, 32541.1, 10529.3
36.772, 32541.8, 10529.3
36.773, 32542.4, 10529.3
36.774, 32543.1, 10529.4
36.775, 32543.8, 10529.4
36.776, 32544.4, 10529.5
36.777, 32545.1, 10529.5
36.778, 32545.7, 10529.6
36.779, 32546.4, 10529.6
36.78, 32547.1, 10529.6
36.781, 32547.7, 10529.7
36.782, 32548.4, 10529.7
36.783, 32549.1, 10529.8
36.784, 32549.7, 10529.8
36.785, 32550.4, 10529.8
36.786, 32551.1, 10529.9
36.787, 32551.7, 10529.9
36.788, 32552.4, 10530
36.789, 32553.1, 10530
36.79, 32553.7, 10530.1
36.791, 32554.4, 10530.1
36.792, 32555.1, 10530.1
36.793, 32555.7, 10530.2
36.794, 32556.4, 10530.2
36.795, 32557, 10530.3
36.796, 32557.7, 10530.3
36.797, 32558.4, 10530.3
36.798, 32559, 10530.4
36.799, 32559.7, 10530.4
36.8, 32560.4, 10530.5
36.801, 32561, 10530.5
36.802, 32561.7, 10530.5
36.803, 32562.4, 10530.6
36.804, 32563, 10530.6
36.805, 32563.7, 10530.7
36.806, 32564.4, 10530.7
36.807, 32565, 10530.8
36.808, 32565.7, 10530.8
36.809, 32566.4, 10530.8
36.81, 32567, 10530.9
36.811, 32567.7, 10530.9
36.812, 32568.3, 10531
36.813, 32569, 10531
36.814, 32569.7, 10531
36.815, 32570.3, 10531.1
36.816, 32571, 10531.1
36.817, 32571.7, 10531.2
36.818, 32572.3, 10531.2
36.819, 32573, 10531.2
36.82, 32573.7, 10531.3
36.821, 32574.3, 10531.3
36.822, 32575, 10531.4
36.823, 32575.7, 10531.4
36.824, 32576.3, 10531.4
36.825, 32577, 10531.5
36.826, 32577.7, 10531.5
36.827, 32578.3, 10531.6
36.828, 32579, 10531.6
36.829, 32579.6, 10531.7
36.83, 32580.3, 10531.7
36.831, 32581, 10531.7
36.832, 32581.6, 10531.8
36.833, 32582.3, 10531.8
36.834, 32583, 10531.9
36.835, 32583.6, 10531.9
36.836, 32584.3, 10531.9
36.837, 32585, 10532
36.838, 32585.6, 10532
36.839, 32586.3, 10532.1
36.84, 32587, 10532.1
36.841, 32587.6, 10532.1
36.842, 32588.3, 10532.2
36.843, 32588.9, 10532.2
36.844, 32589.6, 10532.3
36.845, 32590.3, 10532.3
36.846, 32590.9, 10532.3
36.847, 32591.6, 10532.4
36.848, 32592.3, 10532.4
36.849, 32592.9, 10532.5
36.85, 32593.6, 10532.5
36.851, 32594.3, 10532.5
36.852, 32594.9, 10532.6
36.853, 32595.6, 10532.6
36.854, 32596.3, 10532.7
36.855, 32596.9, 10532.7
36.856, 32597.6, 10532.8
36.857, 32598.3, 10532.8
36.858, 32598.9, 10532.8
36.859, 32599.6, 10532.9
36.86, 32600.2, 10532.9
36.861, 32600.9, 10533
36.862, 32601.6, 10533
36.863, 32602.2, 10533
36.864, 32602.9, 10533.1
36.865, 32603.6, 10533.1
36.866, 32604.2, 10533.2
36.867, 32604.9, 10533.2
36.868, 32605.6, 10533.2
36.869, 32606.2, 10533.3
36.87, 32606.9, 10533.3
36.871, 32607.6, 10533.4
36.872, 32608.2, 10533.4
36.873, 32608.9, 10533.4
36.874, 32609.5, 10533.5
36.875, 32610.2, 10533.5
36.876, 32610.9, 10533.6
36.877, 32611.5, 10533.6
36.878, 32612.2, 10533.6
36.879, 32612.9, 10533.7
36.88, 32613.5, 10533.7
36.881, 32614.2, 10533.8
36.882, 32614.9, 10533.8
36.883, 32615.5, 10533.8
36.884, 32616.2, 10533.9
36.885, 32616.9, 10533.9
36.886, 32617.5, 10534
36.887, 32618.2, 10534
36.888, 32618.8, 10534
36.889, 32619.5, 10534.1
36.89, 32620.2, 10534.1
36.891, 32620.8, 10534.2
36.892, 32621.5, 10534.2
36.893, 32622.2, 10534.2
36.894, 32622.8, 10534.3
36.895, 32623.5, 10534.3
36.896, 32624.2, 10534.4
36.897, 32624.8, 10534.4
36.898, 32625.5, 10534.4
36.899, 32626.2, 10534.5
36.9, 32626.8, 10534.5
36.901, 32627.5, 10534.6
36.902, 32628.1, 10534.6
36.903, 32628.8, 10534.6
36.904, 32629.5, 10534.7
36.905, 32630.1, 10534.7
36.906, 32630.8, 10534.8
36.907, 32631.5, 10534.8
36.908, 32632.1, 10534.8
36.909, 32632.8, 10534.9
36.91, 32633.5, 10534.9
36.911, 32634.1, 10535
36.912, 32634.8, 10535
36.913, 32635.4, 10535
36.914, 32636.1, 10535.1
36.915, 32636.8, 10535.1
36.916, 32637.4, 10535.2
36.917, 32638.1, 10535.2
36.918, 32638.8, 10535.2
36.919, 32639.4, 10535.3
36.92, 32640.1, 10535.3
36.921, 32640.8, 10535.4
36.922, 32641.4, 10535.4
36.923, 32642.1, 10535.4
36.924, 32642.8, 10535.5
36.925, 32643.4, 10535.5
36.926, 32644.1, 10535.6
36.927, 32644.7, 10535.6
36.928, 32645.4, 10535.6
36.929, 32646.1, 10535.7
36.93, 32646.7, 10535.7
36.931, 32647.4, 10535.8
36.932, 32648.1, 10535.8
36.933, 32648.7, 10535.8
36.934, 32649.4, 10535.9
36.935, 32650.1, 10535.9
36.936, 32650.7, 10536
36.937, 32651.4, 10536
36.938, 32652, 10536
36.939, 32652.7, 10536.1
36.94, 32653.4, 10536.1
36.941, 32654, 10536.2
36.942, 32654.7, 10536.2
36.943, 32655.4, 10536.2
36.944, 32656, 10536.3
36.945, 32656.7, 10536.3
36.946, 32657.4, 10536.4
36.947, 32658, 10536.4
36.948, 32658.7, 10536.4
36.949, 32659.4, 10536.5
36.95, 32660, 10536.5
36.951, 32660.7, 10536.6
36.952, 32661.3, 10536.6
36.953, 32662, 10536.6
36.954, 32662.7, 10536.7
36.955, 32663.3, 10536.7
36.956, 32664, 10536.8
36.957, 32664.7, 10536.8
36.958, 32665.3, 10536.8
36.959, 32666, 10536.9
36.96, 32666.7, 10536.9
36.961, 32667.3, 10537
36.962, 32668, 10537
36.963, 32668.6, 10537
36.964, 32669.3, 10537.1
36.965, 32670, 10537.1
36.966, 32670.6, 10537.1
36.967, 32671.3, 10537.2
36.968, 32672, 10537.2
36.969, 32672.6, 10537.3
36.97, 32673.3, 10537.3
36.971, 32674, 10537.3
36.972, 32674.6, 10537.4
36.973, 32675.3, 10537.4
36.974, 32675.9, 10537.5
36.975, 32676.6, 10537.5
36.976, 32677.3, 10537.5
36.977, 32677.9, 10537.6
36.978, 32678.6, 10537.6
36.979, 32679.3, 10537.7
36.98, 32679.9, 10537.7
36.981, 32680.6, 10537.7
36.982, 32681.3, 10537.8
36.983, 32681.9, 10537.8
36.984, 32682.6, 10537.9
36.985, 32683.2, 10537.9
36.986, 32683.9, 10537.9
36.987, 32684.6, 10538
36.988, 32685.2, 10538
36.989, 32685.9, 10538.1
36.99, 32686.6, 10538.1
36.991, 32687.2, 10538.1
36.992, 32687.9, 10538.2
36.993, 32688.6, 10538.2
36.994, 32689.2, 10538.2
36.995, 32689.9, 10538.3
36.996, 32690.5, 10538.3
36.997, 32691.2, 10538.4
36.998, 32691.9, 10538.4
36.999, 32692.5, 10538.4
37, 32693.2, 10538.5
37.001, 32693.9, 10538.5
37.002, 32694.5, 10538.6
37.003, 32695.2, 10538.6
37.004, 32695.9, 10538.6
37.005, 32696.5, 10538.7
37.006, 32697.2, 10538.7
37.007, 32697.8, 10538.8
37.008, 32698.5, 10538.8
37.009, 32699.2, 10538.8
37.01, 32699.8, 10538.9
37.011, 32700.5, 10538.9
37.012, 32701.2, 10539
37.013, 32701.8, 10539
37.014, 32702.5, 10539
37.015, 32703.2, 10539.1
37.016, 32703.8, 10539.1
37.017, 32704.5, 10539.1
37.018, 32705.1, 10539.2
37.019, 32705.8, 10539.2
37.02, 32706.5, 10539.3
37.021, 32707.1, 10539.3
37.022, 32707.8, 10539.3
37.023, 32708.5, 10539.4
37.024, 32709.1, 10539.4
37.025, 32709.8, 10539.5
37.026, 32710.5, 10539.5
37.027, 32711.1, 10539.5
37.028, 32711.8, 10539.6
37.029, 32712.4, 10539.6
37.03, 32713.1, 10539.7
37.031, 32713.8, 10539.7
37.032, 32714.4, 10539.7
37.033, 32715.1, 10539.8
37.034, 32715.8, 10539.8
37.035, 32716.4, 10539.8
37.036, 32717.1, 10539.9
37.037, 32717.7, 10539.9
37.038, 32718.4, 10540
37.039, 32719.1, 10540
37.04, 32719.7, 10540
37.041, 32720.4, 10540.1
37.042, 32721.1, 10540.1
37.043, 32721.7, 10540.2
37.044, 32722.4, 10540.2
37.045, 32723.1, 10540.2
37.046, 32723.7, 10540.3
37.047, 32724.4, 10540.3
37.048, 32725, 10540.3
37.049, 32725.7, 10540.4
37.05, 32726.4, 10540.4
37.051, 32727, 10540.5
37.052, 32727.7, 10540.5
37.053, 32728.4, 10540.5
37.054, 32729, 10540.6
37.055, 32729.7, 10540.6
37.056, 32730.4, 10540.7
37.057, 32731, 10540.7
37.058, 32731.7, 10540.7
37.059, 32732.3, 10540.8
37.06, 32733, 10540.8
37.061, 32733.7, 10540.9
37.062, 32734.3, 10540.9
37.063, 32735, 10540.9
37.064, 32735.7, 10541
37.065, 32736.3, 10541
37.066, 32737, 10541
37.067, 32737.6, 10541.1
37.068, 32738.3, 10541.1
37.069, 32739, 10541.2
37.07, 32739.6, 10541.2
37.071, 32740.3, 10541.2
37.072, 32741, 10541.3
37.073, 32741.6, 10541.3
37.074, 32742.3, 10541.3
37.075, 32743, 10541.4
37.076, 32743.6, 10541.4
37.077, 32744.3, 10541.5
37.078, 32744.9, 10541.5
37.079, 32745.6, 10541.5
37.08, 32746.3, 10541.6
37.081, 32746.9, 10541.6
37.082, 32747.6, 10541.7
37.083, 32748.3, 10541.7
37.084, 32748.9, 10541.7
37.085, 32749.6, 10541.8
37.086, 32750.2, 10541.8
37.087, 32750.9, 10541.8
37.088, 32751.6, 10541.9
37.089, 32752.2, 10541.9
37.09, 32752.9, 10542
37.091, 32753.6, 10542
37.092, 32754.2, 10542
37.093, 32754.9, 10542.1
37.094, 32755.6, 10542.1
37.095, 32756.2, 10542.2
37.096, 32756.9, 10542.2
37.097, 32757.5, 10542.2
37.098, 32758.2, 10542.3
37.099, 32758.9, 10542.3
37.1, 32759.5, 10542.3
37.101, 32760.2, 10542.4
37.102, 32760.9, 10542.4
37.103, 32761.5, 10542.5
37.104, 32762.2, 10542.5
37.105, 32762.8, 10542.5
37.106, 32763.5, 10542.6
37.107, 32764.2, 10542.6
37.108, 32764.8, 10542.6
37.109, 32765.5, 10542.7
37.11, 32766.2, 10542.7
37.111, 32766.8, 10542.8
37.112, 32767.5, 10542.8
37.113, 32768.1, 10542.8
37.114, 32768.8, 10542.9
37.115, 32769.5, 10542.9
37.116, 32770.1, 10543
37.117, 32770.8, 10543
37.118, 32771.5, 10543
37.119, 32772.1, 10543.1
37.12, 32772.8, 10543.1
37.121, 32773.5, 10543.1
37.122, 32774.1, 10543.2
37.123, 32774.8, 10543.2
37.124, 32775.4, 10543.3
37.125, 32776.1, 10543.3
37.126, 32776.8, 10543.3
37.127, 32777.4, 10543.4
37.128, 32778.1, 10543.4
37.129, 32778.8, 10543.4
37.13, 32779.4, 10543.5
37.131, 32780.1, 10543.5
37.132, 32780.7, 10543.6
37.133, 32781.4, 10543.6
37.134, 32782.1, 10543.6
37.135, 32782.7, 10543.7
37.136, 32783.4, 10543.7
37.137, 32784.1, 10543.7
37.138, 32784.7, 10543.8
37.139, 32785.4, 10543.8
37.14, 32786, 10543.9
37.141, 32786.7, 10543.9
37.142, 32787.4, 10543.9
37.143, 32788, 10544
37.144, 32788.7, 10544
37.145, 32789.4, 10544
37.146, 32790, 10544.1
37.147, 32790.7, 10544.1
37.148, 32791.3, 10544.2
37.149, 32792, 10544.2
37.15, 32792.7, 10544.2
37.151, 32793.3, 10544.3
37.152, 32794, 10544.3
37.153, 32794.7, 10544.3
37.154, 32795.3, 10544.4
37.155, 32796, 10544.4
37.156, 32796.6, 10544.5
37.157, 32797.3, 10544.5
37.158, 32798, 10544.5
37.159, 32798.6, 10544.6
37.16, 32799.3, 10544.6
37.161, 32800, 10544.6
37.162, 32800.6, 10544.7
37.163, 32801.3, 10544.7
37.164, 32801.9, 10544.8
37.165, 32802.6, 10544.8
37.166, 32803.3, 10544.8
37.167, 32803.9, 10544.9
37.168, 32804.6, 10544.9
37.169, 32805.3, 10544.9
37.17, 32805.9, 10545
37.171, 32806.6, 10545
37.172, 32807.2, 10545.1
37.173, 32807.9, 10545.1
37.174, 32808.6, 10545.1
37.175, 32809.2, 10545.2
37.176, 32809.9, 10545.2
37.177, 32810.6, 10545.2
37.178, 32811.2, 10545.3
37.179, 32811.9, 10545.3
37.18, 32812.5, 10545.4
37.181, 32813.2, 10545.4
37.182, 32813.9, 10545.4
37.183, 32814.5, 10545.5
37.184, 32815.2, 10545.5
37.185, 32815.9, 10545.5
37.186, 32816.5, 10545.6
37.187, 32817.2, 10545.6
37.188, 32817.8, 10545.7
37.189, 32818.5, 10545.7
37.19, 32819.2, 10545.7
37.191, 32819.8, 10545.8
37.192, 32820.5, 10545.8
37.193, 32821.2, 10545.8
37.194, 32821.8, 10545.9
37.195, 32822.5, 10545.9
37.196, 32823.1, 10546
37.197, 32823.8, 10546
37.198, 32824.5, 10546
37.199, 32825.1, 10546.1
37.2, 32825.8, 10546.1
37.201, 32826.5, 10546.1
37.202, 32827.1, 10546.2
37.203, 32827.8, 10546.2
37.204, 32828.4, 10546.2
37.205, 32829.1, 10546.3
37.206, 32829.8, 10546.3
37.207, 32830.4, 10546.4
37.208, 32831.1, 10546.4
37.209, 32831.8, 10546.4
37.21, 32832.4, 10546.5
37.211, 32833.1, 10546.5
37.212, 32833.7, 10546.5
37.213, 32834.4, 10546.6
37.214, 32835.1, 10546.6
37.215, 32835.7, 10546.7
37.216, 32836.4, 10546.7
37.217, 32837.1, 10546.7
37.218, 32837.7, 10546.8
37.219, 32838.4, 10546.8
37.22, 32839, 10546.8
37.221, 32839.7, 10546.9
37.222, 32840.4, 10546.9
37.223, 32841, 10546.9
37.224, 32841.7, 10547
37.225, 32842.4, 10547
37.226, 32843, 10547.1
37.227, 32843.7, 10547.1
37.228, 32844.3, 10547.1
37.229, 32845, 10547.2
37.23, 32845.7, 10547.2
37.231, 32846.3, 10547.2
37.232, 32847, 10547.3
37.233, 32847.7, 10547.3
37.234, 32848.3, 10547.4
37.235, 32849, 10547.4
37.236, 32849.6, 10547.4
37.237, 32850.3, 10547.5
37.238, 32851, 10547.5
37.239, 32851.6, 10547.5
37.24, 32852.3, 10547.6
37.241, 32853, 10547.6
37.242, 32853.6, 10547.6
37.243, 32854.3, 10547.7
37.244, 32854.9, 10547.7
37.245, 32855.6, 10547.8
37.246, 32856.3, 10547.8
37.247, 32856.9, 10547.8
37.248, 32857.6, 10547.9
37.249, 32858.2, 10547.9
37.25, 32858.9, 10547.9
37.251, 32859.6, 10548
37.252, 32860.2, 10548
37.253, 32860.9, 10548
37.254, 32861.6, 10548.1
37.255, 32862.2, 10548.1
37.256, 32862.9, 10548.2
37.257, 32863.5, 10548.2
37.258, 32864.2, 10548.2
37.259, 32864.9, 10548.3
37.26, 32865.5, 10548.3
37.261, 32866.2, 10548.3
37.262, 32866.9, 10548.4
37.263, 32867.5, 10548.4
37.264, 32868.2, 10548.5
37.265, 32868.8, 10548.5
37.266, 32869.5, 10548.5
37.267, 32870.2, 10548.6
37.268, 32870.8, 10548.6
37.269, 32871.5, 10548.6
37.27, 32872.2, 10548.7
37.271, 32872.8, 10548.7
37.272, 32873.5, 10548.7
37.273, 32874.1, 10548.8
37.274, 32874.8, 10548.8
37.275, 32875.5, 10548.9
37.276, 32876.1, 10548.9
37.277, 32876.8, 10548.9
37.278, 32877.4, 10549
37.279, 32878.1, 10549
37.28, 32878.8, 10549
37.281, 32879.4, 10549.1
37.282, 32880.1, 10549.1
37.283, 32880.8, 10549.1
37.284, 32881.4, 10549.2
37.285, 32882.1, 10549.2
37.286, 32882.7, 10549.2
37.287, 32883.4, 10549.3
37.288, 32884.1, 10549.3
37.289, 32884.7, 10549.4
37.29, 32885.4, 10549.4
37.291, 32886.1, 10549.4
37.292, 32886.7, 10549.5
37.293, 32887.4, 10549.5
37.294, 32888, 10549.5
37.295, 32888.7, 10549.6
37.296, 32889.4, 10549.6
37.297, 32890, 10549.6
37.298, 32890.7, 10549.7
37.299, 32891.3, 10549.7
37.3, 32892, 10549.8
37.301, 32892.7, 10549.8
37.302, 32893.3, 10549.8
37.303, 32894, 10549.9
37.304, 32894.7, 10549.9
37.305, 32895.3, 10549.9
37.306, 32896, 10550
37.307, 32896.6, 10550
37.308, 32897.3, 10550
37.309, 32898, 10550.1
37.31, 32898.6, 10550.1
37.311, 32899.3, 10550.2
37.312, 32899.9, 10550.2
37.313, 32900.6, 10550.2
37.314, 32901.3, 10550.3
37.315, 32901.9, 10550.3
37.316, 32902.6, 10550.3
37.317, 32903.3, 10550.4
37.318, 32903.9, 10550.4
37.319, 32904.6, 10550.4
37.32, 32905.2, 10550.5
37.321, 32905.9, 10550.5
37.322, 32906.6, 10550.5
37.323, 32907.2, 10550.6
37.324, 32907.9, 10550.6
37.325, 32908.6, 10550.7
37.326, 32909.2, 10550.7
37.327, 32909.9, 10550.7
37.328, 32910.5, 10550.8
37.329, 32911.2, 10550.8
37.33, 32911.9, 10550.8
37.331, 32912.5, 10550.9
37.332, 32913.2, 10550.9
37.333, 32913.8, 10550.9
37.334, 32914.5, 10551
37.335, 32915.2, 10551
37.336, 32915.8, 10551
37.337, 32916.5, 10551.1
37.338, 32917.2, 10551.1
37.339, 32917.8, 10551.2
37.34, 32918.5, 10551.2
37.341, 32919.1, 10551.2
37.342, 32919.8, 10551.3
37.343, 32920.5, 10551.3
37.344, 32921.1, 10551.3
37.345, 32921.8, 10551.4
37.346, 32922.4, 10551.4
37.347, 32923.1, 10551.4
37.348, 32923.8, 10551.5
37.349, 32924.4, 10551.5
37.35, 32925.1, 10551.5
37.351, 32925.8, 10551.6
37.352, 32926.4, 10551.6
37.353, 32927.1, 10551.7
37.354, 32927.7, 10551.7
37.355, 32928.4, 10551.7
37.356, 32929.1, 10551.8
37.357, 32929.7, 10551.8
37.358, 32930.4, 10551.8
37.359, 32931, 10551.9
37.36, 32931.7, 10551.9
37.361, 32932.4, 10551.9
37.362, 32933, 10552
37.363, 32933.7, 10552
37.364, 32934.4, 10552
37.365, 32935, 10552.1
37.366, 32935.7, 10552.1
37.367, 32936.3, 10552.1
37.368, 32937, 10552.2
37.369, 32937.7, 10552.2
37.37, 32938.3, 10552.3
37.371, 32939, 10552.3
37.372, 32939.6, 10552.3
37.373, 32940.3, 10552.4
37.374, 32941, 10552.4
37.375, 32941.6, 10552.4
37.376, 32942.3, 10552.5
37.377, 32942.9, 10552.5
37.378, 32943.6, 10552.5
37.379, 32944.3, 10552.6
37.38, 32944.9, 10552.6
37.381, 32945.6, 10552.6
37.382, 32946.3, 10552.7
37.383, 32946.9, 10552.7
37.384, 32947.6, 10552.7
37.385, 32948.2, 10552.8
37.386, 32948.9, 10552.8
37.387, 32949.6, 10552.9
37.388, 32950.2, 10552.9
37.389, 32950.9, 10552.9
37.39, 32951.5, 10553
37.391, 32952.2, 10553
37.392, 32952.9, 10553
37.393, 32953.5, 10553.1
37.394, 32954.2, 10553.1
37.395, 32954.9, 10553.1
37.396, 32955.5, 10553.2
37.397, 32956.2, 10553.2
37.398, 32956.8, 10553.2
37.399, 32957.5, 10553.3
37.4, 32958.2, 10553.3
37.401, 32958.8, 10553.3
37.402, 32959.5, 10553.4
37.403, 32960.1, 10553.4
37.404, 32960.8, 10553.4
37.405, 32961.5, 10553.5
37.406, 32962.1, 10553.5
37.407, 32962.8, 10553.6
37.408, 32963.4, 10553.6
37.409, 32964.1, 10553.6
37.41, 32964.8, 10553.7
37.411, 32965.4, 10553.7
37.412, 32966.1, 10553.7
37.413, 32966.8, 10553.8
37.414, 32967.4, 10553.8
37.415, 32968.1, 10553.8
37.416, 32968.7, 10553.9
37.417, 32969.4, 10553.9
37.418, 32970.1, 10553.9
37.419, 32970.7, 10554
37.42, 32971.4, 10554
37.421, 32972, 10554
37.422, 32972.7, 10554.1
37.423, 32973.4, 10554.1
37.424, 32974, 10554.1
37.425, 32974.7, 10554.2
37.426, 32975.3, 10554.2
37.427, 32976, 10554.3
37.428, 32976.7, 10554.3
37.429, 32977.3, 10554.3
37.43, 32978, 10554.4
37.431, 32978.7, 10554.4
37.432, 32979.3, 10554.4
37.433, 32980, 10554.5
37.434, 32980.6, 10554.5
37.435, 32981.3, 10554.5
37.436, 32982, 10554.6
37.437, 32982.6, 10554.6
37.438, 32983.3, 10554.6
37.439, 32983.9, 10554.7
37.44, 32984.6, 10554.7
37.441, 32985.3, 10554.7
37.442, 32985.9, 10554.8
37.443, 32986.6, 10554.8
37.444, 32987.2, 10554.8
37.445, 32987.9, 10554.9
37.446, 32988.6, 10554.9
37.447, 32989.2, 10554.9
37.448, 32989.9, 10555
37.449, 32990.6, 10555
37.45, 32991.2, 10555
37.451, 32991.9, 10555.1
37.452, 32992.5, 10555.1
37.453, 32993.2, 10555.2
37.454, 32993.9, 10555.2
37.455, 32994.5, 10555.2
37.456, 32995.2, 10555.3
37.457, 32995.8, 10555.3
37.458, 32996.5, 10555.3
37.459, 32997.2, 10555.4
37.46, 32997.8, 10555.4
37.461, 32998.5, 10555.4
37.462, 32999.1, 10555.5
37.463, 32999.8, 10555.5
37.464, 33000.5, 10555.5
37.465, 33001.1, 10555.6
37.466, 33001.8, 10555.6
37.467, 33002.4, 10555.6
37.468, 33003.1, 10555.7
37.469, 33003.8, 10555.7
37.47, 33004.4, 10555.7
37.471, 33005.1, 10555.8
37.472, 33005.8, 10555.8
37.473, 33006.4, 10555.8
37.474, 33007.1, 10555.9
37.475, 33007.7, 10555.9
37.476, 33008.4, 10555.9
37.477, 33009.1, 10556
37.478, 33009.7, 10556
37.479, 33010.4, 10556
37.48, 33011, 10556.1
37.481, 33011.7, 10556.1
37.482, 33012.4, 10556.1
37.483, 33013, 10556.2
37.484, 33013.7, 10556.2
37.485, 33014.3, 10556.3
37.486, 33015, 10556.3
37.487, 33015.7, 10556.3
37.488, 33016.3, 10556.4
37.489, 33017, 10556.4
37.49, 33017.6, 10556.4
37.491, 33018.3, 10556.5
37.492, 33019, 10556.5
37.493, 33019.6, 10556.5
37.494, 33020.3, 10556.6
37.495, 33020.9, 10556.6
37.496, 33021.6, 10556.6
37.497, 33022.3, 10556.7
37.498, 33022.9, 10556.7
37.499, 33023.6, 10556.7
37.5, 33024.3, 10556.8
37.501, 33024.9, 10556.8
37.502, 33025.6, 10556.8
37.503, 33026.2, 10556.9
37.504, 33026.9, 10556.9
37.505, 33027.6, 10556.9
37.506, 33028.2, 10557
37.507, 33028.9, 10557
37.508, 33029.5, 10557
37.509, 33030.2, 10557.1
37.51, 33030.9, 10557.1
37.511, 33031.5, 10557.1
37.512, 33032.2, 10557.2
37.513, 33032.8, 10557.2
37.514, 33033.5, 10557.2
37.515, 33034.2, 10557.3
37.516, 33034.8, 10557.3
37.517, 33035.5, 10557.3
37.518, 33036.1, 10557.4
37.519, 33036.8, 10557.4
37.52, 33037.5, 10557.4
37.521, 33038.1, 10557.5
37.522, 33038.8, 10557.5
37.523, 33039.4, 10557.5
37.524, 33040.1, 10557.6
37.525, 33040.8, 10557.6
37.526, 33041.4, 10557.6
37.527, 33042.1, 10557.7
37.528, 33042.7, 10557.7
37.529, 33043.4, 10557.7
37.53, 33044.1, 10557.8
37.531, 33044.7, 10557.8
37.532, 33045.4, 10557.8
37.533, 33046, 10557.9
37.534, 33046.7, 10557.9
37.535, 33047.4, 10557.9
37.536, 33048, 10558
37.537, 33048.7, 10558
37.538, 33049.4, 10558
37.539, 33050, 10558.1
37.54, 33050.7, 10558.1
37.541, 33051.3, 10558.1
37.542, 33052, 10558.2
37.543, 33052.7, 10558.2
37.544, 33053.3, 10558.2
37.545, 33054, 10558.3
37.546, 33054.6, 10558.3
37.547, 33055.3, 10558.3
37.548, 33056, 10558.4
37.549, 33056.6, 10558.4
37.55, 33057.3, 10558.5
37.551, 33057.9, 10558.5
37.552, 33058.6, 10558.5
37.553, 33059.3, 10558.6
37.554, 33059.9, 10558.6
37.555, 33060.6, 10558.6
37.556, 33061.2, 10558.7
37.557, 33061.9, 10558.7
37.558, 33062.6, 10558.7
37.559, 33063.2, 10558.8
37.56, 33063.9, 10558.8
37.561, 33064.5, 10558.8
37.562, 33065.2, 10558.9
37.563, 33065.9, 10558.9
37.564, 33066.5, 10558.9
37.565, 33067.2, 10559
37.566, 33067.8, 10559
37.567, 33068.5, 10559
37.568, 33069.2, 10559.1
37.569, 33069.8, 10559.1
37.57, 33070.5, 10559.1
37.571, 33071.1, 10559.2
37.572, 33071.8, 10559.2
37.573, 33072.5, 10559.2
37.574, 33073.1, 10559.3
37.575, 33073.8, 10559.3
37.576, 33074.4, 10559.3
37.577, 33075.1, 10559.4
37.578, 33075.8, 10559.4
37.579, 33076.4, 10559.4
37.58, 33077.1, 10559.5
37.581, 33077.7, 10559.5
37.582, 33078.4, 10559.5
37.583, 33079.1, 10559.6
37.584, 33079.7, 10559.6
37.585, 33080.4, 10559.6
37.586, 33081, 10559.7
37.587, 33081.7, 10559.7
37.588, 33082.4, 10559.7
37.589, 33083, 10559.7
37.59, 33083.7, 10559.8
37.591, 33084.3, 10559.8
37.592, 33085, 10559.8
37.593, 33085.7, 10559.9
37.594, 33086.3, 10559.9
37.595, 33087, 10559.9
37.596, 33087.6, 10560
37.597, 33088.3, 10560
37.598, 33089, 10560
37.599, 33089.6, 10560.1
37.6, 33090.3, 10560.1
37.601, 33090.9, 10560.1
37.602, 33091.6, 10560.2
37.603, 33092.3, 10560.2
37.604, 33092.9, 10560.2
37.605, 33093.6, 10560.3
37.606, 33094.2, 10560.3
37.607, 33094.9, 10560.3
37.608, 33095.6, 10560.4
37.609, 33096.2, 10560.4
37.61, 33096.9, 10560.4
37.611, 33097.5, 10560.5
37.612, 33098.2, 10560.5
37.613, 33098.9, 10560.5
37.614, 33099.5, 10560.6
37.615, 33100.2, 10560.6
37.616, 33100.8, 10560.6
37.617, 33101.5, 10560.7
37.618, 33102.2, 10560.7
37.619, 33102.8, 10560.7
37.62, 33103.5, 10560.8
37.621, 33104.1, 10560.8
37.622, 33104.8, 10560.8
37.623, 33105.5, 10560.9
37.624, 33106.1, 10560.9
37.625, 33106.8, 10560.9
37.626, 33107.4, 10561
37.627, 33108.1, 10561
37.628, 33108.8, 10561
37.629, 33109.4, 10561.1
37.63, 33110.1, 10561.1
37.631, 33110.7, 10561.1
37.632, 33111.4, 10561.2
37.633, 33112.1, 10561.2
37.634, 33112.7, 10561.2
37.635, 33113.4, 10561.3
37.636, 33114, 10561.3
37.637, 33114.7, 10561.3
37.638, 33115.4, 10561.4
37.639, 33116, 10561.4
37.64, 33116.7, 10561.4
37.641, 33117.3, 10561.5
37.642, 33118, 10561.5
37.643, 33118.7, 10561.5
37.644, 33119.3, 10561.6
37.645, 33120, 10561.6
37.646, 33120.6, 10561.6
37.647, 33121.3, 10561.7
37.648, 33122, 10561.7
37.649, 33122.6, 10561.7
37.65, 33123.3, 10561.8
37.651, 33123.9, 10561.8
37.652, 33124.6, 10561.8
37.653, 33125.3, 10561.8
37.654, 33125.9, 10561.9
37.655, 33126.6, 10561.9
37.656, 33127.2, 10561.9
37.657, 33127.9, 10562
37.658, 33128.6, 10562
37.659, 33129.2, 10562
37.66, 33129.9, 10562.1
37.661, 33130.5, 10562.1
37.662, 33131.2, 10562.1
37.663, 33131.9, 10562.2
37.664, 33132.5, 10562.2
37.665, 33133.2, 10562.2
37.666, 33133.8, 10562.3
37.667, 33134.5, 10562.3
37.668, 33135.2, 10562.3
37.669, 33135.8, 10562.4
37.67, 33136.5, 10562.4
37.671, 33137.1, 10562.4
37.672, 33137.8, 10562.5
37.673, 33138.5, 10562.5
37.674, 33139.1, 10562.5
37.675, 33139.8, 10562.6
37.676, 33140.4, 10562.6
37.677, 33141.1, 10562.6
37.678, 33141.8, 10562.7
37.679, 33142.4, 10562.7
37.68, 33143.1, 10562.7
37.681, 33143.7, 10562.8
37.682, 33144.4, 10562.8
37.683, 33145.1, 10562.8
37.684, 33145.7, 10562.9
37.685, 33146.4, 10562.9
37.686, 33147, 10562.9
37.687, 33147.7, 10562.9
37.688, 33148.3, 10563
37.689, 33149, 10563
37.69, 33149.7, 10563
37.691, 33150.3, 10563.1
37.692, 33151, 10563.1
37.693, 33151.6, 10563.1
37.694, 33152.3, 10563.2
37.695, 33153, 10563.2
37.696, 33153.6, 10563.2
37.697, 33154.3, 10563.3
37.698, 33154.9, 10563.3
37.699, 33155.6, 10563.3
37.7, 33156.3, 10563.4
37.701, 33156.9, 10563.4
37.702, 33157.6, 10563.4
37.703, 33158.2, 10563.5
37.704, 33158.9, 10563.5
37.705, 33159.6, 10563.5
37.706, 33160.2, 10563.6
37.707, 33160.9, 10563.6
37.708, 33161.5, 10563.6
37.709, 33162.2, 10563.7
37.71, 33162.9, 10563.7
37.711, 33163.5, 10563.7
37.712, 33164.2, 10563.7
37.713, 33164.8, 10563.8
37.714, 33165.5, 10563.8
37.715, 33166.2, 10563.8
37.716, 33166.8, 10563.9
37.717, 33167.5, 10563.9
37.718, 33168.1, 10563.9
37.719, 33168.8, 10564
37.72, 33169.5, 10564
37.721, 33170.1, 10564
37.722, 33170.8, 10564.1
37.723, 33171.4, 10564.1
37.724, 33172.1, 10564.1
37.725, 33172.7, 10564.2
37.726, 33173.4, 10564.2
37.727, 33174.1, 10564.2
37.728, 33174.7, 10564.3
37.729, 33175.4, 10564.3
37.73, 33176, 10564.3
37.731, 33176.7, 10564.4
37.732, 33177.4, 10564.4
37.733, 33178, 10564.4
37.734, 33178.7, 10564.4
37.735, 33179.3, 10564.5
37.736, 33180, 10564.5
37.737, 33180.7, 10564.5
37.738, 33181.3, 10564.6
37.739, 33182, 10564.6
37.74, 33182.6, 10564.6
37.741, 33183.3, 10564.7
37.742, 33184, 10564.7
37.743, 33184.6, 10564.7
37.744, 33185.3, 10564.8
37.745, 33185.9, 10564.8
37.746, 33186.6, 10564.8
37.747, 33187.3, 10564.9
37.748, 33187.9, 10564.9
37.749, 33188.6, 10564.9
37.75, 33189.2, 10565
37.751, 33189.9, 10565
37.752, 33190.5, 10565
37.753, 33191.2, 10565
37.754, 33191.9, 10565.1
37.755, 33192.5, 10565.1
37.756, 33193.2, 10565.1
37.757, 33193.8, 10565.2
37.758, 33194.5, 10565.2
37.759, 33195.2, 10565.2
37.76, 33195.8, 10565.3
37.761, 33196.5, 10565.3
37.762, 33197.1, 10565.3
37.763, 33197.8, 10565.4
37.764, 33198.5, 10565.4
37.765, 33199.1, 10565.4
37.766, 33199.8, 10565.5
37.767, 33200.4, 10565.5
37.768, 33201.1, 10565.5
37.769, 33201.8, 10565.5
37.77, 33202.4, 10565.6
37.771, 33203.1, 10565.6
37.772, 33203.7, 10565.6
37.773, 33204.4, 10565.7
37.774, 33205, 10565.7
37.775, 33205.7, 10565.7
37.776, 33206.4, 10565.8
37.777, 33207, 10565.8
37.778, 33207.7, 10565.8
37.779, 33208.3, 10565.9
37.78, 33209, 10565.9
37.781, 33209.7, 10565.9
37.782, 33210.3, 10566
37.783, 33211, 10566
37.784, 33211.6, 10566
37.785, 33212.3, 10566
37.786, 33213, 10566.1
37.787, 33213.6, 10566.1
37.788, 33214.3, 10566.1
37.789, 33214.9, 10566.2
37.79, 33215.6, 10566.2
37.791, 33216.3, 10566.2
37.792, 33216.9, 10566.3
37.793, 33217.6, 10566.3
37.794, 33218.2, 10566.3
37.795, 33218.9, 10566.4
37.796, 33219.5, 10566.4
37.797, 33220.2, 10566.4
37.798, 33220.9, 10566.5
37.799, 33221.5, 10566.5
37.8, 33222.2, 10566.5
37.801, 33222.8, 10566.5
37.802, 33223.5, 10566.6
37.803, 33224.2, 10566.6
37.804, 33224.8, 10566.6
37.805, 33225.5, 10566.7
37.806, 33226.1, 10566.7
37.807, 33226.8, 10566.7
37.808, 33227.5, 10566.8
37.809, 33228.1, 10566.8
37.81, 33228.8, 10566.8
37.811, 33229.4, 10566.9
37.812, 33230.1, 10566.9
37.813, 33230.7, 10566.9
37.814, 33231.4, 10566.9
37.815, 33232.1, 10567
37.816, 33232.7, 10567
37.817, 33233.4, 10567
37.818, 33234, 10567.1
37.819, 33234.7, 10567.1
37.82, 33235.4, 10567.1
37.821, 33236, 10567.2
37.822, 33236.7, 10567.2
37.823, 33237.3, 10567.2
37.824, 33238, 10567.3
37.825, 33238.7, 10567.3
37.826, 33239.3, 10567.3
37.827, 33240, 10567.3
37.828, 33240.6, 10567.4
37.829, 33241.3, 10567.4
37.83, 33241.9, 10567.4
37.831, 33242.6, 10567.5
37.832, 33243.3, 10567.5
37.833, 33243.9, 10567.5
37.834, 33244.6, 10567.6
37.835, 33245.2, 10567.6
37.836, 33245.9, 10567.6
37.837, 33246.6, 10567.7
37.838, 33247.2, 10567.7
37.839, 33247.9, 10567.7
37.84, 33248.5, 10567.7
37.841, 33249.2, 10567.8
37.842, 33249.9, 10567.8
37.843, 33250.5, 10567.8
37.844, 33251.2, 10567.9
37.845, 33251.8, 10567.9
37.846, 33252.5, 10567.9
37.847, 33253.1, 10568
37.848, 33253.8, 10568
37.849, 33254.5, 10568
37.85, 33255.1, 10568.1
37.851, 33255.8, 10568.1
37.852, 33256.4, 10568.1
37.853, 33257.1, 10568.1
37.854, 33257.8, 10568.2
37.855, 33258.4, 10568.2
37.856, 33259.1, 10568.2
37.857, 33259.7, 10568.3
37.858, 33260.4, 10568.3
37.859, 33261, 10568.3
37.86, 33261.7, 10568.4
37.861, 33262.4, 10568.4
37.862, 33263, 10568.4
37.863, 33263.7, 10568.4
37.864, 33264.3, 10568.5
37.865, 33265, 10568.5
37.866, 33265.7, 10568.5
37.867, 33266.3, 10568.6
37.868, 33267, 10568.6
37.869, 33267.6, 10568.6
37.87, 33268.3, 10568.7
37.871, 33268.9, 10568.7
37.872, 33269.6, 10568.7
37.873, 33270.3, 10568.8
37.874, 33270.9, 10568.8
37.875, 33271.6, 10568.8
37.876, 33272.2, 10568.8
37.877, 33272.9, 10568.9
37.878, 33273.6, 10568.9
37.879, 33274.2, 10568.9
37.88, 33274.9, 10569
37.881, 33275.5, 10569
37.882, 33276.2, 10569
37.883, 33276.9, 10569.1
37.884, 33277.5, 10569.1
37.885, 33278.2, 10569.1
37.886, 33278.8, 10569.1
37.887, 33279.5, 10569.2
37.888, 33280.1, 10569.2
37.889, 33280.8, 10569.2
37.89, 33281.5, 10569.3
37.891, 33282.1, 10569.3
37.892, 33282.8, 10569.3
37.893, 33283.4, 10569.4
37.894, 33284.1, 10569.4
37.895, 33284.8, 10569.4
37.896, 33285.4, 10569.4
37.897, 33286.1, 10569.5
37.898, 33286.7, 10569.5
37.899, 33287.4, 10569.5
37.9, 33288, 10569.6
37.901, 33288.7, 10569.6
37.902, 33289.4, 10569.6
37.903, 33290, 10569.7
37.904, 33290.7, 10569.7
37.905, 33291.3, 10569.7
37.906, 33292, 10569.7
37.907, 33292.7, 10569.8
37.908, 33293.3, 10569.8
37.909, 33294, 10569.8
37.91, 33294.6, 10569.9
37.911, 33295.3, 10569.9
37.912, 33295.9, 10569.9
37.913, 33296.6, 10570
37.914, 33297.3, 10570
37.915, 33297.9, 10570
37.916, 33298.6, 10570
37.917, 33299.2, 10570.1
37.918, 33299.9, 10570.1
37.919, 33300.5, 10570.1
37.92, 33301.2, 10570.2
37.921, 33301.9, 10570.2
37.922, 33302.5, 10570.2
37.923, 33303.2, 10570.3
37.924, 33303.8, 10570.3
37.925, 33304.5, 10570.3
37.926, 33305.2, 10570.3
37.927, 33305.8, 10570.4
37.928, 33306.5, 10570.4
37.929, 33307.1, 10570.4
37.93, 33307.8, 10570.5
37.931, 33308.4, 10570.5
37.932, 33309.1, 10570.5
37.933, 33309.8, 10570.5
37.934, 33310.4, 10570.6
37.935, 33311.1, 10570.6
37.936, 33311.7, 10570.6
37.937, 33312.4, 10570.7
37.938, 33313.1, 10570.7
37.939, 33313.7, 10570.7
37.94, 33314.4, 10570.8
37.941, 33315, 10570.8
37.942, 33315.7, 10570.8
37.943, 33316.3, 10570.8
37.944, 33317, 10570.9
37.945, 33317.7, 10570.9
37.946, 33318.3, 10570.9
37.947, 33319, 10571
37.948, 33319.6, 10571
37.949, 33320.3, 10571
37.95, 33321, 10571.1
37.951, 33321.6, 10571.1
37.952, 33322.3, 10571.1
37.953, 33322.9, 10571.1
37.954, 33323.6, 10571.2
37.955, 33324.2, 10571.2
37.956, 33324.9, 10571.2
37.957, 33325.6, 10571.3
37.958, 33326.2, 10571.3
37.959, 33326.9, 10571.3
37.96, 33327.5, 10571.3
37.961, 33328.2, 10571.4
37.962, 33328.8, 10571.4
37.963, 33329.5, 10571.4
37.964, 33330.2, 10571.5
37.965, 33330.8, 10571.5
37.966, 33331.5, 10571.5
37.967, 33332.1, 10571.6
37.968, 33332.8, 10571.6
37.969, 33333.5, 10571.6
37.97, 33334.1, 10571.6
37.971, 33334.8, 10571.7
37.972, 33335.4, 10571.7
37.973, 33336.1, 10571.7
37.974, 33336.7, 10571.8
37.975, 33337.4, 10571.8
37.976, 33338.1, 10571.8
37.977, 33338.7, 10571.8
37.978, 33339.4, 10571.9
37.979, 33340, 10571.9
37.98, 33340.7, 10571.9
37.981, 33341.3, 10572
37.982, 33342, 10572
37.983, 33342.7, 10572
37.984, 33343.3, 10572
37.985, 33344, 10572.1
37.986, 33344.6, 10572.1
37.987, 33345.3, 10572.1
37.988, 33346, 10572.2
37.989, 33346.6, 10572.2
37.99, 33347.3, 10572.2
37.991, 33347.9, 10572.3
37.992, 33348.6, 10572.3
37.993, 33349.2, 10572.3
37.994, 33349.9, 10572.3
37.995, 33350.6, 10572.4
37.996, 33351.2, 10572.4
37.997, 33351.9, 10572.4
37.998, 33352.5, 10572.5
37.999, 33353.2, 10572.5
38, 33353.8, 10572.5
38.001, 33354.5, 10572.5
38.002, 33355.2, 10572.6
38.003, 33355.8, 10572.6
38.004, 33356.5, 10572.6
38.005, 33357.1, 10572.7
38.006, 33357.8, 10572.7
38.007, 33358.5, 10572.7
38.008, 33359.1, 10572.7
38.009, 33359.8, 10572.8
38.01, 33360.4, 10572.8
38.011, 33361.1, 10572.8
38.012, 33361.7, 10572.9
38.013, 33362.4, 10572.9
38.014, 33363.1, 10572.9
38.015, 33363.7, 10572.9
38.016, 33364.4, 10573
38.017, 33365, 10573
38.018, 33365.7, 10573
38.019, 33366.3, 10573.1
38.02, 33367, 10573.1
38.021, 33367.7, 10573.1
38.022, 33368.3, 10573.1
38.023, 33369, 10573.2
38.024, 33369.6, 10573.2
38.025, 33370.3, 10573.2
38.026, 33370.9, 10573.3
38.027, 33371.6, 10573.3
38.028, 33372.3, 10573.3
38.029, 33372.9, 10573.3
38.03, 33373.6, 10573.4
38.031, 33374.2, 10573.4
38.032, 33374.9, 10573.4
38.033, 33375.5, 10573.5
38.034, 33376.2, 10573.5
38.035, 33376.9, 10573.5
38.036, 33377.5, 10573.5
38.037, 33378.2, 10573.6
38.038, 33378.8, 10573.6
38.039, 33379.5, 10573.6
38.04, 33380.2, 10573.7
38.041, 33380.8, 10573.7
38.042, 33381.5, 10573.7
38.043, 33382.1, 10573.7
38.044, 33382.8, 10573.8
38.045, 33383.4, 10573.8
38.046, 33384.1, 10573.8
38.047, 33384.8, 10573.9
38.048, 33385.4, 10573.9
38.049, 33386.1, 10573.9
38.05, 33386.7, 10573.9
38.051, 33387.4, 10574
38.052, 33388, 10574
38.053, 33388.7, 10574
38.054, 33389.4, 10574.1
38.055, 33390, 10574.1
38.056, 33390.7, 10574.1
38.057, 33391.3, 10574.1
38.058, 33392, 10574.2
38.059, 33392.6, 10574.2
38.06, 33393.3, 10574.2
38.061, 33394, 10574.3
38.062, 33394.6, 10574.3
38.063, 33395.3, 10574.3
38.064, 33395.9, 10574.3
38.065, 33396.6, 10574.4
38.066, 33397.2, 10574.4
38.067, 33397.9, 10574.4
38.068, 33398.6, 10574.5
38.069, 33399.2, 10574.5
38.07, 33399.9, 10574.5
38.071, 33400.5, 10574.5
38.072, 33401.2, 10574.6
38.073, 33401.8, 10574.6
38.074, 33402.5, 10574.6
38.075, 33403.2, 10574.7
38.076, 33403.8, 10574.7
38.077, 33404.5, 10574.7
38.078, 33405.1, 10574.7
38.079, 33405.8, 10574.8
38.08, 33406.4, 10574.8
38.081, 33407.1, 10574.8
38.082, 33407.8, 10574.9
38.083, 33408.4, 10574.9
38.084, 33409.1, 10574.9
38.085, 33409.7, 10574.9
38.086, 33410.4, 10575
38.087, 33411, 10575
38.088, 33411.7, 10575
38.089, 33412.4, 10575.1
38.09, 33413, 10575.1
38.091, 33413.7, 10575.1
38.092, 33414.3, 10575.1
38.093, 33415, 10575.2
38.094, 33415.6, 10575.2
38.095, 33416.3, 10575.2
38.096, 33417, 10575.2
38.097, 33417.6, 10575.3
38.098, 33418.3, 10575.3
38.099, 33418.9, 10575.3
38.1, 33419.6, 10575.4
38.101, 33420.2, 10575.4
38.102, 33420.9, 10575.4
38.103, 33421.6, 10575.4
38.104, 33422.2, 10575.5
38.105, 33422.9, 10575.5
38.106, 33423.5, 10575.5
38.107, 33424.2, 10575.6
38.108, 33424.8, 10575.6
38.109, 33425.5, 10575.6
38.11, 33426.2, 10575.6
38.111, 33426.8, 10575.7
38.112, 33427.5, 10575.7
38.113, 33428.1, 10575.7
38.114, 33428.8, 10575.8
38.115, 33429.4, 10575.8
38.116, 33430.1, 10575.8
38.117, 33430.8, 10575.8
38.118, 33431.4, 10575.9
38.119, 33432.1, 10575.9
38.12, 33432.7, 10575.9
38.121, 33433.4, 10575.9
38.122, 33434, 10576
38.123, 33434.7, 10576
38.124, 33435.4, 10576
38.125, 33436, 10576.1
38.126, 33436.7, 10576.1
38.127, 33437.3, 10576.1
38.128, 33438, 10576.1
38.129, 33438.6, 10576.2
38.13, 33439.3, 10576.2
38.131, 33440, 10576.2
38.132, 33440.6, 10576.3
38.133, 33441.3, 10576.3
38.134, 33441.9, 10576.3
38.135, 33442.6, 10576.3
38.136, 33443.2, 10576.4
38.137, 33443.9, 10576.4
38.138, 33444.6, 10576.4
38.139, 33445.2, 10576.4
38.14, 33445.9, 10576.5
38.141, 33446.5, 10576.5
38.142, 33447.2, 10576.5
38.143, 33447.8, 10576.6
38.144, 33448.5, 10576.6
38.145, 33449.2, 10576.6
38.146, 33449.8, 10576.6
38.147, 33450.5, 10576.7
38.148, 33451.1, 10576.7
38.149, 33451.8, 10576.7
38.15, 33452.4, 10576.7
38.151, 33453.1, 10576.8
38.152, 33453.8, 10576.8
38.153, 33454.4, 10576.8
38.154, 33455.1, 10576.9
38.155, 33455.7, 10576.9
38.156, 33456.4, 10576.9
38.157, 33457, 10576.9
38.158, 33457.7, 10577
38.159, 33458.4, 10577
38.16, 33459, 10577
38.161, 33459.7, 10577
38.162, 33460.3, 10577.1
38.163, 33461, 10577.1
38.164, 33461.6, 10577.1
38.165, 33462.3, 10577.2
38.166, 33463, 10577.2
38.167, 33463.6, 10577.2
38.168, 33464.3, 10577.2
38.169, 33464.9, 10577.3
38.17, 33465.6, 10577.3
38.171, 33466.2, 10577.3
38.172, 33466.9, 10577.3
38.173, 33467.6, 10577.4
38.174, 33468.2, 10577.4
38.175, 33468.9, 10577.4
38.176, 33469.5, 10577.5
38.177, 33470.2, 10577.5
38.178, 33470.8, 10577.5
38.179, 33471.5, 10577.5
38.18, 33472.1, 10577.6
38.181, 33472.8, 10577.6
38.182, 33473.5, 10577.6
38.183, 33474.1, 10577.6
38.184, 33474.8, 10577.7
38.185, 33475.4, 10577.7
38.186, 33476.1, 10577.7
38.187, 33476.7, 10577.8
38.188, 33477.4, 10577.8
38.189, 33478.1, 10577.8
38.19, 33478.7, 10577.8
38.191, 33479.4, 10577.9
38.192, 33480, 10577.9
38.193, 33480.7, 10577.9
38.194, 33481.3, 10577.9
38.195, 33482, 10578
38.196, 33482.7, 10578
38.197, 33483.3, 10578
38.198, 33484, 10578.1
38.199, 33484.6, 10578.1
38.2, 33485.3, 10578.1
38.201, 33485.9, 10578.1
38.202, 33486.6, 10578.2
38.203, 33487.3, 10578.2
38.204, 33487.9, 10578.2
38.205, 33488.6, 10578.2
38.206, 33489.2, 10578.3
38.207, 33489.9, 10578.3
38.208, 33490.5, 10578.3
38.209, 33491.2, 10578.3
38.21, 33491.8, 10578.4
38.211, 33492.5, 10578.4
38.212, 33493.2, 10578.4
38.213, 33493.8, 10578.5
38.214, 33494.5, 10578.5
38.215, 33495.1, 10578.5
38.216, 33495.8, 10578.5
38.217, 33496.4, 10578.6
38.218, 33497.1, 10578.6
38.219, 33497.8, 10578.6
38.22, 33498.4, 10578.6
38.221, 33499.1, 10578.7
38.222, 33499.7, 10578.7
38.223, 33500.4, 10578.7
38.224, 33501, 10578.8
38.225, 33501.7, 10578.8
38.226, 33502.4, 10578.8
38.227, 33503, 10578.8
38.228, 33503.7, 10578.9
38.229, 33504.3, 10578.9
38.23, 33505, 10578.9
38.231, 33505.6, 10578.9
38.232, 33506.3, 10579
38.233, 33506.9, 10579
38.234, 33507.6, 10579
38.235, 33508.3, 10579
38.236, 33508.9, 10579.1
38.237, 33509.6, 10579.1
38.238, 33510.2, 10579.1
38.239, 33510.9, 10579.2
38.24, 33511.5, 10579.2
38.241, 33512.2, 10579.2
38.242, 33512.9, 10579.2
38.243, 33513.5, 10579.3
38.244, 33514.2, 10579.3
38.245, 33514.8, 10579.3
38.246, 33515.5, 10579.3
38.247, 33516.1, 10579.4
38.248, 33516.8, 10579.4
38.249, 33517.4, 10579.4
38.25, 33518.1, 10579.4
38.251, 33518.8, 10579.5
38.252, 33519.4, 10579.5
38.253, 33520.1, 10579.5
38.254, 33520.7, 10579.5
38.255, 33521.4, 10579.6
38.256, 33522, 10579.6
38.257, 33522.7, 10579.6
38.258, 33523.4, 10579.7
38.259, 33524, 10579.7
38.26, 33524.7, 10579.7
38.261, 33525.3, 10579.7
38.262, 33526, 10579.8
38.263, 33526.6, 10579.8
38.264, 33527.3, 10579.8
38.265, 33527.9, 10579.8
38.266, 33528.6, 10579.9
38.267, 33529.3, 10579.9
38.268, 33529.9, 10579.9
38.269, 33530.6, 10579.9
38.27, 33531.2, 10580
38.271, 33531.9, 10580
38.272, 33532.5, 10580
38.273, 33533.2, 10580
38.274, 33533.9, 10580.1
38.275, 33534.5, 10580.1
38.276, 33535.2, 10580.1
38.277, 33535.8, 10580.2
38.278, 33536.5, 10580.2
38.279, 33537.1, 10580.2
38.28, 33537.8, 10580.2
38.281, 33538.4, 10580.3
38.282, 33539.1, 10580.3
38.283, 33539.8, 10580.3
38.284, 33540.4, 10580.3
38.285, 33541.1, 10580.4
38.286, 33541.7, 10580.4
38.287, 33542.4, 10580.4
38.288, 33543, 10580.4
38.289, 33543.7, 10580.5
38.29, 33544.4, 10580.5
38.291, 33545, 10580.5
38.292, 33545.7, 10580.5
38.293, 33546.3, 10580.6
38.294, 33547, 10580.6
38.295, 33547.6, 10580.6
38.296, 33548.3, 10580.7
38.297, 33548.9, 10580.7
38.298, 33549.6, 10580.7
38.299, 33550.3, 10580.7
38.3, 33550.9, 10580.8
38.301, 33551.6, 10580.8
38.302, 33552.2, 10580.8
38.303, 33552.9, 10580.8
38.304, 33553.5, 10580.9
38.305, 33554.2, 10580.9
38.306, 33554.8, 10580.9
38.307, 33555.5, 10580.9
38.308, 33556.2, 10581
38.309, 33556.8, 10581
38.31, 33557.5, 10581
38.311, 33558.1, 10581
38.312, 33558.8, 10581.1
38.313, 33559.4, 10581.1
38.314, 33560.1, 10581.1
38.315, 33560.8, 10581.1
38.316, 33561.4, 10581.2
38.317, 33562.1, 10581.2
38.318, 33562.7, 10581.2
38.319, 33563.4, 10581.2
38.32, 33564, 10581.3
38.321, 33564.7, 10581.3
38.322, 33565.3, 10581.3
38.323, 33566, 10581.3
38.324, 33566.7, 10581.4
38.325, 33567.3, 10581.4
38.326, 33568, 10581.4
38.327, 33568.6, 10581.5
38.328, 33569.3, 10581.5
38.329, 33569.9, 10581.5
38.33, 33570.6, 10581.5
38.331, 33571.2, 10581.6
38.332, 33571.9, 10581.6
38.333, 33572.6, 10581.6
38.334, 33573.2, 10581.6
38.335, 33573.9, 10581.7
38.336, 33574.5, 10581.7
38.337, 33575.2, 10581.7
38.338, 33575.8, 10581.7
38.339, 33576.5, 10581.8
38.34, 33577.1, 10581.8
38.341, 33577.8, 10581.8
38.342, 33578.5, 10581.8
38.343, 33579.1, 10581.9
38.344, 33579.8, 10581.9
38.345, 33580.4, 10581.9
38.346, 33581.1, 10581.9
38.347, 33581.7, 10582
38.348, 33582.4, 10582
38.349, 33583.1, 10582
38.35, 33583.7, 10582
38.351, 33584.4, 10582.1
38.352, 33585, 10582.1
38.353, 33585.7, 10582.1
38.354, 33586.3, 10582.1
38.355, 33587, 10582.2
38.356, 33587.6, 10582.2
38.357, 33588.3, 10582.2
38.358, 33589, 10582.2
38.359, 33589.6, 10582.3
38.36, 33590.3, 10582.3
38.361, 33590.9, 10582.3
38.362, 33591.6, 10582.3
38.363, 33592.2, 10582.4
38.364, 33592.9, 10582.4
38.365, 33593.5, 10582.4
38.366, 33594.2, 10582.4
38.367, 33594.9, 10582.5
38.368, 33595.5, 10582.5
38.369, 33596.2, 10582.5
38.37, 33596.8, 10582.5
38.371, 33597.5, 10582.6
38.372, 33598.1, 10582.6
38.373, 33598.8, 10582.6
38.374, 33599.4, 10582.6
38.375, 33600.1, 10582.7
38.376, 33600.8, 10582.7
38.377, 33601.4, 10582.7
38.378, 33602.1, 10582.7
38.379, 33602.7, 10582.8
38.38, 33603.4, 10582.8
38.381, 33604, 10582.8
38.382, 33604.7, 10582.9
38.383, 33605.3, 10582.9
38.384, 33606, 10582.9
38.385, 33606.7, 10582.9
38.386, 33607.3, 10583
38.387, 33608, 10583
38.388, 33608.6, 10583
38.389, 33609.3, 10583
38.39, 33609.9, 10583.1
38.391, 33610.6, 10583.1
38.392, 33611.2, 10583.1
38.393, 33611.9, 10583.1
38.394, 33612.6, 10583.2
38.395, 33613.2, 10583.2
38.396, 33613.9, 10583.2
38.397, 33614.5, 10583.2
38.398, 33615.2, 10583.3
38.399, 33615.8, 10583.3
38.4, 33616.5, 10583.3
38.401, 33617.1, 10583.3
38.402, 33617.8, 10583.4
38.403, 33618.5, 10583.4
38.404, 33619.1, 10583.4
38.405, 33619.8, 10583.4
38.406, 33620.4, 10583.5
38.407, 33621.1, 10583.5
38.408, 33621.7, 10583.5
38.409, 33622.4, 10583.5
38.41, 33623, 10583.6
38.411, 33623.7, 10583.6
38.412, 33624.4, 10583.6
38.413, 33625, 10583.6
38.414, 33625.7, 10583.6
38.415, 33626.3, 10583.7
38.416, 33627, 10583.7
38.417, 33627.6, 10583.7
38.418, 33628.3, 10583.7
38.419, 33628.9, 10583.8
38.42, 33629.6, 10583.8
38.421, 33630.2, 10583.8
38.422, 33630.9, 10583.8
38.423, 33631.6, 10583.9
38.424, 33632.2, 10583.9
38.425, 33632.9, 10583.9
38.426, 33633.5, 10583.9
38.427, 33634.2, 10584
38.428, 33634.8, 10584
38.429, 33635.5, 10584
38.43, 33636.1, 10584
38.431, 33636.8, 10584.1
38.432, 33637.5, 10584.1
38.433, 33638.1, 10584.1
38.434, 33638.8, 10584.1
38.435, 33639.4, 10584.2
38.436, 33640.1, 10584.2
38.437, 33640.7, 10584.2
38.438, 33641.4, 10584.2
38.439, 33642, 10584.3
38.44, 33642.7, 10584.3
38.441, 33643.4, 10584.3
38.442, 33644, 10584.3
38.443, 33644.7, 10584.4
38.444, 33645.3, 10584.4
38.445, 33646, 10584.4
38.446, 33646.6, 10584.4
38.447, 33647.3, 10584.5
38.448, 33647.9, 10584.5
38.449, 33648.6, 10584.5
38.45, 33649.3, 10584.5
38.451, 33649.9, 10584.6
38.452, 33650.6, 10584.6
38.453, 33651.2, 10584.6
38.454, 33651.9, 10584.6
38.455, 33652.5, 10584.7
38.456, 33653.2, 10584.7
38.457, 33653.8, 10584.7
38.458, 33654.5, 10584.7
38.459, 33655.1, 10584.8
38.46, 33655.8, 10584.8
38.461, 33656.5, 10584.8
38.462, 33657.1, 10584.8
38.463, 33657.8, 10584.9
38.464, 33658.4, 10584.9
38.465, 33659.1, 10584.9
38.466, 33659.7, 10584.9
38.467, 33660.4, 10585
38.468, 33661, 10585
38.469, 33661.7, 10585
38.47, 33662.4, 10585
38.471, 33663, 10585
38.472, 33663.7, 10585.1
38.473, 33664.3, 10585.1
38.474, 33665, 10585.1
38.475, 33665.6, 10585.1
38.476, 33666.3, 10585.2
38.477, 33666.9, 10585.2
38.478, 33667.6, 10585.2
38.479, 33668.2, 10585.2
38.48, 33668.9, 10585.3
38.481, 33669.6, 10585.3
38.482, 33670.2, 10585.3
38.483, 33670.9, 10585.3
38.484, 33671.5, 10585.4
38.485, 33672.2, 10585.4
38.486, 33672.8, 10585.4
38.487, 33673.5, 10585.4
38.488, 33674.1, 10585.5
38.489, 33674.8, 10585.5
38.49, 33675.5, 10585.5
38.491, 33676.1, 10585.5
38.492, 33676.8, 10585.6
38.493, 33677.4, 10585.6
38.494, 33678.1, 10585.6
38.495, 33678.7, 10585.6
38.496, 33679.4, 10585.7
38.497, 33680, 10585.7
38.498, 33680.7, 10585.7
38.499, 33681.3, 10585.7
38.5, 33682, 10585.7
38.501, 33682.7, 10585.8
38.502, 33683.3, 10585.8
38.503, 33684, 10585.8
38.504, 33684.6, 10585.8
38.505, 33685.3, 10585.9
38.506, 33685.9, 10585.9
38.507, 33686.6, 10585.9
38.508, 33687.2, 10585.9
38.509, 33687.9, 10586
38.51, 33688.6, 10586
38.511, 33689.2, 10586
38.512, 33689.9, 10586
38.513, 33690.5, 10586.1
38.514, 33691.2, 10586.1
38.515, 33691.8, 10586.1
38.516, 33692.5, 10586.1
38.517, 33693.1, 10586.2
38.518, 33693.8, 10586.2
38.519, 33694.4, 10586.2
38.52, 33695.1, 10586.2
38.521, 33695.8, 10586.2
38.522, 33696.4, 10586.3
38.523, 33697.1, 10586.3
38.524, 33697.7, 10586.3
38.525, 33698.4, 10586.3
38.526, 33699, 10586.4
38.527, 33699.7, 10586.4
38.528, 33700.3, 10586.4
38.529, 33701, 10586.4
38.53, 33701.6, 10586.5
38.531, 33702.3, 10586.5
38.532, 33703, 10586.5
38.533, 33703.6, 10586.5
38.534, 33704.3, 10586.6
38.535, 33704.9, 10586.6
38.536, 33705.6, 10586.6
38.537, 33706.2, 10586.6
38.538, 33706.9, 10586.7
38.539, 33707.5, 10586.7
38.54, 33708.2, 10586.7
38.541, 33708.8, 10586.7
38.542, 33709.5, 10586.7
38.543, 33710.2, 10586.8
38.544, 33710.8, 10586.8
38.545, 33711.5, 10586.8
38.546, 33712.1, 10586.8
38.547, 33712.8, 10586.9
38.548, 33713.4, 10586.9
38.549, 33714.1, 10586.9
38.55, 33714.7, 10586.9
38.551, 33715.4, 10587
38.552, 33716, 10587
38.553, 33716.7, 10587
38.554, 33717.4, 10587
38.555, 33718, 10587.1
38.556, 33718.7, 10587.1
38.557, 33719.3, 10587.1
38.558, 33720, 10587.1
38.559, 33720.6, 10587.1
38.56, 33721.3, 10587.2
38.561, 33721.9, 10587.2
38.562, 33722.6, 10587.2
38.563, 33723.3, 10587.2
38.564, 33723.9, 10587.3
38.565, 33724.6, 10587.3
38.566, 33725.2, 10587.3
38.567, 33725.9, 10587.3
38.568, 33726.5, 10587.4
38.569, 33727.2, 10587.4
38.57, 33727.8, 10587.4
38.571, 33728.5, 10587.4
38.572, 33729.1, 10587.4
38.573, 33729.8, 10587.5
38.574, 33730.4, 10587.5
38.575, 33731.1, 10587.5
38.576, 33731.8, 10587.5
38.577, 33732.4, 10587.6
38.578, 33733.1, 10587.6
38.579, 33733.7, 10587.6
38.58, 33734.4, 10587.6
38.581, 33735, 10587.7
38.582, 33735.7, 10587.7
38.583, 33736.3, 10587.7
38.584, 33737, 10587.7
38.585, 33737.6, 10587.7
38.586, 33738.3, 10587.8
38.587, 33739, 10587.8
38.588, 33739.6, 10587.8
38.589, 33740.3, 10587.8
38.59, 33740.9, 10587.9
38.591, 33741.6, 10587.9
38.592, 33742.2, 10587.9
38.593, 33742.9, 10587.9
38.594, 33743.5, 10588
38.595, 33744.2, 10588
38.596, 33744.8, 10588
38.597, 33745.5, 10588
38.598, 33746.2, 10588
38.599, 33746.8, 10588.1
38.6, 33747.5, 10588.1
38.601, 33748.1, 10588.1
38.602, 33748.8, 10588.1
38.603, 33749.4, 10588.2
38.604, 33750.1, 10588.2
38.605, 33750.7, 10588.2
38.606, 33751.4, 10588.2
38.607, 33752, 10588.3
38.608, 33752.7, 10588.3
38.609, 33753.4, 10588.3
38.61, 33754, 10588.3
38.611, 33754.7, 10588.3
38.612, 33755.3, 10588.4
38.613, 33756, 10588.4
38.614, 33756.6, 10588.4
38.615, 33757.3, 10588.4
38.616, 33757.9, 10588.5
38.617, 33758.6, 10588.5
38.618, 33759.2, 10588.5
38.619, 33759.9, 10588.5
38.62, 33760.5, 10588.6
38.621, 33761.2, 10588.6
38.622, 33761.9, 10588.6
38.623, 33762.5, 10588.6
38.624, 33763.2, 10588.6
38.625, 33763.8, 10588.7
38.626, 33764.5, 10588.7
38.627, 33765.1, 10588.7
38.628, 33765.8, 10588.7
38.629, 33766.4, 10588.8
38.63, 33767.1, 10588.8
38.631, 33767.7, 10588.8
38.632, 33768.4, 10588.8
38.633, 33769.1, 10588.8
38.634, 33769.7, 10588.9
38.635, 33770.4, 10588.9
38.636, 33771, 10588.9
38.637, 33771.7, 10588.9
38.638, 33772.3, 10589
38.639, 33773, 10589
38.64, 33773.6, 10589
38.641, 33774.3, 10589
38.642, 33774.9, 10589
38.643, 33775.6, 10589.1
38.644, 33776.2, 10589.1
38.645, 33776.9, 10589.1
38.646, 33777.6, 10589.1
38.647, 33778.2, 10589.2
38.648, 33778.9, 10589.2
38.649, 33779.5, 10589.2
38.65, 33780.2, 10589.2
38.651, 33780.8, 10589.3
38.652, 33781.5, 10589.3
38.653, 33782.1, 10589.3
38.654, 33782.8, 10589.3
38.655, 33783.4, 10589.3
38.656, 33784.1, 10589.4
38.657, 33784.8, 10589.4
38.658, 33785.4, 10589.4
38.659, 33786.1, 10589.4
38.66, 33786.7, 10589.5
38.661, 33787.4, 10589.5
38.662, 33788, 10589.5
38.663, 33788.7, 10589.5
38.664, 33789.3, 10589.5
38.665, 33790, 10589.6
38.666, 33790.6, 10589.6
38.667, 33791.3, 10589.6
38.668, 33791.9, 10589.6
38.669, 33792.6, 10589.7
38.67, 33793.3, 10589.7
38.671, 33793.9, 10589.7
38.672, 33794.6, 10589.7
38.673, 33795.2, 10589.7
38.674, 33795.9, 10589.8
38.675, 33796.5, 10589.8
38.676, 33797.2, 10589.8
38.677, 33797.8, 10589.8
38.678, 33798.5, 10589.9
38.679, 33799.1, 10589.9
38.68, 33799.8, 10589.9
38.681, 33800.4, 10589.9
38.682, 33801.1, 10589.9
38.683, 33801.8, 10590
38.684, 33802.4, 10590
38.685, 33803.1, 10590
38.686, 33803.7, 10590
38.687, 33804.4, 10590.1
38.688, 33805, 10590.1
38.689, 33805.7, 10590.1
38.69, 33806.3, 10590.1
38.691, 33807, 10590.1
38.692, 33807.6, 10590.2
38.693, 33808.3, 10590.2
38.694, 33808.9, 10590.2
38.695, 33809.6, 10590.2
38.696, 33810.3, 10590.3
38.697, 33810.9, 10590.3
38.698, 33811.6, 10590.3
38.699, 33812.2, 10590.3
38.7, 33812.9, 10590.3
38.701, 33813.5, 10590.4
38.702, 33814.2, 10590.4
38.703, 33814.8, 10590.4
38.704, 33815.5, 10590.4
38.705, 33816.1, 10590.4
38.706, 33816.8, 10590.5
38.707, 33817.4, 10590.5
38.708, 33818.1, 10590.5
38.709, 33818.8, 10590.5
38.71, 33819.4, 10590.6
38.711, 33820.1, 10590.6
38.712, 33820.7, 10590.6
38.713, 33821.4, 10590.6
38.714, 33822, 10590.6
38.715, 33822.7, 10590.7
38.716, 33823.3, 10590.7
38.717, 33824, 10590.7
38.718, 33824.6, 10590.7
38.719, 33825.3, 10590.8
38.72, 33825.9, 10590.8
38.721, 33826.6, 10590.8
38.722, 33827.2, 10590.8
38.723, 33827.9, 10590.8
38.724, 33828.6, 10590.9
38.725, 33829.2, 10590.9
38.726, 33829.9, 10590.9
38.727, 33830.5, 10590.9
38.728, 33831.2, 10591
38.729, 33831.8, 10591
38.73, 33832.5, 10591
38.731, 33833.1, 10591
38.732, 33833.8, 10591
38.733, 33834.4, 10591.1
38.734, 33835.1, 10591.1
38.735, 33835.7, 10591.1
38.736, 33836.4, 10591.1
38.737, 33837.1, 10591.1
38.738, 33837.7, 10591.2
38.739, 33838.4, 10591.2
38.74, 33839, 10591.2
38.741, 33839.7, 10591.2
38.742, 33840.3, 10591.3
38.743, 33841, 10591.3
38.744, 33841.6, 10591.3
38.745, 33842.3, 10591.3
38.746, 33842.9, 10591.3
38.747, 33843.6, 10591.4
38.748, 33844.2, 10591.4
38.749, 33844.9, 10591.4
38.75, 33845.5, 10591.4
38.751, 33846.2, 10591.4
38.752, 33846.9, 10591.5
38.753, 33847.5, 10591.5
38.754, 33848.2, 10591.5
38.755, 33848.8, 10591.5
38.756, 33849.5, 10591.6
38.757, 33850.1, 10591.6
38.758, 33850.8, 10591.6
38.759, 33851.4, 10591.6
38.76, 33852.1, 10591.6
38.761, 33852.7, 10591.7
38.762, 33853.4, 10591.7
38.763, 33854, 10591.7
38.764, 33854.7, 10591.7
38.765, 33855.3, 10591.7
38.766, 33856, 10591.8
38.767, 33856.7, 10591.8
38.768, 33857.3, 10591.8
38.769, 33858, 10591.8
38.77, 33858.6, 10591.9
38.771, 33859.3, 10591.9
38.772, 33859.9, 10591.9
38.773, 33860.6, 10591.9
38.774, 33861.2, 10591.9
38.775, 33861.9, 10592
38.776, 33862.5, 10592
38.777, 33863.2, 10592
38.778, 33863.8, 10592
38.779, 33864.5, 10592
38.78, 33865.1, 10592.1
38.781, 33865.8, 10592.1
38.782, 33866.5, 10592.1
38.783, 33867.1, 10592.1
38.784, 33867.8, 10592.1
38.785, 33868.4, 10592.2
38.786, 33869.1, 10592.2
38.787, 33869.7, 10592.2
38.788, 33870.4, 10592.2
38.789, 33871, 10592.3
38.79, 33871.7, 10592.3
38.791, 33872.3, 10592.3
38.792, 33873, 10592.3
38.793, 33873.6, 10592.3
38.794, 33874.3, 10592.4
38.795, 33874.9, 10592.4
38.796, 33875.6, 10592.4
38.797, 33876.3, 10592.4
38.798, 33876.9, 10592.4
38.799, 33877.6, 10592.5
38.8, 33878.2, 10592.5
38.801, 33878.9, 10592.5
38.802, 33879.5, 10592.5
38.803, 33880.2, 10592.5
38.804, 33880.8, 10592.6
38.805, 33881.5, 10592.6
38.806, 33882.1, 10592.6
38.807, 33882.8, 10592.6
38.808, 33883.4, 10592.7
38.809, 33884.1, 10592.7
38.81, 33884.7, 10592.7
38.811, 33885.4, 10592.7
38.812, 33886.1, 10592.7
38.813, 33886.7, 10592.8
38.814, 33887.4, 10592.8
38.815, 33888, 10592.8
38.816, 33888.7, 10592.8
38.817, 33889.3, 10592.8
38.818, 33890, 10592.9
38.819, 33890.6, 10592.9
38.82, 33891.3, 10592.9
38.821, 33891.9, 10592.9
38.822, 33892.6, 10592.9
38.823, 33893.2, 10593
38.824, 33893.9, 10593
38.825, 33894.5, 10593
38.826, 33895.2, 10593
38.827, 33895.8, 10593
38.828, 33896.5, 10593.1
38.829, 33897.2, 10593.1
38.83, 33897.8, 10593.1
38.831, 33898.5, 10593.1
38.832, 33899.1, 10593.2
38.833, 33899.8, 10593.2
38.834, 33900.4, 10593.2
38.835, 33901.1, 10593.2
38.836, 33901.7, 10593.2
38.837, 33902.4, 10593.3
38.838, 33903, 10593.3
38.839, 33903.7, 10593.3
38.84, 33904.3, 10593.3
38.841, 33905, 10593.3
38.842, 33905.6, 10593.4
38.843, 33906.3, 10593.4
38.844, 33906.9, 10593.4
38.845, 33907.6, 10593.4
38.846, 33908.3, 10593.4
38.847, 33908.9, 10593.5
38.848, 33909.6, 10593.5
38.849, 33910.2, 10593.5
38.85, 33910.9, 10593.5
38.851, 33911.5, 10593.5
38.852, 33912.2, 10593.6
38.853, 33912.8, 10593.6
38.854, 33913.5, 10593.6
38.855, 33914.1, 10593.6
38.856, 33914.8, 10593.6
38.857, 33915.4, 10593.7
38.858, 33916.1, 10593.7
38.859, 33916.7, 10593.7
38.86, 33917.4, 10593.7
38.861, 33918, 10593.7
38.862, 33918.7, 10593.8
38.863, 33919.4, 10593.8
38.864, 33920, 10593.8
38.865, 33920.7, 10593.8
38.866, 33921.3, 10593.8
38.867, 33922, 10593.9
38.868, 33922.6, 10593.9
38.869, 33923.3, 10593.9
38.87, 33923.9, 10593.9
38.871, 33924.6, 10593.9
38.872, 33925.2, 10594
38.873, 33925.9, 10594
38.874, 33926.5, 10594
38.875, 33927.2, 10594
38.876, 33927.8, 10594.1
38.877, 33928.5, 10594.1
38.878, 33929.1, 10594.1
38.879, 33929.8, 10594.1
38.88, 33930.5, 10594.1
38.881, 33931.1, 10594.2
38.882, 33931.8, 10594.2
38.883, 33932.4, 10594.2
38.884, 33933.1, 10594.2
38.885, 33933.7, 10594.2
38.886, 33934.4, 10594.3
38.887, 33935, 10594.3
38.888, 33935.7, 10594.3
38.889, 33936.3, 10594.3
38.89, 33937, 10594.3
38.891, 33937.6, 10594.4
38.892, 33938.3, 10594.4
38.893, 33938.9, 10594.4
38.894, 33939.6, 10594.4
38.895, 33940.2, 10594.4
38.896, 33940.9, 10594.5
38.897, 33941.5, 10594.5
38.898, 33942.2, 10594.5
38.899, 33942.9, 10594.5
38.9, 33943.5, 10594.5
38.901, 33944.2, 10594.6
38.902, 33944.8, 10594.6
38.903, 33945.5, 10594.6
38.904, 33946.1, 10594.6
38.905, 33946.8, 10594.6
38.906, 33947.4, 10594.7
38.907, 33948.1, 10594.7
38.908, 33948.7, 10594.7
38.909, 33949.4, 10594.7
38.91, 33950, 10594.7
38.911, 33950.7, 10594.8
38.912, 33951.3, 10594.8
38.913, 33952, 10594.8
38.914, 33952.6, 10594.8
38.915, 33953.3, 10594.8
38.916, 33953.9, 10594.9
38.917, 33954.6, 10594.9
38.918, 33955.3, 10594.9
38.919, 33955.9, 10594.9
38.92, 33956.6, 10594.9
38.921, 33957.2, 10594.9
38.922, 33957.9, 10595
38.923, 33958.5, 10595
38.924, 33959.2, 10595
38.925, 33959.8, 10595
38.926, 33960.5, 10595
38.927, 33961.1, 10595.1
38.928, 33961.8, 10595.1
38.929, 33962.4, 10595.1
38.93, 33963.1, 10595.1
38.931, 33963.7, 10595.1
38.932, 33964.4, 10595.2
38.933, 33965, 10595.2
38.934, 33965.7, 10595.2
38.935, 33966.3, 10595.2
38.936, 33967, 10595.2
38.937, 33967.6, 10595.3
38.938, 33968.3, 10595.3
38.939, 33969, 10595.3
38.94, 33969.6, 10595.3
38.941, 33970.3, 10595.3
38.942, 33970.9, 10595.4
38.943, 33971.6, 10595.4
38.944, 33972.2, 10595.4
38.945, 33972.9, 10595.4
38.946, 33973.5, 10595.4
38.947, 33974.2, 10595.5
38.948, 33974.8, 10595.5
38.949, 33975.5, 10595.5
38.95, 33976.1, 10595.5
38.951, 33976.8, 10595.5
38.952, 33977.4, 10595.6
38.953, 33978.1, 10595.6
38.954, 33978.7, 10595.6
38.955, 33979.4, 10595.6
38.956, 33980, 10595.6
38.957, 33980.7, 10595.7
38.958, 33981.3, 10595.7
38.959, 33982, 10595.7
38.96, 33982.7, 10595.7
38.961, 33983.3, 10595.7
38.962, 33984, 10595.8
38.963, 33984.6, 10595.8
38.964, 33985.3, 10595.8
38.965, 33985.9, 10595.8
38.966, 33986.6, 10595.8
38.967, 33987.2, 10595.8
38.968, 33987.9, 10595.9
38.969, 33988.5, 10595.9
38.97, 33989.2, 10595.9
38.971, 33989.8, 10595.9
38.972, 33990.5, 10595.9
38.973, 33991.1, 10596
38.974, 33991.8, 10596
38.975, 33992.4, 10596
38.976, 33993.1, 10596
38.977, 33993.7, 10596
38.978, 33994.4, 10596.1
38.979, 33995, 10596.1
38.98, 33995.7, 10596.1
38.981, 33996.3, 10596.1
38.982, 33997, 10596.1
38.983, 33997.7, 10596.2
38.984, 33998.3, 10596.2
38.985, 33999, 10596.2
38.986, 33999.6, 10596.2
38.987, 34000.3, 10596.2
38.988, 34000.9, 10596.3
38.989, 34001.6, 10596.3
38.99, 34002.2, 10596.3
38.991, 34002.9, 10596.3
38.992, 34003.5, 10596.3
38.993, 34004.2, 10596.3
38.994, 34004.8, 10596.4
38.995, 34005.5, 10596.4
38.996, 34006.1, 10596.4
38.997, 34006.8, 10596.4
38.998, 34007.4, 10596.4
38.999, 34008.1, 10596.5
39, 34008.7, 10596.5
39.001, 34009.4, 10596.5
39.002, 34010, 10596.5
39.003, 34010.7, 10596.5
39.004, 34011.3, 10596.6
39.005, 34012, 10596.6
39.006, 34012.7, 10596.6
39.007, 34013.3, 10596.6
39.008, 34014, 10596.6
39.009, 34014.6, 10596.6
39.01, 34015.3, 10596.7
39.011, 34015.9, 10596.7
39.012, 34016.6, 10596.7
39.013, 34017.2, 10596.7
39.014, 34017.9, 10596.7
39.015, 34018.5, 10596.8
39.016, 34019.2, 10596.8
39.017, 34019.8, 10596.8
39.018, 34020.5, 10596.8
39.019, 34021.1, 10596.8
39.02, 34021.8, 10596.9
39.021, 34022.4, 10596.9
39.022, 34023.1, 10596.9
39.023, 34023.7, 10596.9
39.024, 34024.4, 10596.9
39.025, 34025, 10597
39.026, 34025.7, 10597
39.027, 34026.3, 10597
39.028, 34027, 10597
39.029, 34027.6, 10597
39.03, 34028.3, 10597
39.031, 34028.9, 10597.1
39.032, 34029.6, 10597.1
39.033, 34030.3, 10597.1
39.034, 34030.9, 10597.1
39.035, 34031.6, 10597.1
39.036, 34032.2, 10597.2
39.037, 34032.9, 10597.2
39.038, 34033.5, 10597.2
39.039, 34034.2, 10597.2
39.04, 34034.8, 10597.2
39.041, 34035.5, 10597.2
39.042, 34036.1, 10597.3
39.043, 34036.8, 10597.3
39.044, 34037.4, 10597.3
39.045, 34038.1, 10597.3
39.046, 34038.7, 10597.3
39.047, 34039.4, 10597.4
39.048, 34040, 10597.4
39.049, 34040.7, 10597.4
39.05, 34041.3, 10597.4
39.051, 34042, 10597.4
39.052, 34042.6, 10597.5
39.053, 34043.3, 10597.5
39.054, 34043.9, 10597.5
39.055, 34044.6, 10597.5
39.056, 34045.2, 10597.5
39.057, 34045.9, 10597.5
39.058, 34046.5, 10597.6
39.059, 34047.2, 10597.6
39.06, 34047.9, 10597.6
39.061, 34048.5, 10597.6
39.062, 34049.2, 10597.6
39.063, 34049.8, 10597.7
39.064, 34050.5, 10597.7
39.065, 34051.1, 10597.7
39.066, 34051.8, 10597.7
39.067, 34052.4, 10597.7
39.068, 34053.1, 10597.7
39.069, 34053.7, 10597.8
39.07, 34054.4, 10597.8
39.071, 34055, 10597.8
39.072, 34055.7, 10597.8
39.073, 34056.3, 10597.8
39.074, 34057, 10597.9
39.075, 34057.6, 10597.9
39.076, 34058.3, 10597.9
39.077, 34058.9, 10597.9
39.078, 34059.6, 10597.9
39.079, 34060.2, 10597.9
39.08, 34060.9, 10598
39.081, 34061.5, 10598
39.082, 34062.2, 10598
39.083, 34062.8, 10598
39.084, 34063.5, 10598
39.085, 34064.1, 10598.1
39.086, 34064.8, 10598.1
39.087, 34065.4, 10598.1
39.088, 34066.1, 10598.1
39.089, 34066.7, 10598.1
39.09, 34067.4, 10598.1
39.091, 34068.1, 10598.2
39.092, 34068.7, 10598.2
39.093, 34069.4, 10598.2
39.094, 34070, 10598.2
39.095, 34070.7, 10598.2
39.096, 34071.3, 10598.3
39.097, 34072, 10598.3
39.098, 34072.6, 10598.3
39.099, 34073.3, 10598.3
39.1, 34073.9, 10598.3
39.101, 34074.6, 10598.3
39.102, 34075.2, 10598.4
39.103, 34075.9, 10598.4
39.104, 34076.5, 10598.4
39.105, 34077.2, 10598.4
39.106, 34077.8, 10598.4
39.107, 34078.5, 10598.5
39.108, 34079.1, 10598.5
39.109, 34079.8, 10598.5
39.11, 34080.4, 10598.5
39.111, 34081.1, 10598.5
39.112, 34081.7, 10598.5
39.113, 34082.4, 10598.6
39.114, 34083, 10598.6
39.115, 34083.7, 10598.6
39.116, 34084.3, 10598.6
39.117, 34085, 10598.6
39.118, 34085.6, 10598.6
39.119, 34086.3, 10598.7
39.12, 34086.9, 10598.7
39.121, 34087.6, 10598.7
39.122, 34088.2, 10598.7
39.123, 34088.9, 10598.7
39.124, 34089.5, 10598.8
39.125, 34090.2, 10598.8
39.126, 34090.9, 10598.8
39.127, 34091.5, 10598.8
39.128, 34092.2, 10598.8
39.129, 34092.8, 10598.8
39.13, 34093.5, 10598.9
39.131, 34094.1, 10598.9
39.132, 34094.8, 10598.9
39.133, 34095.4, 10598.9
39.134, 34096.1, 10598.9
39.135, 34096.7, 10598.9
39.136, 34097.4, 10599
39.137, 34098, 10599
39.138, 34098.7, 10599
39.139, 34099.3, 10599
39.14, 34100, 10599
39.141, 34100.6, 10599.1
39.142, 34101.3, 10599.1
39.143, 34101.9, 10599.1
39.144, 34102.6, 10599.1
39.145, 34103.2, 10599.1
39.146, 34103.9, 10599.1
39.147, 34104.5, 10599.2
39.148, 34105.2, 10599.2
39.149, 34105.8, 10599.2
39.15, 34106.5, 10599.2
39.151, 34107.1, 10599.2
39.152, 34107.8, 10599.2
39.153, 34108.4, 10599.3
39.154, 34109.1, 10599.3
39.155, 34109.7, 10599.3
39.156, 34110.4, 10599.3
39.157, 34111, 10599.3
39.158, 34111.7, 10599.4
39.159, 34112.3, 10599.4
39.16, 34113, 10599.4
39.161, 34113.6, 10599.4
39.162, 34114.3, 10599.4
39.163, 34114.9, 10599.4
39.164, 34115.6, 10599.5
39.165, 34116.3, 10599.5
39.166, 34116.9, 10599.5
39.167, 34117.6, 10599.5
39.168, 34118.2, 10599.5
39.169, 34118.9, 10599.5
39.17, 34119.5, 10599.6
39.171, 34120.2, 10599.6
39.172, 34120.8, 10599.6
39.173, 34121.5, 10599.6
39.174, 34122.1, 10599.6
39.175, 34122.8, 10599.6
39.176, 34123.4, 10599.7
39.177, 34124.1, 10599.7
39.178, 34124.7, 10599.7
39.179, 34125.4, 10599.7
39.18, 34126, 10599.7
39.181, 34126.7, 10599.7
39.182, 34127.3, 10599.8
39.183, 34128, 10599.8
39.184, 34128.6, 10599.8
39.185, 34129.3, 10599.8
39.186, 34129.9, 10599.8
39.187, 34130.6, 10599.9
39.188, 34131.2, 10599.9
39.189, 34131.9, 10599.9
39.19, 34132.5, 10599.9
39.191, 34133.2, 10599.9
39.192, 34133.8, 10599.9
39.193, 34134.5, 10600
39.194, 34135.1, 10600
39.195, 34135.8, 10600
39.196, 34136.4, 10600
39.197, 34137.1, 10600
39.198, 34137.7, 10600
39.199, 34138.4, 10600.1
39.2, 34139, 10600.1
39.201, 34139.7, 10600.1
39.202, 34140.3, 10600.1
39.203, 34141, 10600.1
39.204, 34141.6, 10600.1
39.205, 34142.3, 10600.2
39.206, 34142.9, 10600.2
39.207, 34143.6, 10600.2
39.208, 34144.2, 10600.2
39.209, 34144.9, 10600.2
39.21, 34145.5, 10600.2
39.211, 34146.2, 10600.3
39.212, 34146.8, 10600.3
39.213, 34147.5, 10600.3
39.214, 34148.1, 10600.3
39.215, 34148.8, 10600.3
39.216, 34149.5, 10600.3
39.217, 34150.1, 10600.4
39.218, 34150.8, 10600.4
39.219, 34151.4, 10600.4
39.22, 34152.1, 10600.4
39.221, 34152.7, 10600.4
39.222, 34153.4, 10600.4
39.223, 34154, 10600.5
39.224, 34154.7, 10600.5
39.225, 34155.3, 10600.5
39.226, 34156, 10600.5
39.227, 34156.6, 10600.5
39.228, 34157.3, 10600.5
39.229, 34157.9, 10600.6
39.23, 34158.6, 10600.6
39.231, 34159.2, 10600.6
39.232, 34159.9, 10600.6
39.233, 34160.5, 10600.6
39.234, 34161.2, 10600.6
39.235, 34161.8, 10600.7
39.236, 34162.5, 10600.7
39.237, 34163.1, 10600.7
39.238, 34163.8, 10600.7
39.239, 34164.4, 10600.7
39.24, 34165.1, 10600.7
39.241, 34165.7, 10600.8
39.242, 34166.4, 10600.8
39.243, 34167, 10600.8
39.244, 34167.7, 10600.8
39.245, 34168.3, 10600.8
39.246, 34169, 10600.8
39.247, 34169.6, 10600.9
39.248, 34170.3, 10600.9
39.249, 34170.9, 10600.9
39.25, 34171.6, 10600.9
39.251, 34172.2, 10600.9
39.252, 34172.9, 10600.9
39.253, 34173.5, 10601
39.254, 34174.2, 10601
39.255, 34174.8, 10601
39.256, 34175.5, 10601
39.257, 34176.1, 10601
39.258, 34176.8, 10601
39.259, 34177.4, 10601.1
39.26, 34178.1, 10601.1
39.261, 34178.7, 10601.1
39.262, 34179.4, 10601.1
39.263, 34180, 10601.1
39.264, 34180.7, 10601.1
39.265, 34181.3, 10601.2
39.266, 34182, 10601.2
39.267, 34182.6, 10601.2
39.268, 34183.3, 10601.2
39.269, 34183.9, 10601.2
39.27, 34184.6, 10601.2
39.271, 34185.2, 10601.3
39.272, 34185.9, 10601.3
39.273, 34186.5, 10601.3
39.274, 34187.2, 10601.3
39.275, 34187.8, 10601.3
39.276, 34188.5, 10601.3
39.277, 34189.1, 10601.4
39.278, 34189.8, 10601.4
39.279, 34190.4, 10601.4
39.28, 34191.1, 10601.4
39.281, 34191.7, 10601.4
39.282, 34192.4, 10601.4
39.283, 34193, 10601.4
39.284, 34193.7, 10601.5
39.285, 34194.3, 10601.5
39.286, 34195, 10601.5
39.287, 34195.6, 10601.5
39.288, 34196.3, 10601.5
39.289, 34196.9, 10601.5
39.29, 34197.6, 10601.6
39.291, 34198.2, 10601.6
39.292, 34198.9, 10601.6
39.293, 34199.5, 10601.6
39.294, 34200.2, 10601.6
39.295, 34200.8, 10601.6
39.296, 34201.5, 10601.7
39.297, 34202.2, 10601.7
39.298, 34202.8, 10601.7
39.299, 34203.5, 10601.7
39.3, 34204.1, 10601.7
39.301, 34204.8, 10601.7
39.302, 34205.4, 10601.8
39.303, 34206.1, 10601.8
39.304, 34206.7, 10601.8
39.305, 34207.4, 10601.8
39.306, 34208, 10601.8
39.307, 34208.7, 10601.8
39.308, 34209.3, 10601.8
39.309, 34210, 10601.9
39.31, 34210.6, 10601.9
39.311, 34211.3, 10601.9
39.312, 34211.9, 10601.9
39.313, 34212.6, 10601.9
39.314, 34213.2, 10601.9
39.315, 34213.9, 10602
39.316, 34214.5, 10602
39.317, 34215.2, 10602
39.318, 34215.8, 10602
39.319, 34216.5, 10602
39.32, 34217.1, 10602
39.321, 34217.8, 10602.1
39.322, 34218.4, 10602.1
39.323, 34219.1, 10602.1
39.324, 34219.7, 10602.1
39.325, 34220.4, 10602.1
39.326, 34221, 10602.1
39.327, 34221.7, 10602.1
39.328, 34222.3, 10602.2
39.329, 34223, 10602.2
39.33, 34223.6, 10602.2
39.331, 34224.3, 10602.2
39.332, 34224.9, 10602.2
39.333, 34225.6, 10602.2
39.334, 34226.2, 10602.3
39.335, 34226.9, 10602.3
39.336, 34227.5, 10602.3
39.337, 34228.2, 10602.3
39.338, 34228.8, 10602.3
39.339, 34229.5, 10602.3
39.34, 34230.1, 10602.4
39.341, 34230.8, 10602.4
39.342, 34231.4, 10602.4
39.343, 34232.1, 10602.4
39.344, 34232.7, 10602.4
39.345, 34233.4, 10602.4
39.346, 34234, 10602.4
39.347, 34234.7, 10602.5
39.348, 34235.3, 10602.5
39.349, 34236, 10602.5
39.35, 34236.6, 10602.5
39.351, 34237.3, 10602.5
39.352, 34237.9, 10602.5
39.353, 34238.6, 10602.6
39.354, 34239.2, 10602.6
39.355, 34239.9, 10602.6
39.356, 34240.5, 10602.6
39.357, 34241.2, 10602.6
39.358, 34241.8, 10602.6
39.359, 34242.5, 10602.6
39.36, 34243.1, 10602.7
39.361, 34243.8, 10602.7
39.362, 34244.4, 10602.7
39.363, 34245.1, 10602.7
39.364, 34245.7, 10602.7
39.365, 34246.4, 10602.7
39.366, 34247, 10602.8
39.367, 34247.7, 10602.8
39.368, 34248.3, 10602.8
39.369, 34249, 10602.8
39.37, 34249.6, 10602.8
39.371, 34250.3, 10602.8
39.372, 34250.9, 10602.8
39.373, 34251.6, 10602.9
39.374, 34252.2, 10602.9
39.375, 34252.9, 10602.9
39.376, 34253.5, 10602.9
39.377, 34254.2, 10602.9
39.378, 34254.8, 10602.9
39.379, 34255.5, 10603
39.38, 34256.1, 10603
39.381, 34256.8, 10603
39.382, 34257.4, 10603
39.383, 34258.1, 10603
39.384, 34258.7, 10603
39.385, 34259.4, 10603
39.386, 34260, 10603.1
39.387, 34260.7, 10603.1
39.388, 34261.3, 10603.1
39.389, 34262, 10603.1
39.39, 34262.6, 10603.1
39.391, 34263.3, 10603.1
39.392, 34263.9, 10603.1
39.393, 34264.6, 10603.2
39.394, 34265.2, 10603.2
39.395, 34265.9, 10603.2
39.396, 34266.5, 10603.2
39.397, 34267.2, 10603.2
39.398, 34267.8, 10603.2
39.399, 34268.5, 10603.3
39.4, 34269.1, 10603.3
39.401, 34269.8, 10603.3
39.402, 34270.4, 10603.3
39.403, 34271.1, 10603.3
39.404, 34271.7, 10603.3
39.405, 34272.4, 10603.3
39.406, 34273, 10603.4
39.407, 34273.7, 10603.4
39.408, 34274.3, 10603.4
39.409, 34275, 10603.4
39.41, 34275.6, 10603.4
39.411, 34276.3, 10603.4
39.412, 34276.9, 10603.4
39.413, 34277.6, 10603.5
39.414, 34278.2, 10603.5
39.415, 34278.9, 10603.5
39.416, 34279.5, 10603.5
39.417, 34280.2, 10603.5
39.418, 34280.8, 10603.5
39.419, 34281.5, 10603.6
39.42, 34282.1, 10603.6
39.421, 34282.8, 10603.6
39.422, 34283.4, 10603.6
39.423, 34284.1, 10603.6
39.424, 34284.7, 10603.6
39.425, 34285.4, 10603.6
39.426, 34286, 10603.7
39.427, 34286.7, 10603.7
39.428, 34287.3, 10603.7
39.429, 34288, 10603.7
39.43, 34288.6, 10603.7
39.431, 34289.3, 10603.7
39.432, 34289.9, 10603.7
39.433, 34290.6, 10603.8
39.434, 34291.2, 10603.8
39.435, 34291.9, 10603.8
39.436, 34292.5, 10603.8
39.437, 34293.2, 10603.8
39.438, 34293.8, 10603.8
39.439, 34294.4, 10603.8
39.44, 34295.1, 10603.9
39.441, 34295.7, 10603.9
39.442, 34296.4, 10603.9
39.443, 34297, 10603.9
39.444, 34297.7, 10603.9
39.445, 34298.3, 10603.9
39.446, 34299, 10603.9
39.447, 34299.6, 10604
39.448, 34300.3, 10604
39.449, 34300.9, 10604
39.45, 34301.6, 10604
39.451, 34302.2, 10604
39.452, 34302.9, 10604
39.453, 34303.5, 10604
39.454, 34304.2, 10604.1
39.455, 34304.8, 10604.1
39.456, 34305.5, 10604.1
39.457, 34306.1, 10604.1
39.458, 34306.8, 10604.1
39.459, 34307.4, 10604.1
39.46, 34308.1, 10604.2
39.461, 34308.7, 10604.2
39.462, 34309.4, 10604.2
39.463, 34310, 10604.2
39.464, 34310.7, 10604.2
39.465, 34311.3, 10604.2
39.466, 34312, 10604.2
39.467, 34312.6, 10604.3
39.468, 34313.3, 10604.3
39.469, 34313.9, 10604.3
39.47, 34314.6, 10604.3
39.471, 34315.2, 10604.3
39.472, 34315.9, 10604.3
39.473, 34316.5, 10604.3
39.474, 34317.2, 10604.4
39.475, 34317.8, 10604.4
39.476, 34318.5, 10604.4
39.477, 34319.1, 10604.4
39.478, 34319.8, 10604.4
39.479, 34320.4, 10604.4
39.48, 34321.1, 10604.4
39.481, 34321.7, 10604.5
39.482, 34322.4, 10604.5
39.483, 34323, 10604.5
39.484, 34323.7, 10604.5
39.485, 34324.3, 10604.5
39.486, 34325, 10604.5
39.487, 34325.6, 10604.5
39.488, 34326.3, 10604.5
39.489, 34326.9, 10604.6
39.49, 34327.6, 10604.6
39.491, 34328.2, 10604.6
39.492, 34328.9, 10604.6
39.493, 34329.5, 10604.6
39.494, 34330.2, 10604.6
39.495, 34330.8, 10604.6
39.496, 34331.5, 10604.7
39.497, 34332.1, 10604.7
39.498, 34332.8, 10604.7
39.499, 34333.4, 10604.7
39.5, 34334.1, 10604.7
39.501, 34334.7, 10604.7
39.502, 34335.4, 10604.7
39.503, 34336, 10604.8
39.504, 34336.7, 10604.8
39.505, 34337.3, 10604.8
39.506, 34338, 10604.8
39.507, 34338.6, 10604.8
39.508, 34339.3, 10604.8
39.509, 34339.9, 10604.8
39.51, 34340.6, 10604.9
39.511, 34341.2, 10604.9
39.512, 34341.9, 10604.9
39.513, 34342.5, 10604.9
39.514, 34343.2, 10604.9
39.515, 34343.8, 10604.9
39.516, 34344.5, 10604.9
39.517, 34345.1, 10605
39.518, 34345.7, 10605
39.519, 34346.4, 10605
39.52, 34347, 10605
39.521, 34347.7, 10605
39.522, 34348.3, 10605
39.523, 34349, 10605
39.524, 34349.6, 10605.1
39.525, 34350.3, 10605.1
39.526, 34350.9, 10605.1
39.527, 34351.6, 10605.1
39.528, 34352.2, 10605.1
39.529, 34352.9, 10605.1
39.53, 34353.5, 10605.1
39.531, 34354.2, 10605.1
39.532, 34354.8, 10605.2
39.533, 34355.5, 10605.2
39.534, 34356.1, 10605.2
39.535, 34356.8, 10605.2
39.536, 34357.4, 10605.2
39.537, 34358.1, 10605.2
39.538, 34358.7, 10605.2
39.539, 34359.4, 10605.3
39.54, 34360, 10605.3
39.541, 34360.7, 10605.3
39.542, 34361.3, 10605.3
39.543, 34362, 10605.3
39.544, 34362.6, 10605.3
39.545, 34363.3, 10605.3
39.546, 34363.9, 10605.4
39.547, 34364.6, 10605.4
39.548, 34365.2, 10605.4
39.549, 34365.9, 10605.4
39.55, 34366.5, 10605.4
39.551, 34367.2, 10605.4
39.552, 34367.8, 10605.4
39.553, 34368.5, 10605.4
39.554, 34369.1, 10605.5
39.555, 34369.8, 10605.5
39.556, 34370.4, 10605.5
39.557, 34371.1, 10605.5
39.558, 34371.7, 10605.5
39.559, 34372.4, 10605.5
39.56, 34373, 10605.5
39.561, 34373.7, 10605.6
39.562, 34374.3, 10605.6
39.563, 34375, 10605.6
39.564, 34375.6, 10605.6
39.565, 34376.3, 10605.6
39.566, 34376.9, 10605.6
39.567, 34377.6, 10605.6
39.568, 34378.2, 10605.6
39.569, 34378.8, 10605.7
39.57, 34379.5, 10605.7
39.571, 34380.1, 10605.7
39.572, 34380.8, 10605.7
39.573, 34381.4, 10605.7
39.574, 34382.1, 10605.7
39.575, 34382.7, 10605.7
39.576, 34383.4, 10605.8
39.577, 34384, 10605.8
39.578, 34384.7, 10605.8
39.579, 34385.3, 10605.8
39.58, 34386, 10605.8
39.581, 34386.6, 10605.8
39.582, 34387.3, 10605.8
39.583, 34387.9, 10605.8
39.584, 34388.6, 10605.9
39.585, 34389.2, 10605.9
39.586, 34389.9, 10605.9
39.587, 34390.5, 10605.9
39.588, 34391.2, 10605.9
39.589, 34391.8, 10605.9
39.59, 34392.5, 10605.9
39.591, 34393.1, 10606
39.592, 34393.8, 10606
39.593, 34394.4, 10606
39.594, 34395.1, 10606
39.595, 34395.7, 10606
39.596, 34396.4, 10606
39.597, 34397, 10606
39.598, 34397.7, 10606
39.599, 34398.3, 10606.1
39.6, 34399, 10606.1
39.601, 34399.6, 10606.1
39.602, 34400.3, 10606.1
39.603, 34400.9, 10606.1
39.604, 34401.6, 10606.1
39.605, 34402.2, 10606.1
39.606, 34402.9, 10606.1
39.607, 34403.5, 10606.2
39.608, 34404.2, 10606.2
39.609, 34404.8, 10606.2
39.61, 34405.4, 10606.2
39.611, 34406.1, 10606.2
39.612, 34406.7, 10606.2
39.613, 34407.4, 10606.2
39.614, 34408, 10606.2
39.615, 34408.7, 10606.3
39.616, 34409.3, 10606.3
39.617, 34410, 10606.3
39.618, 34410.6, 10606.3
39.619, 34411.3, 10606.3
39.62, 34411.9, 10606.3
39.621, 34412.6, 10606.3
39.622, 34413.2, 10606.4
39.623, 34413.9, 10606.4
39.624, 34414.5, 10606.4
39.625, 34415.2, 10606.4
39.626, 34415.8, 10606.4
39.627, 34416.5, 10606.4
39.628, 34417.1, 10606.4
39.629, 34417.8, 10606.4
39.63, 34418.4, 10606.5
39.631, 34419.1, 10606.5
39.632, 34419.7, 10606.5
39.633, 34420.4, 10606.5
39.634, 34421, 10606.5
39.635, 34421.7, 10606.5
39.636, 34422.3, 10606.5
39.637, 34423, 10606.5
39.638, 34423.6, 10606.6
39.639, 34424.3, 10606.6
39.64, 34424.9, 10606.6
39.641, 34425.6, 10606.6
39.642, 34426.2, 10606.6
39.643, 34426.9, 10606.6
39.644, 34427.5, 10606.6
39.645, 34428.1, 10606.6
39.646, 34428.8, 10606.7
39.647, 34429.4, 10606.7
39.648, 34430.1, 10606.7
39.649, 34430.7, 10606.7
39.65, 34431.4, 10606.7
39.651, 34432, 10606.7
39.652, 34432.7, 10606.7
39.653, 34433.3, 10606.7
39.654, 34434, 10606.8
39.655, 34434.6, 10606.8
39.656, 34435.3, 10606.8
39.657, 34435.9, 10606.8
39.658, 34436.6, 10606.8
39.659, 34437.2, 10606.8
39.66, 34437.9, 10606.8
39.661, 34438.5, 10606.8
39.662, 34439.2, 10606.9
39.663, 34439.8, 10606.9
39.664, 34440.5, 10606.9
39.665, 34441.1, 10606.9
39.666, 34441.8, 10606.9
39.667, 34442.4, 10606.9
39.668, 34443.1, 10606.9
39.669, 34443.7, 10606.9
39.67, 34444.4, 10607
39.671, 34445, 10607
39.672, 34445.7, 10607
39.673, 34446.3, 10607
39.674, 34446.9, 10607
39.675, 34447.6, 10607
39.676, 34448.2, 10607
39.677, 34448.9, 10607
39.678, 34449.5, 10607.1
39.679, 34450.2, 10607.1
39.68, 34450.8, 10607.1
39.681, 34451.5, 10607.1
39.682, 34452.1, 10607.1
39.683, 34452.8, 10607.1
39.684, 34453.4, 10607.1
39.685, 34454.1, 10607.1
39.686, 34454.7, 10607.1
39.687, 34455.4, 10607.2
39.688, 34456, 10607.2
39.689, 34456.7, 10607.2
39.69, 34457.3, 10607.2
39.691, 34458, 10607.2
39.692, 34458.6, 10607.2
39.693, 34459.3, 10607.2
39.694, 34459.9, 10607.2
39.695, 34460.6, 10607.3
39.696, 34461.2, 10607.3
39.697, 34461.9, 10607.3
39.698, 34462.5, 10607.3
39.699, 34463.2, 10607.3
39.7, 34463.8, 10607.3
39.701, 34464.5, 10607.3
39.702, 34465.1, 10607.3
39.703, 34465.7, 10607.4
39.704, 34466.4, 10607.4
39.705, 34467, 10607.4
39.706, 34467.7, 10607.4
39.707, 34468.3, 10607.4
39.708, 34469, 10607.4
39.709, 34469.6, 10607.4
39.71, 34470.3, 10607.4
39.711, 34470.9, 10607.5
39.712, 34471.6, 10607.5
39.713, 34472.2, 10607.5
39.714, 34472.9, 10607.5
39.715, 34473.5, 10607.5
39.716, 34474.2, 10607.5
39.717, 34474.8, 10607.5
39.718, 34475.5, 10607.5
39.719, 34476.1, 10607.5
39.72, 34476.8, 10607.6
39.721, 34477.4, 10607.6
39.722, 34478.1, 10607.6
39.723, 34478.7, 10607.6
39.724, 34479.4, 10607.6
39.725, 34480, 10607.6
39.726, 34480.7, 10607.6
39.727, 34481.3, 10607.6
39.728, 34481.9, 10607.7
39.729, 34482.6, 10607.7
39.73, 34483.2, 10607.7
39.731, 34483.9, 10607.7
39.732, 34484.5, 10607.7
39.733, 34485.2, 10607.7
39.734, 34485.8, 10607.7
39.735, 34486.5, 10607.7
39.736, 34487.1, 10607.7
39.737, 34487.8, 10607.8
39.738, 34488.4, 10607.8
39.739, 34489.1, 10607.8
39.74, 34489.7, 10607.8
39.741, 34490.4, 10607.8
39.742, 34491, 10607.8
39.743, 34491.7, 10607.8
39.744, 34492.3, 10607.8
39.745, 34493, 10607.8
39.746, 34493.6, 10607.9
39.747, 34494.3, 10607.9
39.748, 34494.9, 10607.9
39.749, 34495.6, 10607.9
39.75, 34496.2, 10607.9
39.751, 34496.9, 10607.9
39.752, 34497.5, 10607.9
39.753, 34498.1, 10607.9
39.754, 34498.8, 10608
39.755, 34499.4, 10608
39.756, 34500.1, 10608
39.757, 34500.7, 10608
39.758, 34501.4, 10608
39.759, 34502, 10608
39.76, 34502.7, 10608
39.761, 34503.3, 10608
39.762, 34504, 10608
39.763, 34504.6, 10608.1
39.764, 34505.3, 10608.1
39.765, 34505.9, 10608.1
39.766, 34506.6, 10608.1
39.767, 34507.2, 10608.1
39.768, 34507.9, 10608.1
39.769, 34508.5, 10608.1
39.77, 34509.2, 10608.1
39.771, 34509.8, 10608.1
39.772, 34510.5, 10608.2
39.773, 34511.1, 10608.2
39.774, 34511.8, 10608.2
39.775, 34512.4, 10608.2
39.776, 34513, 10608.2
39.777, 34513.7, 10608.2
39.778, 34514.3, 10608.2
39.779, 34515, 10608.2
39.78, 34515.6, 10608.2
39.781, 34516.3, 10608.3
39.782, 34516.9, 10608.3
39.783, 34517.6, 10608.3
39.784, 34518.2, 10608.3
39.785, 34518.9, 10608.3
39.786, 34519.5, 10608.3
39.787, 34520.2, 10608.3
39.788, 34520.8, 10608.3
39.789, 34521.5, 10608.3
39.79, 34522.1, 10608.4
39.791, 34522.8, 10608.4
39.792, 34523.4, 10608.4
39.793, 34524.1, 10608.4
39.794, 34524.7, 10608.4
39.795, 34525.4, 10608.4
39.796, 34526, 10608.4
39.797, 34526.6, 10608.4
39.798, 34527.3, 10608.4
39.799, 34527.9, 10608.5
39.8, 34528.6, 10608.5
39.801, 34529.2, 10608.5
39.802, 34529.9, 10608.5
39.803, 34530.5, 10608.5
39.804, 34531.2, 10608.5
39.805, 34531.8, 10608.5
39.806, 34532.5, 10608.5
39.807, 34533.1, 10608.5
39.808, 34533.8, 10608.6
39.809, 34534.4, 10608.6
39.81, 34535.1, 10608.6
39.811, 34535.7, 10608.6
39.812, 34536.4, 10608.6
39.813, 34537, 10608.6
39.814, 34537.7, 10608.6
39.815, 34538.3, 10608.6
39.816, 34539, 10608.6
39.817, 34539.6, 10608.7
39.818, 34540.2, 10608.7
39.819, 34540.9, 10608.7
39.82, 34541.5, 10608.7
39.821, 34542.2, 10608.7
39.822, 34542.8, 10608.7
39.823, 34543.5, 10608.7
39.824, 34544.1, 10608.7
39.825, 34544.8, 10608.7
39.826, 34545.4, 10608.8
39.827, 34546.1, 10608.8
39.828, 34546.7, 10608.8
39.829, 34547.4, 10608.8
39.83, 34548, 10608.8
39.831, 34548.7, 10608.8
39.832, 34549.3, 10608.8
39.833, 34550, 10608.8
39.834, 34550.6, 10608.8
39.835, 34551.3, 10608.8
39.836, 34551.9, 10608.9
39.837, 34552.5, 10608.9
39.838, 34553.2, 10608.9
39.839, 34553.8, 10608.9
39.84, 34554.5, 10608.9
39.841, 34555.1, 10608.9
39.842, 34555.8, 10608.9
39.843, 34556.4, 10608.9
39.844, 34557.1, 10608.9
39.845, 34557.7, 10609
39.846, 34558.4, 10609
39.847, 34559, 10609
39.848, 34559.7, 10609
39.849, 34560.3, 10609
39.85, 34561, 10609
39.851, 34561.6, 10609
39.852, 34562.3, 10609
39.853, 34562.9, 10609
39.854, 34563.6, 10609.1
39.855, 34564.2, 10609.1
39.856, 34564.8, 10609.1
39.857, 34565.5, 10609.1
39.858, 34566.1, 10609.1
39.859, 34566.8, 10609.1
39.86, 34567.4, 10609.1
39.861, 34568.1, 10609.1
39.862, 34568.7, 10609.1
39.863, 34569.4, 10609.1
39.864, 34570, 10609.2
39.865, 34570.7, 10609.2
39.866, 34571.3, 10609.2
39.867, 34572, 10609.2
39.868, 34572.6, 10609.2
39.869, 34573.3, 10609.2
39.87, 34573.9, 10609.2
39.871, 34574.6, 10609.2
39.872, 34575.2, 10609.2
39.873, 34575.8, 10609.2
39.874, 34576.5, 10609.3
39.875, 34577.1, 10609.3
39.876, 34577.8, 10609.3
39.877, 34578.4, 10609.3
39.878, 34579.1, 10609.3
39.879, 34579.7, 10609.3
39.88, 34580.4, 10609.3
39.881, 34581, 10609.3
39.882, 34581.7, 10609.3
39.883, 34582.3, 10609.4
39.884, 34583, 10609.4
39.885, 34583.6, 10609.4
39.886, 34584.3, 10609.4
39.887, 34584.9, 10609.4
39.888, 34585.6, 10609.4
39.889, 34586.2, 10609.4
39.89, 34586.8, 10609.4
39.891, 34587.5, 10609.4
39.892, 34588.1, 10609.4
39.893, 34588.8, 10609.5
39.894, 34589.4, 10609.5
39.895, 34590.1, 10609.5
39.896, 34590.7, 10609.5
39.897, 34591.4, 10609.5
39.898, 34592, 10609.5
39.899, 34592.7, 10609.5
39.9, 34593.3, 10609.5
39.901, 34594, 10609.5
39.902, 34594.6, 10609.5
39.903, 34595.3, 10609.6
39.904, 34595.9, 10609.6
39.905, 34596.6, 10609.6
39.906, 34597.2, 10609.6
39.907, 34597.8, 10609.6
39.908, 34598.5, 10609.6
39.909, 34599.1, 10609.6
39.91, 34599.8, 10609.6
39.911, 34600.4, 10609.6
39.912, 34601.1, 10609.6
39.913, 34601.7, 10609.7
39.914, 34602.4, 10609.7
39.915, 34603, 10609.7
39.916, 34603.7, 10609.7
39.917, 34604.3, 10609.7
39.918, 34605, 10609.7
39.919, 34605.6, 10609.7
39.92, 34606.3, 10609.7
39.921, 34606.9, 10609.7
39.922, 34607.6, 10609.7
39.923, 34608.2, 10609.8
39.924, 34608.8, 10609.8
39.925, 34609.5, 10609.8
39.926, 34610.1, 10609.8
39.927, 34610.8, 10609.8
39.928, 34611.4, 10609.8
39.929, 34612.1, 10609.8
39.93, 34612.7, 10609.8
39.931, 34613.4, 10609.8
39.932, 34614, 10609.8
39.933, 34614.7, 10609.8
39.934, 34615.3, 10609.9
39.935, 34616, 10609.9
39.936, 34616.6, 10609.9
39.937, 34617.3, 10609.9
39.938, 34617.9, 10609.9
39.939, 34618.6, 10609.9
39.94, 34619.2, 10609.9
39.941, 34619.8, 10609.9
39.942, 34620.5, 10609.9
39.943, 34621.1, 10609.9
39.944, 34621.8, 10610
39.945, 34622.4, 10610
39.946, 34623.1, 10610
39.947, 34623.7, 10610
39.948, 34624.4, 10610
39.949, 34625, 10610
39.95, 34625.7, 10610
39.951, 34626.3, 10610
39.952, 34627, 10610
39.953, 34627.6, 10610
39.954, 34628.3, 10610
39.955, 34628.9, 10610.1
39.956, 34629.5, 10610.1
39.957, 34630.2, 10610.1
39.958, 34630.8, 10610.1
39.959, 34631.5, 10610.1
39.96, 34632.1, 10610.1
39.961, 34632.8, 10610.1
39.962, 34633.4, 10610.1
39.963, 34634.1, 10610.1
39.964, 34634.7, 10610.1
39.965, 34635.4, 10610.2
39.966, 34636, 10610.2
39.967, 34636.7, 10610.2
39.968, 34637.3, 10610.2
39.969, 34638, 10610.2
39.97, 34638.6, 10610.2
39.971, 34639.2, 10610.2
39.972, 34639.9, 10610.2
39.973, 34640.5, 10610.2
39.974, 34641.2, 10610.2
39.975, 34641.8, 10610.2
39.976, 34642.5, 10610.3
39.977, 34643.1, 10610.3
39.978, 34643.8, 10610.3
39.979, 34644.4, 10610.3
39.98, 34645.1, 10610.3
39.981, 34645.7, 10610.3
39.982, 34646.4, 10610.3
39.983, 34647, 10610.3
39.984, 34647.7, 10610.3
39.985, 34648.3, 10610.3
39.986, 34648.9, 10610.3
39.987, 34649.6, 10610.4
39.988, 34650.2, 10610.4
39.989, 34650.9, 10610.4
39.99, 34651.5, 10610.4
39.991, 34652.2, 10610.4
39.992, 34652.8, 10610.4
39.993, 34653.5, 10610.4
39.994, 34654.1, 10610.4
39.995, 34654.8, 10610.4
39.996, 34655.4, 10610.4
39.997, 34656.1, 10610.4
39.998, 34656.7, 10610.5
39.999, 34657.3, 10610.5
40, 34658, 10610.5
40.001, 34658.6, 10610.5
40.002, 34659.3, 10610.5
40.003, 34659.9, 10610.5
40.004, 34660.6, 10610.5
40.005, 34661.2, 10610.5
40.006, 34661.9, 10610.5
40.007, 34662.5, 10610.5
40.008, 34663.2, 10610.5
40.009, 34663.8, 10610.6
40.01, 34664.5, 10610.6
40.011, 34665.1, 10610.6
40.012, 34665.8, 10610.6
40.013, 34666.4, 10610.6
40.014, 34667, 10610.6
40.015, 34667.7, 10610.6
40.016, 34668.3, 10610.6
40.017, 34669, 10610.6
40.018, 34669.6, 10610.6
40.019, 34670.3, 10610.6
40.02, 34670.9, 10610.7
40.021, 34671.6, 10610.7
40.022, 34672.2, 10610.7
40.023, 34672.9, 10610.7
40.024, 34673.5, 10610.7
40.025, 34674.2, 10610.7
40.026, 34674.8, 10610.7
40.027, 34675.4, 10610.7
40.028, 34676.1, 10610.7
40.029, 34676.7, 10610.7
40.03, 34677.4, 10610.7
40.031, 34678, 10610.8
40.032, 34678.7, 10610.8
40.033, 34679.3, 10610.8
40.034, 34680, 10610.8
40.035, 34680.6, 10610.8
40.036, 34681.3, 10610.8
40.037, 34681.9, 10610.8
40.038, 34682.6, 10610.8
40.039, 34683.2, 10610.8
40.04, 34683.9, 10610.8
40.041, 34684.5, 10610.8
40.042, 34685.1, 10610.8
40.043, 34685.8, 10610.9
40.044, 34686.4, 10610.9
40.045, 34687.1, 10610.9
40.046, 34687.7, 10610.9
40.047, 34688.4, 10610.9
40.048, 34689, 10610.9
40.049, 34689.7, 10610.9
40.05, 34690.3, 10610.9
40.051, 34691, 10610.9
40.052, 34691.6, 10610.9
40.053, 34692.3, 10610.9
40.054, 34692.9, 10610.9
40.055, 34693.5, 10611
40.056, 34694.2, 10611
40.057, 34694.8, 10611
40.058, 34695.5, 10611
40.059, 34696.1, 10611
40.06, 34696.8, 10611
40.061, 34697.4, 10611
40.062, 34698.1, 10611
40.063, 34698.7, 10611
40.064, 34699.4, 10611
40.065, 34700, 10611
40.066, 34700.7, 10611.1
40.067, 34701.3, 10611.1
40.068, 34701.9, 10611.1
40.069, 34702.6, 10611.1
40.07, 34703.2, 10611.1
40.071, 34703.9, 10611.1
40.072, 34704.5, 10611.1
40.073, 34705.2, 10611.1
40.074, 34705.8, 10611.1
40.075, 34706.5, 10611.1
40.076, 34707.1, 10611.1
40.077, 34707.8, 10611.1
40.078, 34708.4, 10611.2
40.079, 34709.1, 10611.2
40.08, 34709.7, 10611.2
40.081, 34710.3, 10611.2
40.082, 34711, 10611.2
40.083, 34711.6, 10611.2
40.084, 34712.3, 10611.2
40.085, 34712.9, 10611.2
40.086, 34713.6, 10611.2
40.087, 34714.2, 10611.2
40.088, 34714.9, 10611.2
40.089, 34715.5, 10611.2
40.09, 34716.2, 10611.2
40.091, 34716.8, 10611.3
40.092, 34717.4, 10611.3
40.093, 34718.1, 10611.3
40.094, 34718.7, 10611.3
40.095, 34719.4, 10611.3
40.096, 34720, 10611.3
40.097, 34720.7, 10611.3
40.098, 34721.3, 10611.3
40.099, 34722, 10611.3
40.1, 34722.6, 10611.3
40.101, 34723.3, 10611.3
40.102, 34723.9, 10611.3
40.103, 34724.6, 10611.4
40.104, 34725.2, 10611.4
40.105, 34725.8, 10611.4
40.106, 34726.5, 10611.4
40.107, 34727.1, 10611.4
40.108, 34727.8, 10611.4
40.109, 34728.4, 10611.4
40.11, 34729.1, 10611.4
40.111, 34729.7, 10611.4
40.112, 34730.4, 10611.4
40.113, 34731, 10611.4
40.114, 34731.7, 10611.4
40.115, 34732.3, 10611.5
40.116, 34733, 10611.5
40.117, 34733.6, 10611.5
40.118, 34734.2, 10611.5
40.119, 34734.9, 10611.5
40.12, 34735.5, 10611.5
40.121, 34736.2, 10611.5
40.122, 34736.8, 10611.5
40.123, 34737.5, 10611.5
40.124, 34738.1, 10611.5
40.125, 34738.8, 10611.5
40.126, 34739.4, 10611.5
40.127, 34740.1, 10611.5
40.128, 34740.7, 10611.6
40.129, 34741.3, 10611.6
40.13, 34742, 10611.6
40.131, 34742.6, 10611.6
40.132, 34743.3, 10611.6
40.133, 34743.9, 10611.6
40.134, 34744.6, 10611.6
40.135, 34745.2, 10611.6
40.136, 34745.9, 10611.6
40.137, 34746.5, 10611.6
40.138, 34747.2, 10611.6
40.139, 34747.8, 10611.6
40.14, 34748.4, 10611.6
40.141, 34749.1, 10611.7
40.142, 34749.7, 10611.7
40.143, 34750.4, 10611.7
40.144, 34751, 10611.7
40.145, 34751.7, 10611.7
40.146, 34752.3, 10611.7
40.147, 34753, 10611.7
40.148, 34753.6, 10611.7
40.149, 34754.3, 10611.7
40.15, 34754.9, 10611.7
40.151, 34755.6, 10611.7
40.152, 34756.2, 10611.7
40.153, 34756.8, 10611.7
40.154, 34757.5, 10611.8
40.155, 34758.1, 10611.8
40.156, 34758.8, 10611.8
40.157, 34759.4, 10611.8
40.158, 34760.1, 10611.8
40.159, 34760.7, 10611.8
40.16, 34761.4, 10611.8
40.161, 34762, 10611.8
40.162, 34762.7, 10611.8
40.163, 34763.3, 10611.8
40.164, 34763.9, 10611.8
40.165, 34764.6, 10611.8
40.166, 34765.2, 10611.8
40.167, 34765.9, 10611.8
40.168, 34766.5, 10611.9
40.169, 34767.2, 10611.9
40.17, 34767.8, 10611.9
40.171, 34768.5, 10611.9
40.172, 34769.1, 10611.9
40.173, 34769.8, 10611.9
40.174, 34770.4, 10611.9
40.175, 34771, 10611.9
40.176, 34771.7, 10611.9
40.177, 34772.3, 10611.9
40.178, 34773, 10611.9
40.179, 34773.6, 10611.9
40.18, 34774.3, 10611.9
40.181, 34774.9, 10612
40.182, 34775.6, 10612
40.183, 34776.2, 10612
40.184, 34776.9, 10612
40.185, 34777.5, 10612
40.186, 34778.1, 10612
40.187, 34778.8, 10612
40.188, 34779.4, 10612
40.189, 34780.1, 10612
40.19, 34780.7, 10612
40.191, 34781.4, 10612
40.192, 34782, 10612
40.193, 34782.7, 10612
40.194, 34783.3, 10612
40.195, 34784, 10612.1
40.196, 34784.6, 10612.1
40.197, 34785.2, 10612.1
40.198, 34785.9, 10612.1
40.199, 34786.5, 10612.1
40.2, 34787.2, 10612.1
40.201, 34787.8, 10612.1
40.202, 34788.5, 10612.1
40.203, 34789.1, 10612.1
40.204, 34789.8, 10612.1
40.205, 34790.4, 10612.1
40.206, 34791.1, 10612.1
40.207, 34791.7, 10612.1
40.208, 34792.3, 10612.1
40.209, 34793, 10612.1
40.21, 34793.6, 10612.2
40.211, 34794.3, 10612.2
40.212, 34794.9, 10612.2
40.213, 34795.6, 10612.2
40.214, 34796.2, 10612.2
40.215, 34796.9, 10612.2
40.216, 34797.5, 10612.2
40.217, 34798.2, 10612.2
40.218, 34798.8, 10612.2
40.219, 34799.4, 10612.2
40.22, 34800.1, 10612.2
40.221, 34800.7, 10612.2
40.222, 34801.4, 10612.2
40.223, 34802, 10612.2
40.224, 34802.7, 10612.3
40.225, 34803.3, 10612.3
40.226, 34804, 10612.3
40.227, 34804.6, 10612.3
40.228, 34805.2, 10612.3
40.229, 34805.9, 10612.3
40.23, 34806.5, 10612.3
40.231, 34807.2, 10612.3
40.232, 34807.8, 10612.3
40.233, 34808.5, 10612.3
40.234, 34809.1, 10612.3
40.235, 34809.8, 10612.3
40.236, 34810.4, 10612.3
40.237, 34811.1, 10612.3
40.238, 34811.7, 10612.3
40.239, 34812.3, 10612.4
40.24, 34813, 10612.4
40.241, 34813.6, 10612.4
40.242, 34814.3, 10612.4
40.243, 34814.9, 10612.4
40.244, 34815.6, 10612.4
40.245, 34816.2, 10612.4
40.246, 34816.9, 10612.4
40.247, 34817.5, 10612.4
40.248, 34818.2, 10612.4
40.249, 34818.8, 10612.4
40.25, 34819.4, 10612.4
40.251, 34820.1, 10612.4
40.252, 34820.7, 10612.4
40.253, 34821.4, 10612.4
40.254, 34822, 10612.5
40.255, 34822.7, 10612.5
40.256, 34823.3, 10612.5
40.257, 34824, 10612.5
40.258, 34824.6, 10612.5
40.259, 34825.2, 10612.5
40.26, 34825.9, 10612.5
40.261, 34826.5, 10612.5
40.262, 34827.2, 10612.5
40.263, 34827.8, 10612.5
40.264, 34828.5, 10612.5
40.265, 34829.1, 10612.5
40.266, 34829.8, 10612.5
40.267, 34830.4, 10612.5
40.268, 34831.1, 10612.5
40.269, 34831.7, 10612.6
40.27, 34832.3, 10612.6
40.271, 34833, 10612.6
40.272, 34833.6, 10612.6
40.273, 34834.3, 10612.6
40.274, 34834.9, 10612.6
40.275, 34835.6, 10612.6
40.276, 34836.2, 10612.6
40.277, 34836.9, 10612.6
40.278, 34837.5, 10612.6
40.279, 34838.1, 10612.6
40.28, 34838.8, 10612.6
40.281, 34839.4, 10612.6
40.282, 34840.1, 10612.6
40.283, 34840.7, 10612.6
40.284, 34841.4, 10612.6
40.285, 34842, 10612.7
40.286, 34842.7, 10612.7
40.287, 34843.3, 10612.7
40.288, 34844, 10612.7
40.289, 34844.6, 10612.7
40.29, 34845.2, 10612.7
40.291, 34845.9, 10612.7
40.292, 34846.5, 10612.7
40.293, 34847.2, 10612.7
40.294, 34847.8, 10612.7
40.295, 34848.5, 10612.7
40.296, 34849.1, 10612.7
40.297, 34849.8, 10612.7
40.298, 34850.4, 10612.7
40.299, 34851, 10612.7
40.3, 34851.7, 10612.7
40.301, 34852.3, 10612.7
40.302, 34853, 10612.8
40.303, 34853.6, 10612.8
40.304, 34854.3, 10612.8
40.305, 34854.9, 10612.8
40.306, 34855.6, 10612.8
40.307, 34856.2, 10612.8
40.308, 34856.8, 10612.8
40.309, 34857.5, 10612.8
40.31, 34858.1, 10612.8
40.311, 34858.8, 10612.8
40.312, 34859.4, 10612.8
40.313, 34860.1, 10612.8
40.314, 34860.7, 10612.8
40.315, 34861.4, 10612.8
40.316, 34862, 10612.8
40.317, 34862.7, 10612.8
40.318, 34863.3, 10612.9
40.319, 34863.9, 10612.9
40.32, 34864.6, 10612.9
40.321, 34865.2, 10612.9
40.322, 34865.9, 10612.9
40.323, 34866.5, 10612.9
40.324, 34867.2, 10612.9
40.325, 34867.8, 10612.9
40.326, 34868.5, 10612.9
40.327, 34869.1, 10612.9
40.328, 34869.7, 10612.9
40.329, 34870.4, 10612.9
40.33, 34871, 10612.9
40.331, 34871.7, 10612.9
40.332, 34872.3, 10612.9
40.333, 34873, 10612.9
40.334, 34873.6, 10612.9
40.335, 34874.3, 10613
40.336, 34874.9, 10613
40.337, 34875.5, 10613
40.338, 34876.2, 10613
40.339, 34876.8, 10613
40.34, 34877.5, 10613
40.341, 34878.1, 10613
40.342, 34878.8, 10613
40.343, 34879.4, 10613
40.344, 34880.1, 10613
40.345, 34880.7, 10613
40.346, 34881.3, 10613
40.347, 34882, 10613
40.348, 34882.6, 10613
40.349, 34883.3, 10613
40.35, 34883.9, 10613
40.351, 34884.6, 10613
40.352, 34885.2, 10613
40.353, 34885.9, 10613.1
40.354, 34886.5, 10613.1
40.355, 34887.1, 10613.1
40.356, 34887.8, 10613.1
40.357, 34888.4, 10613.1
40.358, 34889.1, 10613.1
40.359, 34889.7, 10613.1
40.36, 34890.4, 10613.1
40.361, 34891, 10613.1
40.362, 34891.7, 10613.1
40.363, 34892.3, 10613.1
40.364, 34892.9, 10613.1
40.365, 34893.6, 10613.1
40.366, 34894.2, 10613.1
40.367, 34894.9, 10613.1
40.368, 34895.5, 10613.1
40.369, 34896.2, 10613.1
40.37, 34896.8, 10613.1
40.371, 34897.5, 10613.2
40.372, 34898.1, 10613.2
40.373, 34898.7, 10613.2
40.374, 34899.4, 10613.2
40.375, 34900, 10613.2
40.376, 34900.7, 10613.2
40.377, 34901.3, 10613.2
40.378, 34902, 10613.2
40.379, 34902.6, 10613.2
40.38, 34903.3, 10613.2
40.381, 34903.9, 10613.2
40.382, 34904.5, 10613.2
40.383, 34905.2, 10613.2
40.384, 34905.8, 10613.2
40.385, 34906.5, 10613.2
40.386, 34907.1, 10613.2
40.387, 34907.8, 10613.2
40.388, 34908.4, 10613.2
40.389, 34909.1, 10613.2
40.39, 34909.7, 10613.3
40.391, 34910.3, 10613.3
40.392, 34911, 10613.3
40.393, 34911.6, 10613.3
40.394, 34912.3, 10613.3
40.395, 34912.9, 10613.3
40.396, 34913.6, 10613.3
40.397, 34914.2, 10613.3
40.398, 34914.9, 10613.3
40.399, 34915.5, 10613.3
40.4, 34916.1, 10613.3
40.401, 34916.8, 10613.3
40.402, 34917.4, 10613.3
40.403, 34918.1, 10613.3
40.404, 34918.7, 10613.3
40.405, 34919.4, 10613.3
40.406, 34920, 10613.3
40.407, 34920.7, 10613.3
40.408, 34921.3, 10613.3
40.409, 34921.9, 10613.3
40.41, 34922.6, 10613.4
40.411, 34923.2, 10613.4
40.412, 34923.9, 10613.4
40.413, 34924.5, 10613.4
40.414, 34925.2, 10613.4
40.415, 34925.8, 10613.4
40.416, 34926.5, 10613.4
40.417, 34927.1, 10613.4
40.418, 34927.7, 10613.4
40.419, 34928.4, 10613.4
40.42, 34929, 10613.4
40.421, 34929.7, 10613.4
40.422, 34930.3, 10613.4
40.423, 34931, 10613.4
40.424, 34931.6, 10613.4
40.425, 34932.3, 10613.4
40.426, 34932.9, 10613.4
40.427, 34933.5, 10613.4
40.428, 34934.2, 10613.4
40.429, 34934.8, 10613.4
40.43, 34935.5, 10613.5
40.431, 34936.1, 10613.5
40.432, 34936.8, 10613.5
40.433, 34937.4, 10613.5
40.434, 34938, 10613.5
40.435, 34938.7, 10613.5
40.436, 34939.3, 10613.5
40.437, 34940, 10613.5
40.438, 34940.6, 10613.5
40.439, 34941.3, 10613.5
40.44, 34941.9, 10613.5
40.441, 34942.6, 10613.5
40.442, 34943.2, 10613.5
40.443, 34943.8, 10613.5
40.444, 34944.5, 10613.5
40.445, 34945.1, 10613.5
40.446, 34945.8, 10613.5
40.447, 34946.4, 10613.5
40.448, 34947.1, 10613.5
40.449, 34947.7, 10613.5
40.45, 34948.4, 10613.5
40.451, 34949, 10613.5
40.452, 34949.6, 10613.6
40.453, 34950.3, 10613.6
40.454, 34950.9, 10613.6
40.455, 34951.6, 10613.6
40.456, 34952.2, 10613.6
40.457, 34952.9, 10613.6
40.458, 34953.5, 10613.6
40.459, 34954.1, 10613.6
40.46, 34954.8, 10613.6
40.461, 34955.4, 10613.6
40.462, 34956.1, 10613.6
40.463, 34956.7, 10613.6
40.464, 34957.4, 10613.6
40.465, 34958, 10613.6
40.466, 34958.7, 10613.6
40.467, 34959.3, 10613.6
40.468, 34959.9, 10613.6
40.469, 34960.6, 10613.6
40.47, 34961.2, 10613.6
40.471, 34961.9, 10613.6
40.472, 34962.5, 10613.6
40.473, 34963.2, 10613.6
40.474, 34963.8, 10613.7
40.475, 34964.5, 10613.7
40.476, 34965.1, 10613.7
40.477, 34965.7, 10613.7
40.478, 34966.4, 10613.7
40.479, 34967, 10613.7
40.48, 34967.7, 10613.7
40.481, 34968.3, 10613.7
40.482, 34969, 10613.7
40.483, 34969.6, 10613.7
40.484, 34970.2, 10613.7
40.485, 34970.9, 10613.7
40.486, 34971.5, 10613.7
40.487, 34972.2, 10613.7
40.488, 34972.8, 10613.7
40.489, 34973.5, 10613.7
40.49, 34974.1, 10613.7
40.491, 34974.8, 10613.7
40.492, 34975.4, 10613.7
40.493, 34976, 10613.7
40.494, 34976.7, 10613.7
40.495, 34977.3, 10613.7
40.496, 34978, 10613.7
40.497, 34978.6, 10613.7
40.498, 34979.3, 10613.8
40.499, 34979.9, 10613.8
40.5, 34980.5, 10613.8
40.501, 34981.2, 10613.8
40.502, 34981.8, 10613.8
40.503, 34982.5, 10613.8
40.504, 34983.1, 10613.8
40.505, 34983.8, 10613.8
40.506, 34984.4, 10613.8
40.507, 34985.1, 10613.8
40.508, 34985.7, 10613.8
40.509, 34986.3, 10613.8
40.51, 34987, 10613.8
40.511, 34987.6, 10613.8
40.512, 34988.3, 10613.8
40.513, 34988.9, 10613.8
40.514, 34989.6, 10613.8
40.515, 34990.2, 10613.8
40.516, 34990.8, 10613.8
40.517, 34991.5, 10613.8
40.518, 34992.1, 10613.8
40.519, 34992.8, 10613.8
40.52, 34993.4, 10613.8
40.521, 34994.1, 10613.8
40.522, 34994.7, 10613.9
40.523, 34995.4, 10613.9
40.524, 34996, 10613.9
40.525, 34996.6, 10613.9
40.526, 34997.3, 10613.9
40.527, 34997.9, 10613.9
40.528, 34998.6, 10613.9
40.529, 34999.2, 10613.9
40.53, 34999.9, 10613.9
40.531, 35000.5, 10613.9
40.532, 35001.1, 10613.9
40.533, 35001.8, 10613.9
40.534, 35002.4, 10613.9
40.535, 35003.1, 10613.9
40.536, 35003.7, 10613.9
40.537, 35004.4, 10613.9
40.538, 35005, 10613.9
40.539, 35005.6, 10613.9
40.54, 35006.3, 10613.9
40.541, 35006.9, 10613.9
40.542, 35007.6, 10613.9
40.543, 35008.2, 10613.9
40.544, 35008.9, 10613.9
40.545, 35009.5, 10613.9
40.546, 35010.2, 10613.9
40.547, 35010.8, 10613.9
40.548, 35011.4, 10613.9
40.549, 35012.1, 10614
40.55, 35012.7, 10614
40.551, 35013.4, 10614
40.552, 35014, 10614
40.553, 35014.7, 10614
40.554, 35015.3, 10614
40.555, 35015.9, 10614
40.556, 35016.6, 10614
40.557, 35017.2, 10614
40.558, 35017.9, 10614
40.559, 35018.5, 10614
40.56, 35019.2, 10614
40.561, 35019.8, 10614
40.562, 35020.4, 10614
40.563, 35021.1, 10614
40.564, 35021.7, 10614
40.565, 35022.4, 10614
40.566, 35023, 10614
40.567, 35023.7, 10614
40.568, 35024.3, 10614
40.569, 35025, 10614
40.57, 35025.6, 10614
40.571, 35026.2, 10614
40.572, 35026.9, 10614
40.573, 35027.5, 10614
40.574, 35028.2, 10614
40.575, 35028.8, 10614
40.576, 35029.5, 10614
40.577, 35030.1, 10614
40.578, 35030.7, 10614.1
40.579, 35031.4, 10614.1
40.58, 35032, 10614.1
40.581, 35032.7, 10614.1
40.582, 35033.3, 10614.1
40.583, 35034, 10614.1
40.584, 35034.6, 10614.1
40.585, 35035.2, 10614.1
40.586, 35035.9, 10614.1
40.587, 35036.5, 10614.1
40.588, 35037.2, 10614.1
40.589, 35037.8, 10614.1
40.59, 35038.5, 10614.1
40.591, 35039.1, 10614.1
40.592, 35039.7, 10614.1
40.593, 35040.4, 10614.1
40.594, 35041, 10614.1
40.595, 35041.7, 10614.1
40.596, 35042.3, 10614.1
40.597, 35043, 10614.1
40.598, 35043.6, 10614.1
40.599, 35044.2, 10614.1
40.6, 35044.9, 10614.1
40.601, 35045.5, 10614.1
40.602, 35046.2, 10614.1
40.603, 35046.8, 10614.1
40.604, 35047.5, 10614.1
40.605, 35048.1, 10614.1
40.606, 35048.8, 10614.1
40.607, 35049.4, 10614.1
40.608, 35050, 10614.1
40.609, 35050.7, 10614.2
40.61, 35051.3, 10614.2
40.611, 35052, 10614.2
40.612, 35052.6, 10614.2
40.613, 35053.3, 10614.2
40.614, 35053.9, 10614.2
40.615, 35054.5, 10614.2
40.616, 35055.2, 10614.2
40.617, 35055.8, 10614.2
40.618, 35056.5, 10614.2
40.619, 35057.1, 10614.2
40.62, 35057.8, 10614.2
40.621, 35058.4, 10614.2
40.622, 35059, 10614.2
40.623, 35059.7, 10614.2
40.624, 35060.3, 10614.2
40.625, 35061, 10614.2
40.626, 35061.6, 10614.2
40.627, 35062.3, 10614.2
40.628, 35062.9, 10614.2
40.629, 35063.5, 10614.2
40.63, 35064.2, 10614.2
40.631, 35064.8, 10614.2
40.632, 35065.5, 10614.2
40.633, 35066.1, 10614.2
40.634, 35066.8, 10614.2
40.635, 35067.4, 10614.2
40.636, 35068, 10614.2
40.637, 35068.7, 10614.2
40.638, 35069.3, 10614.2
40.639, 35070, 10614.2
40.64, 35070.6, 10614.2
40.641, 35071.3, 10614.2
40.642, 35071.9, 10614.2
40.643, 35072.5, 10614.2
40.644, 35073.2, 10614.3
40.645, 35073.8, 10614.3
40.646, 35074.5, 10614.3
40.647, 35075.1, 10614.3
40.648, 35075.8, 10614.3
40.649, 35076.4, 10614.3
40.65, 35077, 10614.3
40.651, 35077.7, 10614.3
40.652, 35078.3, 10614.3
40.653, 35079, 10614.3
40.654, 35079.6, 10614.3
40.655, 35080.3, 10614.3
40.656, 35080.9, 10614.3
40.657, 35081.5, 10614.3
40.658, 35082.2, 10614.3
40.659, 35082.8, 10614.3
40.66, 35083.5, 10614.3
40.661, 35084.1, 10614.3
40.662, 35084.8, 10614.3
40.663, 35085.4, 10614.3
40.664, 35086, 10614.3
40.665, 35086.7, 10614.3
40.666, 35087.3, 10614.3
40.667, 35088, 10614.3
40.668, 35088.6, 10614.3
40.669, 35089.3, 10614.3
40.67, 35089.9, 10614.3
40.671, 35090.5, 10614.3
40.672, 35091.2, 10614.3
40.673, 35091.8, 10614.3
40.674, 35092.5, 10614.3
40.675, 35093.1, 10614.3
40.676, 35093.8, 10614.3
40.677, 35094.4, 10614.3
40.678, 35095, 10614.3
40.679, 35095.7, 10614.3
40.68, 35096.3, 10614.3
40.681, 35097, 10614.3
40.682, 35097.6, 10614.3
40.683, 35098.3, 10614.3
40.684, 35098.9, 10614.4
40.685, 35099.5, 10614.4
40.686, 35100.2, 10614.4
40.687, 35100.8, 10614.4
40.688, 35101.5, 10614.4
40.689, 35102.1, 10614.4
40.69, 35102.8, 10614.4
40.691, 35103.4, 10614.4
40.692, 35104, 10614.4
40.693, 35104.7, 10614.4
40.694, 35105.3, 10614.4
40.695, 35106, 10614.4
40.696, 35106.6, 10614.4
40.697, 35107.3, 10614.4
40.698, 35107.9, 10614.4
40.699, 35108.5, 10614.4
40.7, 35109.2, 10614.4
40.701, 35109.8, 10614.4
40.702, 35110.5, 10614.4
40.703, 35111.1, 10614.4
40.704, 35111.8, 10614.4
40.705, 35112.4, 10614.4
40.706, 35113, 10614.4
40.707, 35113.7, 10614.4
40.708, 35114.3, 10614.4
40.709, 35115, 10614.4
40.71, 35115.6, 10614.4
40.711, 35116.3, 10614.4
40.712, 35116.9, 10614.4
40.713, 35117.5, 10614.4
40.714, 35118.2, 10614.4
40.715, 35118.8, 10614.4
40.716, 35119.5, 10614.4
40.717, 35120.1, 10614.4
40.718, 35120.7, 10614.4
40.719, 35121.4, 10614.4
40.72, 35122, 10614.4
40.721, 35122.7, 10614.4
40.722, 35123.3, 10614.4
40.723, 35124, 10614.4
40.724, 35124.6, 10614.4
40.725, 35125.2, 10614.4
40.726, 35125.9, 10614.4
40.727, 35126.5, 10614.4
40.728, 35127.2, 10614.4
40.729, 35127.8, 10614.4
40.73, 35128.5, 10614.4
40.731, 35129.1, 10614.4
40.732, 35129.7, 10614.5
40.733, 35130.4, 10614.5
40.734, 35131, 10614.5
40.735, 35131.7, 10614.5
40.736, 35132.3, 10614.5
40.737, 35133, 10614.5
40.738, 35133.6, 10614.5
40.739, 35134.2, 10614.5
40.74, 35134.9, 10614.5
40.741, 35135.5, 10614.5
40.742, 35136.2, 10614.5
40.743, 35136.8, 10614.5
40.744, 35137.5, 10614.5
40.745, 35138.1, 10614.5
40.746, 35138.7, 10614.5
40.747, 35139.4, 10614.5
40.748, 35140, 10614.5
40.749, 35140.7, 10614.5
40.75, 35141.3, 10614.5
40.751, 35142, 10614.5
40.752, 35142.6, 10614.5
40.753, 35143.2, 10614.5
40.754, 35143.9, 10614.5
40.755, 35144.5, 10614.5
40.756, 35145.2, 10614.5
40.757, 35145.8, 10614.5
40.758, 35146.4, 10614.5
40.759, 35147.1, 10614.5
40.76, 35147.7, 10614.5
40.761, 35148.4, 10614.5
40.762, 35149, 10614.5
40.763, 35149.7, 10614.5
40.764, 35150.3, 10614.5
40.765, 35150.9, 10614.5
40.766, 35151.6, 10614.5
40.767, 35152.2, 10614.5
40.768, 35152.9, 10614.5
40.769, 35153.5, 10614.5
40.77, 35154.2, 10614.5
40.771, 35154.8, 10614.5
40.772, 35155.4, 10614.5
40.773, 35156.1, 10614.5
40.774, 35156.7, 10614.5
40.775, 35157.4, 10614.5
40.776, 35158, 10614.5
40.777, 35158.6, 10614.5
40.778, 35159.3, 10614.5
40.779, 35159.9, 10614.5
40.78, 35160.6, 10614.5
40.781, 35161.2, 10614.5
40.782, 35161.9, 10614.5
40.783, 35162.5, 10614.5
40.784, 35163.1, 10614.5
40.785, 35163.8, 10614.5
40.786, 35164.4, 10614.5
40.787, 35165.1, 10614.5
40.788, 35165.7, 10614.5
40.789, 35166.4, 10614.5
40.79, 35167, 10614.5
40.791, 35167.6, 10614.5
40.792, 35168.3, 10614.5
40.793, 35168.9, 10614.5
40.794, 35169.6, 10614.5
40.795, 35170.2, 10614.5
40.796, 35170.9, 10614.5
40.797, 35171.5, 10614.5
40.798, 35172.1, 10614.6
40.799, 35172.8, 10614.6
40.8, 35173.4, 10614.6
40.801, 35174.1, 10614.6
40.802, 35174.7, 10614.6
40.803, 35175.3, 10614.6
40.804, 35176, 10614.6
40.805, 35176.6, 10614.6
40.806, 35177.3, 10614.6
40.807, 35177.9, 10614.6
40.808, 35178.6, 10614.6
40.809, 35179.2, 10614.6
40.81, 35179.8, 10614.6
40.811, 35180.5, 10614.6
40.812, 35181.1, 10614.6
40.813, 35181.8, 10614.6
40.814, 35182.4, 10614.6
40.815, 35183, 10614.6
40.816, 35183.7, 10614.6
40.817, 35184.3, 10614.6
40.818, 35185, 10614.6
40.819, 35185.6, 10614.6
40.82, 35186.3, 10614.6
40.821, 35186.9, 10614.6
40.822, 35187.5, 10614.6
40.823, 35188.2, 10614.6
40.824, 35188.8, 10614.6
40.825, 35189.5, 10614.6
40.826, 35190.1, 10614.6
40.827, 35190.8, 10614.6
40.828, 35191.4, 10614.6
40.829, 35192, 10614.6
40.83, 35192.7, 10614.6
40.831, 35193.3, 10614.6
40.832, 35194, 10614.6
40.833, 35194.6, 10614.6
40.834, 35195.2, 10614.6
40.835, 35195.9, 10614.6
40.836, 35196.5, 10614.6
40.837, 35197.2, 10614.6
40.838, 35197.8, 10614.6
40.839, 35198.5, 10614.6
40.84, 35199.1, 10614.6
40.841, 35199.7, 10614.6
40.842, 35200.4, 10614.6
40.843, 35201, 10614.6
40.844, 35201.7, 10614.6
40.845, 35202.3, 10614.6
40.846, 35202.9, 10614.6
40.847, 35203.6, 10614.6
40.848, 35204.2, 10614.6
40.849, 35204.9, 10614.6
40.85, 35205.5, 10614.6
40.851, 35206.2, 10614.6
40.852, 35206.8, 10614.6
40.853, 35207.4, 10614.6
40.854, 35208.1, 10614.6
40.855, 35208.7, 10614.6
40.856, 35209.4, 10614.6
40.857, 35210, 10614.6
40.858, 35210.7, 10614.6
40.859, 35211.3, 10614.6
40.86, 35211.9, 10614.6
40.861, 35212.6, 10614.6
40.862, 35213.2, 10614.6
40.863, 35213.9, 10614.6
40.864, 35214.5, 10614.6
40.865, 35215.1, 10614.6
40.866, 35215.8, 10614.6
40.867, 35216.4, 10614.6
40.868, 35217.1, 10614.6
40.869, 35217.7, 10614.6
40.87, 35218.4, 10614.6
40.871, 35219, 10614.6
40.872, 35219.6, 10614.6
40.873, 35220.3, 10614.6
40.874, 35220.9, 10614.6
40.875, 35221.6, 10614.6
40.876, 35222.2, 10614.6
40.877, 35222.8, 10614.6
40.878, 35223.5, 10614.6
40.879, 35224.1, 10614.6
40.88, 35224.8, 10614.6
40.881, 35225.4, 10614.6
40.882, 35226.1, 10614.6
40.883, 35226.7, 10614.6
40.884, 35227.3, 10614.6
40.885, 35228, 10614.6
40.886, 35228.6, 10614.6
40.887, 35229.3, 10614.6
40.888, 35229.9, 10614.6
40.889, 35230.5, 10614.6
40.89, 35231.2, 10614.6
40.891, 35231.8, 10614.6
40.892, 35232.5, 10614.6
40.893, 35233.1, 10614.6
40.894, 35233.8, 10614.6
40.895, 35234.4, 10614.6
40.896, 35235, 10614.6
40.897, 35235.7, 10614.6
40.898, 35236.3, 10614.6
40.899, 35237, 10614.6
40.9, 35237.6, 10614.6
40.901, 35238.2, 10614.6
40.902, 35238.9, 10614.6
40.903, 35239.5, 10614.6
40.904, 35240.2, 10614.6
40.905, 35240.8, 10614.6
40.906, 35241.5, 10614.6
40.907, 35242.1, 10614.6
40.908, 35242.7, 10614.6
40.909, 35243.4, 10614.6
40.91, 35244, 10614.6
40.911, 35244.7, 10614.6
40.912, 35245.3, 10614.6
40.913, 35245.9, 10614.6
40.914, 35246.6, 10614.6
40.915, 35247.2, 10614.6
40.916, 35247.9, 10614.6
40.917, 35248.5, 10614.6
40.918, 35249.1, 10614.6
40.919, 35249.8, 10614.6
40.92, 35250.4, 10614.6
40.921, 35251.1, 10614.6
40.922, 35251.7, 10614.6
40.923, 35252.4, 10614.6
40.924, 35253, 10614.6
40.925, 35253.6, 10614.6
40.926, 35254.3, 10614.6
40.927, 35254.9, 10614.6
40.928, 35255.6, 10614.6
40.929, 35256.2, 10614.6
40.93, 35256.8, 10614.6
40.931, 35257.5, 10614.6
40.932, 35258.1, 10614.6
40.933, 35258.8, 10614.6
40.934, 35259.4, 10614.6
40.935, 35260.1, 10614.6
40.936, 35260.7, 10614.6
40.937, 35261.3, 10614.6
40.938, 35262, 10614.6
40.939, 35262.6, 10614.6
40.94, 35263.3, 10614.6
40.941, 35263.9, 10614.6
40.942, 35264.5, 10614.6
40.943, 35265.2, 10614.6
40.944, 35265.8, 10614.6
40.945, 35266.5, 10614.6
40.946, 35267.1, 10614.6
40.947, 35267.7, 10614.6
40.948, 35268.4, 10614.6
40.949, 35269, 10614.6
40.95, 35269.7, 10614.6
40.951, 35270.3, 10614.6
40.952, 35271, 10614.6
40.953, 35271.6, 10614.6
40.954, 35272.2, 10614.6
40.955, 35272.9, 10614.6
40.956, 35273.5, 10614.6
40.957, 35274.2, 10614.6
40.958, 35274.8, 10614.6
40.959, 35275.4, 10614.6
40.96, 35276.1, 10614.6
40.961, 35276.7, 10614.6
40.962, 35277.4, 10614.6
40.963, 35278, 10614.6
40.964, 35278.6, 10614.6
40.965, 35279.3, 10614.6
40.966, 35279.9, 10614.6
40.967, 35280.6, 10614.6
40.968, 35281.2, 10614.6
40.969, 35281.9, 10614.6
40.97, 35282.5, 10614.6
40.971, 35283.1, 10614.6
40.972, 35283.8, 10614.6
40.973, 35284.4, 10614.6
40.974, 35285.1, 10614.6
40.975, 35285.7, 10614.6
40.976, 35286.3, 10614.6
40.977, 35287, 10614.6
40.978, 35287.6, 10614.6
40.979, 35288.3, 10614.6
40.98, 35288.9, 10614.6
40.981, 35289.5, 10614.6
40.982, 35290.2, 10614.6
40.983, 35290.8, 10614.6
40.984, 35291.5, 10614.6
40.985, 35292.1, 10614.6
40.986, 35292.8, 10614.6
40.987, 35293.4, 10614.6
40.988, 35294, 10614.6
40.989, 35294.7, 10614.6
40.99, 35295.3, 10614.6
40.991, 35296, 10614.6
40.992, 35296.6, 10614.6
40.993, 35297.2, 10614.6
40.994, 35297.9, 10614.6
40.995, 35298.5, 10614.6
40.996, 35299.2, 10614.6
40.997, 35299.8, 10614.6
40.998, 35300.4, 10614.6
40.999, 35301.1, 10614.6
41, 35301.7, 10614.6
41.001, 35302.4, 10614.6
41.002, 35303, 10614.6
41.003, 35303.7, 10614.6
41.004, 35304.3, 10614.6
41.005, 35304.9, 10614.6
41.006, 35305.6, 10614.6
41.007, 35306.2, 10614.6
41.008, 35306.9, 10614.6
41.009, 35307.5, 10614.6
41.01, 35308.1, 10614.6
41.011, 35308.8, 10614.6
41.012, 35309.4, 10614.6
41.013, 35310.1, 10614.6
41.014, 35310.7, 10614.6
41.015, 35311.3, 10614.6
41.016, 35312, 10614.6
41.017, 35312.6, 10614.6
41.018, 35313.3, 10614.6
41.019, 35313.9, 10614.6
41.02, 35314.5, 10614.6
41.021, 35315.2, 10614.6
41.022, 35315.8, 10614.6
41.023, 35316.5, 10614.6
41.024, 35317.1, 10614.6
41.025, 35317.8, 10614.6
41.026, 35318.4, 10614.6
41.027, 35319, 10614.6
41.028, 35319.7, 10614.6
41.029, 35320.3, 10614.6
41.03, 35321, 10614.6
41.031, 35321.6, 10614.6
41.032, 35322.2, 10614.6
41.033, 35322.9, 10614.6
41.034, 35323.5, 10614.6
41.035, 35324.2, 10614.6
41.036, 35324.8, 10614.6
41.037, 35325.4, 10614.6
41.038, 35326.1, 10614.6
41.039, 35326.7, 10614.5
41.04, 35327.4, 10614.5
41.041, 35328, 10614.5
41.042, 35328.6, 10614.5
41.043, 35329.3, 10614.5
41.044, 35329.9, 10614.5
41.045, 35330.6, 10614.5
41.046, 35331.2, 10614.5
41.047, 35331.8, 10614.5
41.048, 35332.5, 10614.5
41.049, 35333.1, 10614.5
41.05, 35333.8, 10614.5
41.051, 35334.4, 10614.5
41.052, 35335.1, 10614.5
41.053, 35335.7, 10614.5
41.054, 35336.3, 10614.5
41.055, 35337, 10614.5
41.056, 35337.6, 10614.5
41.057, 35338.3, 10614.5
41.058, 35338.9, 10614.5
41.059, 35339.5, 10614.5
41.06, 35340.2, 10614.5
41.061, 35340.8, 10614.5
41.062, 35341.5, 10614.5
41.063, 35342.1, 10614.5
41.064, 35342.7, 10614.5
41.065, 35343.4, 10614.5
41.066, 35344, 10614.5
41.067, 35344.7, 10614.5
41.068, 35345.3, 10614.5
41.069, 35345.9, 10614.5
41.07, 35346.6, 10614.5
41.071, 35347.2, 10614.5
41.072, 35347.9, 10614.5
41.073, 35348.5, 10614.5
41.074, 35349.1, 10614.5
41.075, 35349.8, 10614.5
41.076, 35350.4, 10614.5
41.077, 35351.1, 10614.5
41.078, 35351.7, 10614.5
41.079, 35352.4, 10614.5
41.08, 35353, 10614.5
41.081, 35353.6, 10614.5
41.082, 35354.3, 10614.5
41.083, 35354.9, 10614.5
41.084, 35355.6, 10614.5
41.085, 35356.2, 10614.5
41.086, 35356.8, 10614.5
41.087, 35357.5, 10614.5
41.088, 35358.1, 10614.5
41.089, 35358.8, 10614.5
41.09, 35359.4, 10614.5
41.091, 35360, 10614.5
41.092, 35360.7, 10614.5
41.093, 35361.3, 10614.5
41.094, 35362, 10614.5
41.095, 35362.6, 10614.5
41.096, 35363.2, 10614.5
41.097, 35363.9, 10614.5
41.098, 35364.5, 10614.5
41.099, 35365.2, 10614.5
41.1, 35365.8, 10614.5
41.101, 35366.4, 10614.5
41.102, 35367.1, 10614.5
41.103, 35367.7, 10614.5
41.104, 35368.4, 10614.5
41.105, 35369, 10614.5
41.106, 35369.6, 10614.4
41.107, 35370.3, 10614.4
41.108, 35370.9, 10614.4
41.109, 35371.6, 10614.4
41.11, 35372.2, 10614.4
41.111, 35372.8, 10614.4
41.112, 35373.5, 10614.4
41.113, 35374.1, 10614.4
41.114, 35374.8, 10614.4
41.115, 35375.4, 10614.4
41.116, 35376, 10614.4
41.117, 35376.7, 10614.4
41.118, 35377.3, 10614.4
41.119, 35378, 10614.4
41.12, 35378.6, 10614.4
41.121, 35379.2, 10614.4
41.122, 35379.9, 10614.4
41.123, 35380.5, 10614.4
41.124, 35381.2, 10614.4
41.125, 35381.8, 10614.4
41.126, 35382.5, 10614.4
41.127, 35383.1, 10614.4
41.128, 35383.7, 10614.4
41.129, 35384.4, 10614.4
41.13, 35385, 10614.4
41.131, 35385.7, 10614.4
41.132, 35386.3, 10614.4
41.133, 35386.9, 10614.4
41.134, 35387.6, 10614.4
41.135, 35388.2, 10614.4
41.136, 35388.9, 10614.4
41.137, 35389.5, 10614.4
41.138, 35390.1, 10614.4
41.139, 35390.8, 10614.4
41.14, 35391.4, 10614.4
41.141, 35392.1, 10614.4
41.142, 35392.7, 10614.4
41.143, 35393.3, 10614.4
41.144, 35394, 10614.4
41.145, 35394.6, 10614.4
41.146, 35395.3, 10614.4
41.147, 35395.9, 10614.4
41.148, 35396.5, 10614.4
41.149, 35397.2, 10614.4
41.15, 35397.8, 10614.4
41.151, 35398.5, 10614.4
41.152, 35399.1, 10614.4
41.153, 35399.7, 10614.4
41.154, 35400.4, 10614.3
41.155, 35401, 10614.3
41.156, 35401.7, 10614.3
41.157, 35402.3, 10614.3
41.158, 35402.9, 10614.3
41.159, 35403.6, 10614.3
41.16, 35404.2, 10614.3
41.161, 35404.9, 10614.3
41.162, 35405.5, 10614.3
41.163, 35406.1, 10614.3
41.164, 35406.8, 10614.3
41.165, 35407.4, 10614.3
41.166, 35408.1, 10614.3
41.167, 35408.7, 10614.3
41.168, 35409.3, 10614.3
41.169, 35410, 10614.3
41.17, 35410.6, 10614.3
41.171, 35411.3, 10614.3
41.172, 35411.9, 10614.3
41.173, 35412.5, 10614.3
41.174, 35413.2, 10614.3
41.175, 35413.8, 10614.3
41.176, 35414.5, 10614.3
41.177, 35415.1, 10614.3
41.178, 35415.7, 10614.3
41.179, 35416.4, 10614.3
41.18, 35417, 10614.3
41.181, 35417.7, 10614.3
41.182, 35418.3, 10614.3
41.183, 35418.9, 10614.3
41.184, 35419.6, 10614.3
41.185, 35420.2, 10614.3
41.186, 35420.9, 10614.3
41.187, 35421.5, 10614.3
41.188, 35422.1, 10614.3
41.189, 35422.8, 10614.3
41.19, 35423.4, 10614.3
41.191, 35424.1, 10614.3
41.192, 35424.7, 10614.3
41.193, 35425.3, 10614.3
41.194, 35426, 10614.2
41.195, 35426.6, 10614.2
41.196, 35427.3, 10614.2
41.197, 35427.9, 10614.2
41.198, 35428.5, 10614.2
41.199, 35429.2, 10614.2
41.2, 35429.8, 10614.2
41.201, 35430.5, 10614.2
41.202, 35431.1, 10614.2
41.203, 35431.7, 10614.2
41.204, 35432.4, 10614.2
41.205, 35433, 10614.2
41.206, 35433.7, 10614.2
41.207, 35434.3, 10614.2
41.208, 35434.9, 10614.2
41.209, 35435.6, 10614.2
41.21, 35436.2, 10614.2
41.211, 35436.9, 10614.2
41.212, 35437.5, 10614.2
41.213, 35438.1, 10614.2
41.214, 35438.8, 10614.2
41.215, 35439.4, 10614.2
41.216, 35440.1, 10614.2
41.217, 35440.7, 10614.2
41.218, 35441.3, 10614.2
41.219, 35442, 10614.2
41.22, 35442.6, 10614.2
41.221, 35443.3, 10614.2
41.222, 35443.9, 10614.2
41.223, 35444.5, 10614.2
41.224, 35445.2, 10614.2
41.225, 35445.8, 10614.2
41.226, 35446.5, 10614.2
41.227, 35447.1, 10614.2
41.228, 35447.7, 10614.2
41.229, 35448.4, 10614.1
41.23, 35449, 10614.1
41.231, 35449.7, 10614.1
41.232, 35450.3, 10614.1
41.233, 35450.9, 10614.1
41.234, 35451.6, 10614.1
41.235, 35452.2, 10614.1
41.236, 35452.9, 10614.1
41.237, 35453.5, 10614.1
41.238, 35454.1, 10614.1
41.239, 35454.8, 10614.1
41.24, 35455.4, 10614.1
41.241, 35456.1, 10614.1
41.242, 35456.7, 10614.1
41.243, 35457.3, 10614.1
41.244, 35458, 10614.1
41.245, 35458.6, 10614.1
41.246, 35459.3, 10614.1
41.247, 35459.9, 10614.1
41.248, 35460.5, 10614.1
41.249, 35461.2, 10614.1
41.25, 35461.8, 10614.1
41.251, 35462.4, 10614.1
41.252, 35463.1, 10614.1
41.253, 35463.7, 10614.1
41.254, 35464.4, 10614.1
41.255, 35465, 10614.1
41.256, 35465.6, 10614.1
41.257, 35466.3, 10614.1
41.258, 35466.9, 10614.1
41.259, 35467.6, 10614.1
41.26, 35468.2, 10614
41.261, 35468.8, 10614
41.262, 35469.5, 10614
41.263, 35470.1, 10614
41.264, 35470.8, 10614
41.265, 35471.4, 10614
41.266, 35472, 10614
41.267, 35472.7, 10614
41.268, 35473.3, 10614
41.269, 35474, 10614
41.27, 35474.6, 10614
41.271, 35475.2, 10614
41.272, 35475.9, 10614
41.273, 35476.5, 10614
41.274, 35477.2, 10614
41.275, 35477.8, 10614
41.276, 35478.4, 10614
41.277, 35479.1, 10614
41.278, 35479.7, 10614
41.279, 35480.4, 10614
41.28, 35481, 10614
41.281, 35481.6, 10614
41.282, 35482.3, 10614
41.283, 35482.9, 10614
41.284, 35483.6, 10614
41.285, 35484.2, 10614
41.286, 35484.8, 10614
41.287, 35485.5, 10614
41.288, 35486.1, 10614
41.289, 35486.8, 10613.9
41.29, 35487.4, 10613.9
41.291, 35488, 10613.9
41.292, 35488.7, 10613.9
41.293, 35489.3, 10613.9
41.294, 35489.9, 10613.9
41.295, 35490.6, 10613.9
41.296, 35491.2, 10613.9
41.297, 35491.9, 10613.9
41.298, 35492.5, 10613.9
41.299, 35493.1, 10613.9
41.3, 35493.8, 10613.9
41.301, 35494.4, 10613.9
41.302, 35495.1, 10613.9
41.303, 35495.7, 10613.9
41.304, 35496.3, 10613.9
41.305, 35497, 10613.9
41.306, 35497.6, 10613.9
41.307, 35498.3, 10613.9
41.308, 35498.9, 10613.9
41.309, 35499.5, 10613.9
41.31, 35500.2, 10613.9
41.311, 35500.8, 10613.9
41.312, 35501.5, 10613.9
41.313, 35502.1, 10613.9
41.314, 35502.7, 10613.9
41.315, 35503.4, 10613.8
41.316, 35504, 10613.8
41.317, 35504.7, 10613.8
41.318, 35505.3, 10613.8
41.319, 35505.9, 10613.8
41.32, 35506.6, 10613.8
41.321, 35507.2, 10613.8
41.322, 35507.9, 10613.8
41.323, 35508.5, 10613.8
41.324, 35509.1, 10613.8
41.325, 35509.8, 10613.8
41.326, 35510.4, 10613.8
41.327, 35511, 10613.8
41.328, 35511.7, 10613.8
41.329, 35512.3, 10613.8
41.33, 35513, 10613.8
41.331, 35513.6, 10613.8
41.332, 35514.2, 10613.8
41.333, 35514.9, 10613.8
41.334, 35515.5, 10613.8
41.335, 35516.2, 10613.8
41.336, 35516.8, 10613.8
41.337, 35517.4, 10613.8
41.338, 35518.1, 10613.8
41.339, 35518.7, 10613.8
41.34, 35519.4, 10613.7
41.341, 35520, 10613.7
41.342, 35520.6, 10613.7
41.343, 35521.3, 10613.7
41.344, 35521.9, 10613.7
41.345, 35522.6, 10613.7
41.346, 35523.2, 10613.7
41.347, 35523.8, 10613.7
41.348, 35524.5, 10613.7
41.349, 35525.1, 10613.7
41.35, 35525.7, 10613.7
41.351, 35526.4, 10613.7
41.352, 35527, 10613.7
41.353, 35527.7, 10613.7
41.354, 35528.3, 10613.7
41.355, 35528.9, 10613.7
41.356, 35529.6, 10613.7
41.357, 35530.2, 10613.7
41.358, 35530.9, 10613.7
41.359, 35531.5, 10613.7
41.36, 35532.1, 10613.7
41.361, 35532.8, 10613.7
41.362, 35533.4, 10613.7
41.363, 35534.1, 10613.7
41.364, 35534.7, 10613.6
41.365, 35535.3, 10613.6
41.366, 35536, 10613.6
41.367, 35536.6, 10613.6
41.368, 35537.3, 10613.6
41.369, 35537.9, 10613.6
41.37, 35538.5, 10613.6
41.371, 35539.2, 10613.6
41.372, 35539.8, 10613.6
41.373, 35540.4, 10613.6
41.374, 35541.1, 10613.6
41.375, 35541.7, 10613.6
41.376, 35542.4, 10613.6
41.377, 35543, 10613.6
41.378, 35543.6, 10613.6
41.379, 35544.3, 10613.6
41.38, 35544.9, 10613.6
41.381, 35545.6, 10613.6
41.382, 35546.2, 10613.6
41.383, 35546.8, 10613.6
41.384, 35547.5, 10613.6
41.385, 35548.1, 10613.6
41.386, 35548.8, 10613.5
41.387, 35549.4, 10613.5
41.388, 35550, 10613.5
41.389, 35550.7, 10613.5
41.39, 35551.3, 10613.5
41.391, 35551.9, 10613.5
41.392, 35552.6, 10613.5
41.393, 35553.2, 10613.5
41.394, 35553.9, 10613.5
41.395, 35554.5, 10613.5
41.396, 35555.1, 10613.5
41.397, 35555.8, 10613.5
41.398, 35556.4, 10613.5
41.399, 35557.1, 10613.5
41.4, 35557.7, 10613.5
41.401, 35558.3, 10613.5
41.402, 35559, 10613.5
41.403, 35559.6, 10613.5
41.404, 35560.3, 10613.5
41.405, 35560.9, 10613.5
41.406, 35561.5, 10613.5
41.407, 35562.2, 10613.4
41.408, 35562.8, 10613.4
41.409, 35563.4, 10613.4
41.41, 35564.1, 10613.4
41.411, 35564.7, 10613.4
41.412, 35565.4, 10613.4
41.413, 35566, 10613.4
41.414, 35566.6, 10613.4
41.415, 35567.3, 10613.4
41.416, 35567.9, 10613.4
41.417, 35568.6, 10613.4
41.418, 35569.2, 10613.4
41.419, 35569.8, 10613.4
41.42, 35570.5, 10613.4
41.421, 35571.1, 10613.4
41.422, 35571.7, 10613.4
41.423, 35572.4, 10613.4
41.424, 35573, 10613.4
41.425, 35573.7, 10613.4
41.426, 35574.3, 10613.4
41.427, 35574.9, 10613.4
41.428, 35575.6, 10613.3
41.429, 35576.2, 10613.3
41.43, 35576.9, 10613.3
41.431, 35577.5, 10613.3
41.432, 35578.1, 10613.3
41.433, 35578.8, 10613.3
41.434, 35579.4, 10613.3
41.435, 35580.1, 10613.3
41.436, 35580.7, 10613.3
41.437, 35581.3, 10613.3
41.438, 35582, 10613.3
41.439, 35582.6, 10613.3
41.44, 35583.2, 10613.3
41.441, 35583.9, 10613.3
41.442, 35584.5, 10613.3
41.443, 35585.2, 10613.3
41.444, 35585.8, 10613.3
41.445, 35586.4, 10613.3
41.446, 35587.1, 10613.3
41.447, 35587.7, 10613.2
41.448, 35588.4, 10613.2
41.449, 35589, 10613.2
41.45, 35589.6, 10613.2
41.451, 35590.3, 10613.2
41.452, 35590.9, 10613.2
41.453, 35591.5, 10613.2
41.454, 35592.2, 10613.2
41.455, 35592.8, 10613.2
41.456, 35593.5, 10613.2
41.457, 35594.1, 10613.2
41.458, 35594.7, 10613.2
41.459, 35595.4, 10613.2
41.46, 35596, 10613.2
41.461, 35596.7, 10613.2
41.462, 35597.3, 10613.2
41.463, 35597.9, 10613.2
41.464, 35598.6, 10613.2
41.465, 35599.2, 10613.2
41.466, 35599.8, 10613.1
41.467, 35600.5, 10613.1
41.468, 35601.1, 10613.1
41.469, 35601.8, 10613.1
41.47, 35602.4, 10613.1
41.471, 35603, 10613.1
41.472, 35603.7, 10613.1
41.473, 35604.3, 10613.1
41.474, 35605, 10613.1
41.475, 35605.6, 10613.1
41.476, 35606.2, 10613.1
41.477, 35606.9, 10613.1
41.478, 35607.5, 10613.1
41.479, 35608.1, 10613.1
41.48, 35608.8, 10613.1
41.481, 35609.4, 10613.1
41.482, 35610.1, 10613.1
41.483, 35610.7, 10613.1
41.484, 35611.3, 10613
41.485, 35612, 10613
41.486, 35612.6, 10613
41.487, 35613.3, 10613
41.488, 35613.9, 10613
41.489, 35614.5, 10613
41.49, 35615.2, 10613
41.491, 35615.8, 10613
41.492, 35616.4, 10613
41.493, 35617.1, 10613
41.494, 35617.7, 10613
41.495, 35618.4, 10613
41.496, 35619, 10613
41.497, 35619.6, 10613
41.498, 35620.3, 10613
41.499, 35620.9, 10613
41.5, 35621.6, 10613
41.501, 35622.2, 10613
41.502, 35622.8, 10612.9
41.503, 35623.5, 10612.9
41.504, 35624.1, 10612.9
41.505, 35624.7, 10612.9
41.506, 35625.4, 10612.9
41.507, 35626, 10612.9
41.508, 35626.7, 10612.9
41.509, 35627.3, 10612.9
41.51, 35627.9, 10612.9
41.511, 35628.6, 10612.9
41.512, 35629.2, 10612.9
41.513, 35629.9, 10612.9
41.514, 35630.5, 10612.9
41.515, 35631.1, 10612.9
41.516, 35631.8, 10612.9
41.517, 35632.4, 10612.9
41.518, 35633, 10612.9
41.519, 35633.7, 10612.8
41.52, 35634.3, 10612.8
41.521, 35635, 10612.8
41.522, 35635.6, 10612.8
41.523, 35636.2, 10612.8
41.524, 35636.9, 10612.8
41.525, 35637.5, 10612.8
41.526, 35638.1, 10612.8
41.527, 35638.8, 10612.8
41.528, 35639.4, 10612.8
41.529, 35640.1, 10612.8
41.53, 35640.7, 10612.8
41.531, 35641.3, 10612.8
41.532, 35642, 10612.8
41.533, 35642.6, 10612.8
41.534, 35643.3, 10612.8
41.535, 35643.9, 10612.8
41.536, 35644.5, 10612.7
41.537, 35645.2, 10612.7
41.538, 35645.8, 10612.7
41.539, 35646.4, 10612.7
41.54, 35647.1, 10612.7
41.541, 35647.7, 10612.7
41.542, 35648.4, 10612.7
41.543, 35649, 10612.7
41.544, 35649.6, 10612.7
41.545, 35650.3, 10612.7
41.546, 35650.9, 10612.7
41.547, 35651.5, 10612.7
41.548, 35652.2, 10612.7
41.549, 35652.8, 10612.7
41.55, 35653.5, 10612.7
41.551, 35654.1, 10612.7
41.552, 35654.7, 10612.6
41.553, 35655.4, 10612.6
41.554, 35656, 10612.6
41.555, 35656.7, 10612.6
41.556, 35657.3, 10612.6
41.557, 35657.9, 10612.6
41.558, 35658.6, 10612.6
41.559, 35659.2, 10612.6
41.56, 35659.8, 10612.6
41.561, 35660.5, 10612.6
41.562, 35661.1, 10612.6
41.563, 35661.8, 10612.6
41.564, 35662.4, 10612.6
41.565, 35663, 10612.6
41.566, 35663.7, 10612.6
41.567, 35664.3, 10612.6
41.568, 35664.9, 10612.5
41.569, 35665.6, 10612.5
41.57, 35666.2, 10612.5
41.571, 35666.9, 10612.5
41.572, 35667.5, 10612.5
41.573, 35668.1, 10612.5
41.574, 35668.8, 10612.5
41.575, 35669.4, 10612.5
41.576, 35670, 10612.5
41.577, 35670.7, 10612.5
41.578, 35671.3, 10612.5
41.579, 35672, 10612.5
41.58, 35672.6, 10612.5
41.581, 35673.2, 10612.5
41.582, 35673.9, 10612.5
41.583, 35674.5, 10612.5
41.584, 35675.2, 10612.4
41.585, 35675.8, 10612.4
41.586, 35676.4, 10612.4
41.587, 35677.1, 10612.4
41.588, 35677.7, 10612.4
41.589, 35678.3, 10612.4
41.59, 35679, 10612.4
41.591, 35679.6, 10612.4
41.592, 35680.3, 10612.4
41.593, 35680.9, 10612.4
41.594, 35681.5, 10612.4
41.595, 35682.2, 10612.4
41.596, 35682.8, 10612.4
41.597, 35683.4, 10612.4
41.598, 35684.1, 10612.4
41.599, 35684.7, 10612.3
41.6, 35685.4, 10612.3
41.601, 35686, 10612.3
41.602, 35686.6, 10612.3
41.603, 35687.3, 10612.3
41.604, 35687.9, 10612.3
41.605, 35688.5, 10612.3
41.606, 35689.2, 10612.3
41.607, 35689.8, 10612.3
41.608, 35690.5, 10612.3
41.609, 35691.1, 10612.3
41.61, 35691.7, 10612.3
41.611, 35692.4, 10612.3
41.612, 35693, 10612.3
41.613, 35693.6, 10612.2
41.614, 35694.3, 10612.2
41.615, 35694.9, 10612.2
41.616, 35695.6, 10612.2
41.617, 35696.2, 10612.2
41.618, 35696.8, 10612.2
41.619, 35697.5, 10612.2
41.62, 35698.1, 10612.2
41.621, 35698.7, 10612.2
41.622, 35699.4, 10612.2
41.623, 35700, 10612.2
41.624, 35700.7, 10612.2
41.625, 35701.3, 10612.2
41.626, 35701.9, 10612.2
41.627, 35702.6, 10612.2
41.628, 35703.2, 10612.1
41.629, 35703.8, 10612.1
41.63, 35704.5, 10612.1
41.631, 35705.1, 10612.1
41.632, 35705.8, 10612.1
41.633, 35706.4, 10612.1
41.634, 35707, 10612.1
41.635, 35707.7, 10612.1
41.636, 35708.3, 10612.1
41.637, 35708.9, 10612.1
41.638, 35709.6, 10612.1
41.639, 35710.2, 10612.1
41.64, 35710.9, 10612.1
41.641, 35711.5, 10612.1
41.642, 35712.1, 10612
41.643, 35712.8, 10612
41.644, 35713.4, 10612
41.645, 35714, 10612
41.646, 35714.7, 10612
41.647, 35715.3, 10612
41.648, 35716, 10612
41.649, 35716.6, 10612
41.65, 35717.2, 10612
41.651, 35717.9, 10612
41.652, 35718.5, 10612
41.653, 35719.1, 10612
41.654, 35719.8, 10612
41.655, 35720.4, 10612
41.656, 35721.1, 10611.9
41.657, 35721.7, 10611.9
41.658, 35722.3, 10611.9
41.659, 35723, 10611.9
41.66, 35723.6, 10611.9
41.661, 35724.2, 10611.9
41.662, 35724.9, 10611.9
41.663, 35725.5, 10611.9
41.664, 35726.2, 10611.9
41.665, 35726.8, 10611.9
41.666, 35727.4, 10611.9
41.667, 35728.1, 10611.9
41.668, 35728.7, 10611.9
41.669, 35729.3, 10611.9
41.67, 35730, 10611.8
41.671, 35730.6, 10611.8
41.672, 35731.3, 10611.8
41.673, 35731.9, 10611.8
41.674, 35732.5, 10611.8
41.675, 35733.2, 10611.8
41.676, 35733.8, 10611.8
41.677, 35734.4, 10611.8
41.678, 35735.1, 10611.8
41.679, 35735.7, 10611.8
41.68, 35736.4, 10611.8
41.681, 35737, 10611.8
41.682, 35737.6, 10611.8
41.683, 35738.3, 10611.7
41.684, 35738.9, 10611.7
41.685, 35739.5, 10611.7
41.686, 35740.2, 10611.7
41.687, 35740.8, 10611.7
41.688, 35741.5, 10611.7
41.689, 35742.1, 10611.7
41.69, 35742.7, 10611.7
41.691, 35743.4, 10611.7
41.692, 35744, 10611.7
41.693, 35744.6, 10611.7
41.694, 35745.3, 10611.7
41.695, 35745.9, 10611.7
41.696, 35746.6, 10611.6
41.697, 35747.2, 10611.6
41.698, 35747.8, 10611.6
41.699, 35748.5, 10611.6
41.7, 35749.1, 10611.6
41.701, 35749.7, 10611.6
41.702, 35750.4, 10611.6
41.703, 35751, 10611.6
41.704, 35751.7, 10611.6
41.705, 35752.3, 10611.6
41.706, 35752.9, 10611.6
41.707, 35753.6, 10611.6
41.708, 35754.2, 10611.6
41.709, 35754.8, 10611.5
41.71, 35755.5, 10611.5
41.711, 35756.1, 10611.5
41.712, 35756.8, 10611.5
41.713, 35757.4, 10611.5
41.714, 35758, 10611.5
41.715, 35758.7, 10611.5
41.716, 35759.3, 10611.5
41.717, 35759.9, 10611.5
41.718, 35760.6, 10611.5
41.719, 35761.2, 10611.5
41.72, 35761.8, 10611.5
41.721, 35762.5, 10611.5
41.722, 35763.1, 10611.4
41.723, 35763.8, 10611.4
41.724, 35764.4, 10611.4
41.725, 35765, 10611.4
41.726, 35765.7, 10611.4
41.727, 35766.3, 10611.4
41.728, 35766.9, 10611.4
41.729, 35767.6, 10611.4
41.73, 35768.2, 10611.4
41.731, 35768.9, 10611.4
41.732, 35769.5, 10611.4
41.733, 35770.1, 10611.4
41.734, 35770.8, 10611.4
41.735, 35771.4, 10611.3
41.736, 35772, 10611.3
41.737, 35772.7, 10611.3
41.738, 35773.3, 10611.3
41.739, 35774, 10611.3
41.74, 35774.6, 10611.3
41.741, 35775.2, 10611.3
41.742, 35775.9, 10611.3
41.743, 35776.5, 10611.3
41.744, 35777.1, 10611.3
41.745, 35777.8, 10611.3
41.746, 35778.4, 10611.3
41.747, 35779, 10611.2
41.748, 35779.7, 10611.2
41.749, 35780.3, 10611.2
41.75, 35781, 10611.2
41.751, 35781.6, 10611.2
41.752, 35782.2, 10611.2
41.753, 35782.9, 10611.2
41.754, 35783.5, 10611.2
41.755, 35784.1, 10611.2
41.756, 35784.8, 10611.2
41.757, 35785.4, 10611.2
41.758, 35786.1, 10611.2
41.759, 35786.7, 10611.1
41.76, 35787.3, 10611.1
41.761, 35788, 10611.1
41.762, 35788.6, 10611.1
41.763, 35789.2, 10611.1
41.764, 35789.9, 10611.1
41.765, 35790.5, 10611.1
41.766, 35791.2, 10611.1
41.767, 35791.8, 10611.1
41.768, 35792.4, 10611.1
41.769, 35793.1, 10611.1
41.77, 35793.7, 10611.1
41.771, 35794.3, 10611
41.772, 35795, 10611
41.773, 35795.6, 10611
41.774, 35796.2, 10611
41.775, 35796.9, 10611
41.776, 35797.5, 10611
41.777, 35798.2, 10611
41.778, 35798.8, 10611
41.779, 35799.4, 10611
41.78, 35800.1, 10611
41.781, 35800.7, 10611
41.782, 35801.3, 10611
41.783, 35802, 10610.9
41.784, 35802.6, 10610.9
41.785, 35803.2, 10610.9
41.786, 35803.9, 10610.9
41.787, 35804.5, 10610.9
41.788, 35805.2, 10610.9
41.789, 35805.8, 10610.9
41.79, 35806.4, 10610.9
41.791, 35807.1, 10610.9
41.792, 35807.7, 10610.9
41.793, 35808.3, 10610.9
41.794, 35809, 10610.9
41.795, 35809.6, 10610.8
41.796, 35810.3, 10610.8
41.797, 35810.9, 10610.8
41.798, 35811.5, 10610.8
41.799, 35812.2, 10610.8
41.8, 35812.8, 10610.8
41.801, 35813.4, 10610.8
41.802, 35814.1, 10610.8
41.803, 35814.7, 10610.8
41.804, 35815.3, 10610.8
41.805, 35816, 10610.8
41.806, 35816.6, 10610.7
41.807, 35817.3, 10610.7
41.808, 35817.9, 10610.7
41.809, 35818.5, 10610.7
41.81, 35819.2, 10610.7
41.811, 35819.8, 10610.7
41.812, 35820.4, 10610.7
41.813, 35821.1, 10610.7
41.814, 35821.7, 10610.7
41.815, 35822.4, 10610.7
41.816, 35823, 10610.7
41.817, 35823.6, 10610.7
41.818, 35824.3, 10610.6
41.819, 35824.9, 10610.6
41.82, 35825.5, 10610.6
41.821, 35826.2, 10610.6
41.822, 35826.8, 10610.6
41.823, 35827.4, 10610.6
41.824, 35828.1, 10610.6
41.825, 35828.7, 10610.6
41.826, 35829.4, 10610.6
41.827, 35830, 10610.6
41.828, 35830.6, 10610.6
41.829, 35831.3, 10610.5
41.83, 35831.9, 10610.5
41.831, 35832.5, 10610.5
41.832, 35833.2, 10610.5
41.833, 35833.8, 10610.5
41.834, 35834.4, 10610.5
41.835, 35835.1, 10610.5
41.836, 35835.7, 10610.5
41.837, 35836.4, 10610.5
41.838, 35837, 10610.5
41.839, 35837.6, 10610.5
41.84, 35838.3, 10610.4
41.841, 35838.9, 10610.4
41.842, 35839.5, 10610.4
41.843, 35840.2, 10610.4
41.844, 35840.8, 10610.4
41.845, 35841.4, 10610.4
41.846, 35842.1, 10610.4
41.847, 35842.7, 10610.4
41.848, 35843.4, 10610.4
41.849, 35844, 10610.4
41.85, 35844.6, 10610.4
41.851, 35845.3, 10610.3
41.852, 35845.9, 10610.3
41.853, 35846.5, 10610.3
41.854, 35847.2, 10610.3
41.855, 35847.8, 10610.3
41.856, 35848.4, 10610.3
41.857, 35849.1, 10610.3
41.858, 35849.7, 10610.3
41.859, 35850.4, 10610.3
41.86, 35851, 10610.3
41.861, 35851.6, 10610.3
41.862, 35852.3, 10610.2
41.863, 35852.9, 10610.2
41.864, 35853.5, 10610.2
41.865, 35854.2, 10610.2
41.866, 35854.8, 10610.2
41.867, 35855.4, 10610.2
41.868, 35856.1, 10610.2
41.869, 35856.7, 10610.2
41.87, 35857.4, 10610.2
41.871, 35858, 10610.2
41.872, 35858.6, 10610.1
41.873, 35859.3, 10610.1
41.874, 35859.9, 10610.1
41.875, 35860.5, 10610.1
41.876, 35861.2, 10610.1
41.877, 35861.8, 10610.1
41.878, 35862.4, 10610.1
41.879, 35863.1, 10610.1
41.88, 35863.7, 10610.1
41.881, 35864.4, 10610.1
41.882, 35865, 10610.1
41.883, 35865.6, 10610
41.884, 35866.3, 10610
41.885, 35866.9, 10610
41.886, 35867.5, 10610
41.887, 35868.2, 10610
41.888, 35868.8, 10610
41.889, 35869.4, 10610
41.89, 35870.1, 10610
41.891, 35870.7, 10610
41.892, 35871.4, 10610
41.893, 35872, 10609.9
41.894, 35872.6, 10609.9
41.895, 35873.3, 10609.9
41.896, 35873.9, 10609.9
41.897, 35874.5, 10609.9
41.898, 35875.2, 10609.9
41.899, 35875.8, 10609.9
41.9, 35876.4, 10609.9
41.901, 35877.1, 10609.9
41.902, 35877.7, 10609.9
41.903, 35878.4, 10609.9
41.904, 35879, 10609.8
41.905, 35879.6, 10609.8
41.906, 35880.3, 10609.8
41.907, 35880.9, 10609.8
41.908, 35881.5, 10609.8
41.909, 35882.2, 10609.8
41.91, 35882.8, 10609.8
41.911, 35883.4, 10609.8
41.912, 35884.1, 10609.8
41.913, 35884.7, 10609.8
41.914, 35885.3, 10609.7
41.915, 35886, 10609.7
41.916, 35886.6, 10609.7
41.917, 35887.3, 10609.7
41.918, 35887.9, 10609.7
41.919, 35888.5, 10609.7
41.92, 35889.2, 10609.7
41.921, 35889.8, 10609.7
41.922, 35890.4, 10609.7
41.923, 35891.1, 10609.7
41.924, 35891.7, 10609.6
41.925, 35892.3, 10609.6
41.926, 35893, 10609.6
41.927, 35893.6, 10609.6
41.928, 35894.3, 10609.6
41.929, 35894.9, 10609.6
41.93, 35895.5, 10609.6
41.931, 35896.2, 10609.6
41.932, 35896.8, 10609.6
41.933, 35897.4, 10609.6
41.934, 35898.1, 10609.5
41.935, 35898.7, 10609.5
41.936, 35899.3, 10609.5
41.937, 35900, 10609.5
41.938, 35900.6, 10609.5
41.939, 35901.2, 10609.5
41.94, 35901.9, 10609.5
41.941, 35902.5, 10609.5
41.942, 35903.2, 10609.5
41.943, 35903.8, 10609.5
41.944, 35904.4, 10609.4
41.945, 35905.1, 10609.4
41.946, 35905.7, 10609.4
41.947, 35906.3, 10609.4
41.948, 35907, 10609.4
41.949, 35907.6, 10609.4
41.95, 35908.2, 10609.4
41.951, 35908.9, 10609.4
41.952, 35909.5, 10609.4
41.953, 35910.2, 10609.4
41.954, 35910.8, 10609.3
41.955, 35911.4, 10609.3
41.956, 35912.1, 10609.3
41.957, 35912.7, 10609.3
41.958, 35913.3, 10609.3
41.959, 35914, 10609.3
41.96, 35914.6, 10609.3
41.961, 35915.2, 10609.3
41.962, 35915.9, 10609.3
41.963, 35916.5, 10609.3
41.964, 35917.1, 10609.2
41.965, 35917.8, 10609.2
41.966, 35918.4, 10609.2
41.967, 35919.1, 10609.2
41.968, 35919.7, 10609.2
41.969, 35920.3, 10609.2
41.97, 35921, 10609.2
41.971, 35921.6, 10609.2
41.972, 35922.2, 10609.2
41.973, 35922.9, 10609.2
41.974, 35923.5, 10609.1
41.975, 35924.1, 10609.1
41.976, 35924.8, 10609.1
41.977, 35925.4, 10609.1
41.978, 35926, 10609.1
41.979, 35926.7, 10609.1
41.98, 35927.3, 10609.1
41.981, 35928, 10609.1
41.982, 35928.6, 10609.1
41.983, 35929.2, 10609
41.984, 35929.9, 10609
41.985, 35930.5, 10609
41.986, 35931.1, 10609
41.987, 35931.8, 10609
41.988, 35932.4, 10609
41.989, 35933, 10609
41.99, 35933.7, 10609
41.991, 35934.3, 10609
41.992, 35934.9, 10609
41.993, 35935.6, 10608.9
41.994, 35936.2, 10608.9
41.995, 35936.9, 10608.9
41.996, 35937.5, 10608.9
41.997, 35938.1, 10608.9
41.998, 35938.8, 10608.9
41.999, 35939.4, 10608.9
42, 35940, 10608.9
42.001, 35940.7, 10608.9
42.002, 35941.3, 10608.8
42.003, 35941.9, 10608.8
42.004, 35942.6, 10608.8
42.005, 35943.2, 10608.8
42.006, 35943.8, 10608.8
42.007, 35944.5, 10608.8
42.008, 35945.1, 10608.8
42.009, 35945.8, 10608.8
42.01, 35946.4, 10608.8
42.011, 35947, 10608.7
42.012, 35947.7, 10608.7
42.013, 35948.3, 10608.7
42.014, 35948.9, 10608.7
42.015, 35949.6, 10608.7
42.016, 35950.2, 10608.7
42.017, 35950.8, 10608.7
42.018, 35951.5, 10608.7
42.019, 35952.1, 10608.7
42.02, 35952.7, 10608.7
42.021, 35953.4, 10608.6
42.022, 35954, 10608.6
42.023, 35954.6, 10608.6
42.024, 35955.3, 10608.6
42.025, 35955.9, 10608.6
42.026, 35956.6, 10608.6
42.027, 35957.2, 10608.6
42.028, 35957.8, 10608.6
42.029, 35958.5, 10608.6
42.03, 35959.1, 10608.5
42.031, 35959.7, 10608.5
42.032, 35960.4, 10608.5
42.033, 35961, 10608.5
42.034, 35961.6, 10608.5
42.035, 35962.3, 10608.5
42.036, 35962.9, 10608.5
42.037, 35963.5, 10608.5
42.038, 35964.2, 10608.5
42.039, 35964.8, 10608.4
42.04, 35965.5, 10608.4
42.041, 35966.1, 10608.4
42.042, 35966.7, 10608.4
42.043, 35967.4, 10608.4
42.044, 35968, 10608.4
42.045, 35968.6, 10608.4
42.046, 35969.3, 10608.4
42.047, 35969.9, 10608.4
42.048, 35970.5, 10608.3
42.049, 35971.2, 10608.3
42.05, 35971.8, 10608.3
42.051, 35972.4, 10608.3
42.052, 35973.1, 10608.3
42.053, 35973.7, 10608.3
42.054, 35974.3, 10608.3
42.055, 35975, 10608.3
42.056, 35975.6, 10608.3
42.057, 35976.3, 10608.2
42.058, 35976.9, 10608.2
42.059, 35977.5, 10608.2
42.06, 35978.2, 10608.2
42.061, 35978.8, 10608.2
42.062, 35979.4, 10608.2
42.063, 35980.1, 10608.2
42.064, 35980.7, 10608.2
42.065, 35981.3, 10608.2
42.066, 35982, 10608.1
42.067, 35982.6, 10608.1
42.068, 35983.2, 10608.1
42.069, 35983.9, 10608.1
42.07, 35984.5, 10608.1
42.071, 35985.1, 10608.1
42.072, 35985.8, 10608.1
42.073, 35986.4, 10608.1
42.074, 35987.1, 10608.1
42.075, 35987.7, 10608
42.076, 35988.3, 10608
42.077, 35989, 10608
42.078, 35989.6, 10608
42.079, 35990.2, 10608
42.08, 35990.9, 10608
42.081, 35991.5, 10608
42.082, 35992.1, 10608
42.083, 35992.8, 10607.9
42.084, 35993.4, 10607.9
42.085, 35994, 10607.9
42.086, 35994.7, 10607.9
42.087, 35995.3, 10607.9
42.088, 35995.9, 10607.9
42.089, 35996.6, 10607.9
42.09, 35997.2, 10607.9
42.091, 35997.9, 10607.9
42.092, 35998.5, 10607.8
42.093, 35999.1, 10607.8
42.094, 35999.8, 10607.8
42.095, 36000.4, 10607.8
42.096, 36001, 10607.8
42.097, 36001.7, 10607.8
42.098, 36002.3, 10607.8
42.099, 36002.9, 10607.8
42.1, 36003.6, 10607.8
42.101, 36004.2, 10607.7
42.102, 36004.8, 10607.7
42.103, 36005.5, 10607.7
42.104, 36006.1, 10607.7
42.105, 36006.7, 10607.7
42.106, 36007.4, 10607.7
42.107, 36008, 10607.7
42.108, 36008.6, 10607.7
42.109, 36009.3, 10607.6
42.11, 36009.9, 10607.6
42.111, 36010.6, 10607.6
42.112, 36011.2, 10607.6
42.113, 36011.8, 10607.6
42.114, 36012.5, 10607.6
42.115, 36013.1, 10607.6
42.116, 36013.7, 10607.6
42.117, 36014.4, 10607.6
42.118, 36015, 10607.5
42.119, 36015.6, 10607.5
42.12, 36016.3, 10607.5
42.121, 36016.9, 10607.5
42.122, 36017.5, 10607.5
42.123, 36018.2, 10607.5
42.124, 36018.8, 10607.5
42.125, 36019.4, 10607.5
42.126, 36020.1, 10607.4
42.127, 36020.7, 10607.4
42.128, 36021.3, 10607.4
42.129, 36022, 10607.4
42.13, 36022.6, 10607.4
42.131, 36023.3, 10607.4
42.132, 36023.9, 10607.4
42.133, 36024.5, 10607.4
42.134, 36025.2, 10607.3
42.135, 36025.8, 10607.3
42.136, 36026.4, 10607.3
42.137, 36027.1, 10607.3
42.138, 36027.7, 10607.3
42.139, 36028.3, 10607.3
42.14, 36029, 10607.3
42.141, 36029.6, 10607.3
42.142, 36030.2, 10607.3
42.143, 36030.9, 10607.2
42.144, 36031.5, 10607.2
42.145, 36032.1, 10607.2
42.146, 36032.8, 10607.2
42.147, 36033.4, 10607.2
42.148, 36034, 10607.2
42.149, 36034.7, 10607.2
42.15, 36035.3, 10607.2
42.151, 36035.9, 10607.1
42.152, 36036.6, 10607.1
42.153, 36037.2, 10607.1
42.154, 36037.9, 10607.1
42.155, 36038.5, 10607.1
42.156, 36039.1, 10607.1
42.157, 36039.8, 10607.1
42.158, 36040.4, 10607.1
42.159, 36041, 10607
42.16, 36041.7, 10607
42.161, 36042.3, 10607
42.162, 36042.9, 10607
42.163, 36043.6, 10607
42.164, 36044.2, 10607
42.165, 36044.8, 10607
42.166, 36045.5, 10607
42.167, 36046.1, 10606.9
42.168, 36046.7, 10606.9
42.169, 36047.4, 10606.9
42.17, 36048, 10606.9
42.171, 36048.6, 10606.9
42.172, 36049.3, 10606.9
42.173, 36049.9, 10606.9
42.174, 36050.5, 10606.9
42.175, 36051.2, 10606.8
42.176, 36051.8, 10606.8
42.177, 36052.5, 10606.8
42.178, 36053.1, 10606.8
42.179, 36053.7, 10606.8
42.18, 36054.4, 10606.8
42.181, 36055, 10606.8
42.182, 36055.6, 10606.8
42.183, 36056.3, 10606.8
42.184, 36056.9, 10606.7
42.185, 36057.5, 10606.7
42.186, 36058.2, 10606.7
42.187, 36058.8, 10606.7
42.188, 36059.4, 10606.7
42.189, 36060.1, 10606.7
42.19, 36060.7, 10606.7
42.191, 36061.3, 10606.7
42.192, 36062, 10606.6
42.193, 36062.6, 10606.6
42.194, 36063.2, 10606.6
42.195, 36063.9, 10606.6
42.196, 36064.5, 10606.6
42.197, 36065.1, 10606.6
42.198, 36065.8, 10606.6
42.199, 36066.4, 10606.5
42.2, 36067, 10606.5
42.201, 36067.7, 10606.5
42.202, 36068.3, 10606.5
42.203, 36069, 10606.5
42.204, 36069.6, 10606.5
42.205, 36070.2, 10606.5
42.206, 36070.9, 10606.5
42.207, 36071.5, 10606.4
42.208, 36072.1, 10606.4
42.209, 36072.8, 10606.4
42.21, 36073.4, 10606.4
42.211, 36074, 10606.4
42.212, 36074.7, 10606.4
42.213, 36075.3, 10606.4
42.214, 36075.9, 10606.4
42.215, 36076.6, 10606.3
42.216, 36077.2, 10606.3
42.217, 36077.8, 10606.3
42.218, 36078.5, 10606.3
42.219, 36079.1, 10606.3
42.22, 36079.7, 10606.3
42.221, 36080.4, 10606.3
42.222, 36081, 10606.3
42.223, 36081.6, 10606.2
42.224, 36082.3, 10606.2
42.225, 36082.9, 10606.2
42.226, 36083.5, 10606.2
42.227, 36084.2, 10606.2
42.228, 36084.8, 10606.2
42.229, 36085.4, 10606.2
42.23, 36086.1, 10606.2
42.231, 36086.7, 10606.1
42.232, 36087.4, 10606.1
42.233, 36088, 10606.1
42.234, 36088.6, 10606.1
42.235, 36089.3, 10606.1
42.236, 36089.9, 10606.1
42.237, 36090.5, 10606.1
42.238, 36091.2, 10606
42.239, 36091.8, 10606
42.24, 36092.4, 10606
42.241, 36093.1, 10606
42.242, 36093.7, 10606
42.243, 36094.3, 10606
42.244, 36095, 10606
42.245, 36095.6, 10606
42.246, 36096.2, 10605.9
42.247, 36096.9, 10605.9
42.248, 36097.5, 10605.9
42.249, 36098.1, 10605.9
42.25, 36098.8, 10605.9
42.251, 36099.4, 10605.9
42.252, 36100, 10605.9
42.253, 36100.7, 10605.9
42.254, 36101.3, 10605.8
42.255, 36101.9, 10605.8
42.256, 36102.6, 10605.8
42.257, 36103.2, 10605.8
42.258, 36103.8, 10605.8
42.259, 36104.5, 10605.8
42.26, 36105.1, 10605.8
42.261, 36105.7, 10605.7
42.262, 36106.4, 10605.7
42.263, 36107, 10605.7
42.264, 36107.6, 10605.7
42.265, 36108.3, 10605.7
42.266, 36108.9, 10605.7
42.267, 36109.6, 10605.7
42.268, 36110.2, 10605.7
42.269, 36110.8, 10605.6
42.27, 36111.5, 10605.6
42.271, 36112.1, 10605.6
42.272, 36112.7, 10605.6
42.273, 36113.4, 10605.6
42.274, 36114, 10605.6
42.275, 36114.6, 10605.6
42.276, 36115.3, 10605.5
42.277, 36115.9, 10605.5
42.278, 36116.5, 10605.5
42.279, 36117.2, 10605.5
42.28, 36117.8, 10605.5
42.281, 36118.4, 10605.5
42.282, 36119.1, 10605.5
42.283, 36119.7, 10605.5
42.284, 36120.3, 10605.4
42.285, 36121, 10605.4
42.286, 36121.6, 10605.4
42.287, 36122.2, 10605.4
42.288, 36122.9, 10605.4
42.289, 36123.5, 10605.4
42.29, 36124.1, 10605.4
42.291, 36124.8, 10605.3
42.292, 36125.4, 10605.3
42.293, 36126, 10605.3
42.294, 36126.7, 10605.3
42.295, 36127.3, 10605.3
42.296, 36127.9, 10605.3
42.297, 36128.6, 10605.3
42.298, 36129.2, 10605.3
42.299, 36129.8, 10605.2
42.3, 36130.5, 10605.2
42.301, 36131.1, 10605.2
42.302, 36131.7, 10605.2
42.303, 36132.4, 10605.2
42.304, 36133, 10605.2
42.305, 36133.6, 10605.2
42.306, 36134.3, 10605.1
42.307, 36134.9, 10605.1
42.308, 36135.5, 10605.1
42.309, 36136.2, 10605.1
42.31, 36136.8, 10605.1
42.311, 36137.5, 10605.1
42.312, 36138.1, 10605.1
42.313, 36138.7, 10605
42.314, 36139.4, 10605
42.315, 36140, 10605
42.316, 36140.6, 10605
42.317, 36141.3, 10605
42.318, 36141.9, 10605
42.319, 36142.5, 10605
42.32, 36143.2, 10604.9
42.321, 36143.8, 10604.9
42.322, 36144.4, 10604.9
42.323, 36145.1, 10604.9
42.324, 36145.7, 10604.9
42.325, 36146.3, 10604.9
42.326, 36147, 10604.9
42.327, 36147.6, 10604.9
42.328, 36148.2, 10604.8
42.329, 36148.9, 10604.8
42.33, 36149.5, 10604.8
42.331, 36150.1, 10604.8
42.332, 36150.8, 10604.8
42.333, 36151.4, 10604.8
42.334, 36152, 10604.8
42.335, 36152.7, 10604.7
42.336, 36153.3, 10604.7
42.337, 36153.9, 10604.7
42.338, 36154.6, 10604.7
42.339, 36155.2, 10604.7
42.34, 36155.8, 10604.7
42.341, 36156.5, 10604.7
42.342, 36157.1, 10604.6
42.343, 36157.7, 10604.6
42.344, 36158.4, 10604.6
42.345, 36159, 10604.6
42.346, 36159.6, 10604.6
42.347, 36160.3, 10604.6
42.348, 36160.9, 10604.6
42.349, 36161.5, 10604.5
42.35, 36162.2, 10604.5
42.351, 36162.8, 10604.5
42.352, 36163.4, 10604.5
42.353, 36164.1, 10604.5
42.354, 36164.7, 10604.5
42.355, 36165.3, 10604.5
42.356, 36166, 10604.4
42.357, 36166.6, 10604.4
42.358, 36167.2, 10604.4
42.359, 36167.9, 10604.4
42.36, 36168.5, 10604.4
42.361, 36169.1, 10604.4
42.362, 36169.8, 10604.4
42.363, 36170.4, 10604.3
42.364, 36171, 10604.3
42.365, 36171.7, 10604.3
42.366, 36172.3, 10604.3
42.367, 36172.9, 10604.3
42.368, 36173.6, 10604.3
42.369, 36174.2, 10604.3
42.37, 36174.8, 10604.2
42.371, 36175.5, 10604.2
42.372, 36176.1, 10604.2
42.373, 36176.7, 10604.2
42.374, 36177.4, 10604.2
42.375, 36178, 10604.2
42.376, 36178.6, 10604.2
42.377, 36179.3, 10604.1
42.378, 36179.9, 10604.1
42.379, 36180.5, 10604.1
42.38, 36181.2, 10604.1
42.381, 36181.8, 10604.1
42.382, 36182.4, 10604.1
42.383, 36183.1, 10604.1
42.384, 36183.7, 10604
42.385, 36184.3, 10604
42.386, 36185, 10604
42.387, 36185.6, 10604
42.388, 36186.2, 10604
42.389, 36186.9, 10604
42.39, 36187.5, 10604
42.391, 36188.2, 10603.9
42.392, 36188.8, 10603.9
42.393, 36189.4, 10603.9
42.394, 36190.1, 10603.9
42.395, 36190.7, 10603.9
42.396, 36191.3, 10603.9
42.397, 36192, 10603.9
42.398, 36192.6, 10603.8
42.399, 36193.2, 10603.8
42.4, 36193.9, 10603.8
42.401, 36194.5, 10603.8
42.402, 36195.1, 10603.8
42.403, 36195.8, 10603.8
42.404, 36196.4, 10603.8
42.405, 36197, 10603.7
42.406, 36197.7, 10603.7
42.407, 36198.3, 10603.7
42.408, 36198.9, 10603.7
42.409, 36199.6, 10603.7
42.41, 36200.2, 10603.7
42.411, 36200.8, 10603.6
42.412, 36201.5, 10603.6
42.413, 36202.1, 10603.6
42.414, 36202.7, 10603.6
42.415, 36203.4, 10603.6
42.416, 36204, 10603.6
42.417, 36204.6, 10603.6
42.418, 36205.3, 10603.5
42.419, 36205.9, 10603.5
42.42, 36206.5, 10603.5
42.421, 36207.2, 10603.5
42.422, 36207.8, 10603.5
42.423, 36208.4, 10603.5
42.424, 36209.1, 10603.5
42.425, 36209.7, 10603.4
42.426, 36210.3, 10603.4
42.427, 36211, 10603.4
42.428, 36211.6, 10603.4
42.429, 36212.2, 10603.4
42.43, 36212.9, 10603.4
42.431, 36213.5, 10603.4
42.432, 36214.1, 10603.3
42.433, 36214.8, 10603.3
42.434, 36215.4, 10603.3
42.435, 36216, 10603.3
42.436, 36216.7, 10603.3
42.437, 36217.3, 10603.3
42.438, 36217.9, 10603.2
42.439, 36218.6, 10603.2
42.44, 36219.2, 10603.2
42.441, 36219.8, 10603.2
42.442, 36220.5, 10603.2
42.443, 36221.1, 10603.2
42.444, 36221.7, 10603.2
42.445, 36222.4, 10603.1
42.446, 36223, 10603.1
42.447, 36223.6, 10603.1
42.448, 36224.3, 10603.1
42.449, 36224.9, 10603.1
42.45, 36225.5, 10603.1
42.451, 36226.2, 10603.1
42.452, 36226.8, 10603
42.453, 36227.4, 10603
42.454, 36228.1, 10603
42.455, 36228.7, 10603
42.456, 36229.3, 10603
42.457, 36230, 10603
42.458, 36230.6, 10602.9
42.459, 36231.2, 10602.9
42.46, 36231.9, 10602.9
42.461, 36232.5, 10602.9
42.462, 36233.1, 10602.9
42.463, 36233.8, 10602.9
42.464, 36234.4, 10602.9
42.465, 36235, 10602.8
42.466, 36235.7, 10602.8
42.467, 36236.3, 10602.8
42.468, 36236.9, 10602.8
42.469, 36237.6, 10602.8
42.47, 36238.2, 10602.8
42.471, 36238.8, 10602.7
42.472, 36239.4, 10602.7
42.473, 36240.1, 10602.7
42.474, 36240.7, 10602.7
42.475, 36241.3, 10602.7
42.476, 36242, 10602.7
42.477, 36242.6, 10602.7
42.478, 36243.2, 10602.6
42.479, 36243.9, 10602.6
42.48, 36244.5, 10602.6
42.481, 36245.1, 10602.6
42.482, 36245.8, 10602.6
42.483, 36246.4, 10602.6
42.484, 36247, 10602.5
42.485, 36247.7, 10602.5
42.486, 36248.3, 10602.5
42.487, 36248.9, 10602.5
42.488, 36249.6, 10602.5
42.489, 36250.2, 10602.5
42.49, 36250.8, 10602.5
42.491, 36251.5, 10602.4
42.492, 36252.1, 10602.4
42.493, 36252.7, 10602.4
42.494, 36253.4, 10602.4
42.495, 36254, 10602.4
42.496, 36254.6, 10602.4
42.497, 36255.3, 10602.3
42.498, 36255.9, 10602.3
42.499, 36256.5, 10602.3
42.5, 36257.2, 10602.3
42.501, 36257.8, 10602.3
42.502, 36258.4, 10602.3
42.503, 36259.1, 10602.3
42.504, 36259.7, 10602.2
42.505, 36260.3, 10602.2
42.506, 36261, 10602.2
42.507, 36261.6, 10602.2
42.508, 36262.2, 10602.2
42.509, 36262.9, 10602.2
42.51, 36263.5, 10602.1
42.511, 36264.1, 10602.1
42.512, 36264.8, 10602.1
42.513, 36265.4, 10602.1
42.514, 36266, 10602.1
42.515, 36266.7, 10602.1
42.516, 36267.3, 10602
42.517, 36267.9, 10602
42.518, 36268.6, 10602
42.519, 36269.2, 10602
42.52, 36269.8, 10602
42.521, 36270.5, 10602
42.522, 36271.1, 10602
42.523, 36271.7, 10601.9
42.524, 36272.4, 10601.9
42.525, 36273, 10601.9
42.526, 36273.6, 10601.9
42.527, 36274.3, 10601.9
42.528, 36274.9, 10601.9
42.529, 36275.5, 10601.8
42.53, 36276.2, 10601.8
42.531, 36276.8, 10601.8
42.532, 36277.4, 10601.8
42.533, 36278.1, 10601.8
42.534, 36278.7, 10601.8
42.535, 36279.3, 10601.7
42.536, 36280, 10601.7
42.537, 36280.6, 10601.7
42.538, 36281.2, 10601.7
42.539, 36281.9, 10601.7
42.54, 36282.5, 10601.7
42.541, 36283.1, 10601.7
42.542, 36283.8, 10601.6
42.543, 36284.4, 10601.6
42.544, 36285, 10601.6
42.545, 36285.7, 10601.6
42.546, 36286.3, 10601.6
42.547, 36286.9, 10601.6
42.548, 36287.6, 10601.5
42.549, 36288.2, 10601.5
42.55, 36288.8, 10601.5
42.551, 36289.4, 10601.5
42.552, 36290.1, 10601.5
42.553, 36290.7, 10601.5
42.554, 36291.3, 10601.4
42.555, 36292, 10601.4
42.556, 36292.6, 10601.4
42.557, 36293.2, 10601.4
42.558, 36293.9, 10601.4
42.559, 36294.5, 10601.4
42.56, 36295.1, 10601.3
42.561, 36295.8, 10601.3
42.562, 36296.4, 10601.3
42.563, 36297, 10601.3
42.564, 36297.7, 10601.3
42.565, 36298.3, 10601.3
42.566, 36298.9, 10601.2
42.567, 36299.6, 10601.2
42.568, 36300.2, 10601.2
42.569, 36300.8, 10601.2
42.57, 36301.5, 10601.2
42.571, 36302.1, 10601.2
42.572, 36302.7, 10601.1
42.573, 36303.4, 10601.1
42.574, 36304, 10601.1
42.575, 36304.6, 10601.1
42.576, 36305.3, 10601.1
42.577, 36305.9, 10601.1
42.578, 36306.5, 10601.1
42.579, 36307.2, 10601
42.58, 36307.8, 10601
42.581, 36308.4, 10601
42.582, 36309.1, 10601
42.583, 36309.7, 10601
42.584, 36310.3, 10601
42.585, 36311, 10600.9
42.586, 36311.6, 10600.9
42.587, 36312.2, 10600.9
42.588, 36312.9, 10600.9
42.589, 36313.5, 10600.9
42.59, 36314.1, 10600.9
42.591, 36314.8, 10600.8
42.592, 36315.4, 10600.8
42.593, 36316, 10600.8
42.594, 36316.6, 10600.8
42.595, 36317.3, 10600.8
42.596, 36317.9, 10600.8
42.597, 36318.5, 10600.7
42.598, 36319.2, 10600.7
42.599, 36319.8, 10600.7
42.6, 36320.4, 10600.7
42.601, 36321.1, 10600.7
42.602, 36321.7, 10600.7
42.603, 36322.3, 10600.6
42.604, 36323, 10600.6
42.605, 36323.6, 10600.6
42.606, 36324.2, 10600.6
42.607, 36324.9, 10600.6
42.608, 36325.5, 10600.6
42.609, 36326.1, 10600.5
42.61, 36326.8, 10600.5
42.611, 36327.4, 10600.5
42.612, 36328, 10600.5
42.613, 36328.7, 10600.5
42.614, 36329.3, 10600.5
42.615, 36329.9, 10600.4
42.616, 36330.6, 10600.4
42.617, 36331.2, 10600.4
42.618, 36331.8, 10600.4
42.619, 36332.5, 10600.4
42.62, 36333.1, 10600.4
42.621, 36333.7, 10600.3
42.622, 36334.4, 10600.3
42.623, 36335, 10600.3
42.624, 36335.6, 10600.3
42.625, 36336.3, 10600.3
42.626, 36336.9, 10600.3
42.627, 36337.5, 10600.2
42.628, 36338.1, 10600.2
42.629, 36338.8, 10600.2
42.63, 36339.4, 10600.2
42.631, 36340, 10600.2
42.632, 36340.7, 10600.2
42.633, 36341.3, 10600.1
42.634, 36341.9, 10600.1
42.635, 36342.6, 10600.1
42.636, 36343.2, 10600.1
42.637, 36343.8, 10600.1
42.638, 36344.5, 10600
42.639, 36345.1, 10600
42.64, 36345.7, 10600
42.641, 36346.4, 10600
42.642, 36347, 10600
42.643, 36347.6, 10600
42.644, 36348.3, 10599.9
42.645, 36348.9, 10599.9
42.646, 36349.5, 10599.9
42.647, 36350.2, 10599.9
42.648, 36350.8, 10599.9
42.649, 36351.4, 10599.9
42.65, 36352.1, 10599.8
42.651, 36352.7, 10599.8
42.652, 36353.3, 10599.8
42.653, 36354, 10599.8
42.654, 36354.6, 10599.8
42.655, 36355.2, 10599.8
42.656, 36355.9, 10599.7
42.657, 36356.5, 10599.7
42.658, 36357.1, 10599.7
42.659, 36357.7, 10599.7
42.66, 36358.4, 10599.7
42.661, 36359, 10599.7
42.662, 36359.6, 10599.6
42.663, 36360.3, 10599.6
42.664, 36360.9, 10599.6
42.665, 36361.5, 10599.6
42.666, 36362.2, 10599.6
42.667, 36362.8, 10599.6
42.668, 36363.4, 10599.5
42.669, 36364.1, 10599.5
42.67, 36364.7, 10599.5
42.671, 36365.3, 10599.5
42.672, 36366, 10599.5
42.673, 36366.6, 10599.4
42.674, 36367.2, 10599.4
42.675, 36367.9, 10599.4
42.676, 36368.5, 10599.4
42.677, 36369.1, 10599.4
42.678, 36369.8, 10599.4
42.679, 36370.4, 10599.3
42.68, 36371, 10599.3
42.681, 36371.7, 10599.3
42.682, 36372.3, 10599.3
42.683, 36372.9, 10599.3
42.684, 36373.5, 10599.3
42.685, 36374.2, 10599.2
42.686, 36374.8, 10599.2
42.687, 36375.4, 10599.2
42.688, 36376.1, 10599.2
42.689, 36376.7, 10599.2
42.69, 36377.3, 10599.2
42.691, 36378, 10599.1
42.692, 36378.6, 10599.1
42.693, 36379.2, 10599.1
42.694, 36379.9, 10599.1
42.695, 36380.5, 10599.1
42.696, 36381.1, 10599
42.697, 36381.8, 10599
42.698, 36382.4, 10599
42.699, 36383, 10599
42.7, 36383.7, 10599
42.701, 36384.3, 10599
42.702, 36384.9, 10598.9
42.703, 36385.6, 10598.9
42.704, 36386.2, 10598.9
42.705, 36386.8, 10598.9
42.706, 36387.5, 10598.9
42.707, 36388.1, 10598.9
42.708, 36388.7, 10598.8
42.709, 36389.3, 10598.8
42.71, 36390, 10598.8
42.711, 36390.6, 10598.8
42.712, 36391.2, 10598.8
42.713, 36391.9, 10598.7
42.714, 36392.5, 10598.7
42.715, 36393.1, 10598.7
42.716, 36393.8, 10598.7
42.717, 36394.4, 10598.7
42.718, 36395, 10598.7
42.719, 36395.7, 10598.6
42.72, 36396.3, 10598.6
42.721, 36396.9, 10598.6
42.722, 36397.6, 10598.6
42.723, 36398.2, 10598.6
42.724, 36398.8, 10598.6
42.725, 36399.5, 10598.5
42.726, 36400.1, 10598.5
42.727, 36400.7, 10598.5
42.728, 36401.4, 10598.5
42.729, 36402, 10598.5
42.73, 36402.6, 10598.4
42.731, 36403.2, 10598.4
42.732, 36403.9, 10598.4
42.733, 36404.5, 10598.4
42.734, 36405.1, 10598.4
42.735, 36405.8, 10598.4
42.736, 36406.4, 10598.3
42.737, 36407, 10598.3
42.738, 36407.7, 10598.3
42.739, 36408.3, 10598.3
42.74, 36408.9, 10598.3
42.741, 36409.6, 10598.2
42.742, 36410.2, 10598.2
42.743, 36410.8, 10598.2
42.744, 36411.5, 10598.2
42.745, 36412.1, 10598.2
42.746, 36412.7, 10598.2
42.747, 36413.4, 10598.1
42.748, 36414, 10598.1
42.749, 36414.6, 10598.1
42.75, 36415.2, 10598.1
42.751, 36415.9, 10598.1
42.752, 36416.5, 10598
42.753, 36417.1, 10598
42.754, 36417.8, 10598
42.755, 36418.4, 10598
42.756, 36419, 10598
42.757, 36419.7, 10598
42.758, 36420.3, 10597.9
42.759, 36420.9, 10597.9
42.76, 36421.6, 10597.9
42.761, 36422.2, 10597.9
42.762, 36422.8, 10597.9
42.763, 36423.5, 10597.8
42.764, 36424.1, 10597.8
42.765, 36424.7, 10597.8
42.766, 36425.4, 10597.8
42.767, 36426, 10597.8
42.768, 36426.6, 10597.8
42.769, 36427.2, 10597.7
42.77, 36427.9, 10597.7
42.771, 36428.5, 10597.7
42.772, 36429.1, 10597.7
42.773, 36429.8, 10597.7
42.774, 36430.4, 10597.6
42.775, 36431, 10597.6
42.776, 36431.7, 10597.6
42.777, 36432.3, 10597.6
42.778, 36432.9, 10597.6
42.779, 36433.6, 10597.6
42.78, 36434.2, 10597.5
42.781, 36434.8, 10597.5
42.782, 36435.5, 10597.5
42.783, 36436.1, 10597.5
42.784, 36436.7, 10597.5
42.785, 36437.4, 10597.4
42.786, 36438, 10597.4
42.787, 36438.6, 10597.4
42.788, 36439.2, 10597.4
42.789, 36439.9, 10597.4
42.79, 36440.5, 10597.4
42.791, 36441.1, 10597.3
42.792, 36441.8, 10597.3
42.793, 36442.4, 10597.3
42.794, 36443, 10597.3
42.795, 36443.7, 10597.3
42.796, 36444.3, 10597.2
42.797, 36444.9, 10597.2
42.798, 36445.6, 10597.2
42.799, 36446.2, 10597.2
42.8, 36446.8, 10597.2
42.801, 36447.5, 10597.1
42.802, 36448.1, 10597.1
42.803, 36448.7, 10597.1
42.804, 36449.3, 10597.1
42.805, 36450, 10597.1
42.806, 36450.6, 10597.1
42.807, 36451.2, 10597
42.808, 36451.9, 10597
42.809, 36452.5, 10597
42.81, 36453.1, 10597
42.811, 36453.8, 10597
42.812, 36454.4, 10596.9
42.813, 36455, 10596.9
42.814, 36455.7, 10596.9
42.815, 36456.3, 10596.9
42.816, 36456.9, 10596.9
42.817, 36457.6, 10596.8
42.818, 36458.2, 10596.8
42.819, 36458.8, 10596.8
42.82, 36459.4, 10596.8
42.821, 36460.1, 10596.8
42.822, 36460.7, 10596.8
42.823, 36461.3, 10596.7
42.824, 36462, 10596.7
42.825, 36462.6, 10596.7
42.826, 36463.2, 10596.7
42.827, 36463.9, 10596.7
42.828, 36464.5, 10596.6
42.829, 36465.1, 10596.6
42.83, 36465.8, 10596.6
42.831, 36466.4, 10596.6
42.832, 36467, 10596.6
42.833, 36467.7, 10596.5
42.834, 36468.3, 10596.5
42.835, 36468.9, 10596.5
42.836, 36469.5, 10596.5
42.837, 36470.2, 10596.5
42.838, 36470.8, 10596.5
42.839, 36471.4, 10596.4
42.84, 36472.1, 10596.4
42.841, 36472.7, 10596.4
42.842, 36473.3, 10596.4
42.843, 36474, 10596.4
42.844, 36474.6, 10596.3
42.845, 36475.2, 10596.3
42.846, 36475.9, 10596.3
42.847, 36476.5, 10596.3
42.848, 36477.1, 10596.3
42.849, 36477.8, 10596.2
42.85, 36478.4, 10596.2
42.851, 36479, 10596.2
42.852, 36479.6, 10596.2
42.853, 36480.3, 10596.2
42.854, 36480.9, 10596.1
42.855, 36481.5, 10596.1
42.856, 36482.2, 10596.1
42.857, 36482.8, 10596.1
42.858, 36483.4, 10596.1
42.859, 36484.1, 10596.1
42.86, 36484.7, 10596
42.861, 36485.3, 10596
42.862, 36486, 10596
42.863, 36486.6, 10596
42.864, 36487.2, 10596
42.865, 36487.9, 10595.9
42.866, 36488.5, 10595.9
42.867, 36489.1, 10595.9
42.868, 36489.7, 10595.9
42.869, 36490.4, 10595.9
42.87, 36491, 10595.8
42.871, 36491.6, 10595.8
42.872, 36492.3, 10595.8
42.873, 36492.9, 10595.8
42.874, 36493.5, 10595.8
42.875, 36494.2, 10595.7
42.876, 36494.8, 10595.7
42.877, 36495.4, 10595.7
42.878, 36496.1, 10595.7
42.879, 36496.7, 10595.7
42.88, 36497.3, 10595.6
42.881, 36497.9, 10595.6
42.882, 36498.6, 10595.6
42.883, 36499.2, 10595.6
42.884, 36499.8, 10595.6
42.885, 36500.5, 10595.6
42.886, 36501.1, 10595.5
42.887, 36501.7, 10595.5
42.888, 36502.4, 10595.5
42.889, 36503, 10595.5
42.89, 36503.6, 10595.5
42.891, 36504.3, 10595.4
42.892, 36504.9, 10595.4
42.893, 36505.5, 10595.4
42.894, 36506.1, 10595.4
42.895, 36506.8, 10595.4
42.896, 36507.4, 10595.3
42.897, 36508, 10595.3
42.898, 36508.7, 10595.3
42.899, 36509.3, 10595.3
42.9, 36509.9, 10595.3
42.901, 36510.6, 10595.2
42.902, 36511.2, 10595.2
42.903, 36511.8, 10595.2
42.904, 36512.5, 10595.2
42.905, 36513.1, 10595.2
42.906, 36513.7, 10595.1
42.907, 36514.3, 10595.1
42.908, 36515, 10595.1
42.909, 36515.6, 10595.1
42.91, 36516.2, 10595.1
42.911, 36516.9, 10595
42.912, 36517.5, 10595
42.913, 36518.1, 10595
42.914, 36518.8, 10595
42.915, 36519.4, 10595
42.916, 36520, 10594.9
42.917, 36520.7, 10594.9
42.918, 36521.3, 10594.9
42.919, 36521.9, 10594.9
42.92, 36522.5, 10594.9
42.921, 36523.2, 10594.8
42.922, 36523.8, 10594.8
42.923, 36524.4, 10594.8
42.924, 36525.1, 10594.8
42.925, 36525.7, 10594.8
42.926, 36526.3, 10594.7
42.927, 36527, 10594.7
42.928, 36527.6, 10594.7
42.929, 36528.2, 10594.7
42.93, 36528.9, 10594.7
42.931, 36529.5, 10594.6
42.932, 36530.1, 10594.6
42.933, 36530.7, 10594.6
42.934, 36531.4, 10594.6
42.935, 36532, 10594.6
42.936, 36532.6, 10594.5
42.937, 36533.3, 10594.5
42.938, 36533.9, 10594.5
42.939, 36534.5, 10594.5
42.94, 36535.2, 10594.5
42.941, 36535.8, 10594.4
42.942, 36536.4, 10594.4
42.943, 36537.1, 10594.4
42.944, 36537.7, 10594.4
42.945, 36538.3, 10594.4
42.946, 36538.9, 10594.3
42.947, 36539.6, 10594.3
42.948, 36540.2, 10594.3
42.949, 36540.8, 10594.3
42.95, 36541.5, 10594.3
42.951, 36542.1, 10594.2
42.952, 36542.7, 10594.2
42.953, 36543.4, 10594.2
42.954, 36544, 10594.2
42.955, 36544.6, 10594.2
42.956, 36545.3, 10594.1
42.957, 36545.9, 10594.1
42.958, 36546.5, 10594.1
42.959, 36547.1, 10594.1
42.96, 36547.8, 10594.1
42.961, 36548.4, 10594
42.962, 36549, 10594
42.963, 36549.7, 10594
42.964, 36550.3, 10594
42.965, 36550.9, 10594
42.966, 36551.6, 10593.9
42.967, 36552.2, 10593.9
42.968, 36552.8, 10593.9
42.969, 36553.4, 10593.9
42.97, 36554.1, 10593.9
42.971, 36554.7, 10593.8
42.972, 36555.3, 10593.8
42.973, 36556, 10593.8
42.974, 36556.6, 10593.8
42.975, 36557.2, 10593.8
42.976, 36557.9, 10593.7
42.977, 36558.5, 10593.7
42.978, 36559.1, 10593.7
42.979, 36559.8, 10593.7
42.98, 36560.4, 10593.7
42.981, 36561, 10593.6
42.982, 36561.6, 10593.6
42.983, 36562.3, 10593.6
42.984, 36562.9, 10593.6
42.985, 36563.5, 10593.6
42.986, 36564.2, 10593.5
42.987, 36564.8, 10593.5
42.988, 36565.4, 10593.5
42.989, 36566.1, 10593.5
42.99, 36566.7, 10593.5
42.991, 36567.3, 10593.4
42.992, 36567.9, 10593.4
42.993, 36568.6, 10593.4
42.994, 36569.2, 10593.4
42.995, 36569.8, 10593.4
42.996, 36570.5, 10593.3
42.997, 36571.1, 10593.3
42.998, 36571.7, 10593.3
42.999, 36572.4, 10593.3
43, 36573, 10593.2
43.001, 36573.6, 10593.2
43.002, 36574.3, 10593.2
43.003, 36574.9, 10593.2
43.004, 36575.5, 10593.2
43.005, 36576.1, 10593.1
43.006, 36576.8, 10593.1
43.007, 36577.4, 10593.1
43.008, 36578, 10593.1
43.009, 36578.7, 10593.1
43.01, 36579.3, 10593
43.011, 36579.9, 10593
43.012, 36580.6, 10593
43.013, 36581.2, 10593
43.014, 36581.8, 10593
43.015, 36582.4, 10592.9
43.016, 36583.1, 10592.9
43.017, 36583.7, 10592.9
43.018, 36584.3, 10592.9
43.019, 36585, 10592.9
43.02, 36585.6, 10592.8
43.021, 36586.2, 10592.8
43.022, 36586.9, 10592.8
43.023, 36587.5, 10592.8
43.024, 36588.1, 10592.8
43.025, 36588.7, 10592.7
43.026, 36589.4, 10592.7
43.027, 36590, 10592.7
43.028, 36590.6, 10592.7
43.029, 36591.3, 10592.6
43.03, 36591.9, 10592.6
43.031, 36592.5, 10592.6
43.032, 36593.2, 10592.6
43.033, 36593.8, 10592.6
43.034, 36594.4, 10592.5
43.035, 36595, 10592.5
43.036, 36595.7, 10592.5
43.037, 36596.3, 10592.5
43.038, 36596.9, 10592.5
43.039, 36597.6, 10592.4
43.04, 36598.2, 10592.4
43.041, 36598.8, 10592.4
43.042, 36599.5, 10592.4
43.043, 36600.1, 10592.4
43.044, 36600.7, 10592.3
43.045, 36601.4, 10592.3
43.046, 36602, 10592.3
43.047, 36602.6, 10592.3
43.048, 36603.2, 10592.2
43.049, 36603.9, 10592.2
43.05, 36604.5, 10592.2
43.051, 36605.1, 10592.2
43.052, 36605.8, 10592.2
43.053, 36606.4, 10592.1
43.054, 36607, 10592.1
43.055, 36607.7, 10592.1
43.056, 36608.3, 10592.1
43.057, 36608.9, 10592.1
43.058, 36609.5, 10592
43.059, 36610.2, 10592
43.06, 36610.8, 10592
43.061, 36611.4, 10592
43.062, 36612.1, 10592
43.063, 36612.7, 10591.9
43.064, 36613.3, 10591.9
43.065, 36614, 10591.9
43.066, 36614.6, 10591.9
43.067, 36615.2, 10591.8
43.068, 36615.8, 10591.8
43.069, 36616.5, 10591.8
43.07, 36617.1, 10591.8
43.071, 36617.7, 10591.8
43.072, 36618.4, 10591.7
43.073, 36619, 10591.7
43.074, 36619.6, 10591.7
43.075, 36620.3, 10591.7
43.076, 36620.9, 10591.7
43.077, 36621.5, 10591.6
43.078, 36622.1, 10591.6
43.079, 36622.8, 10591.6
43.08, 36623.4, 10591.6
43.081, 36624, 10591.5
43.082, 36624.7, 10591.5
43.083, 36625.3, 10591.5
43.084, 36625.9, 10591.5
43.085, 36626.5, 10591.5
43.086, 36627.2, 10591.4
43.087, 36627.8, 10591.4
43.088, 36628.4, 10591.4
43.089, 36629.1, 10591.4
43.09, 36629.7, 10591.4
43.091, 36630.3, 10591.3
43.092, 36631, 10591.3
43.093, 36631.6, 10591.3
43.094, 36632.2, 10591.3
43.095, 36632.8, 10591.2
43.096, 36633.5, 10591.2
43.097, 36634.1, 10591.2
43.098, 36634.7, 10591.2
43.099, 36635.4, 10591.2
43.1, 36636, 10591.1
43.101, 36636.6, 10591.1
43.102, 36637.3, 10591.1
43.103, 36637.9, 10591.1
43.104, 36638.5, 10591.1
43.105, 36639.1, 10591
43.106, 36639.8, 10591
43.107, 36640.4, 10591
43.108, 36641, 10591
43.109, 36641.7, 10590.9
43.11, 36642.3, 10590.9
43.111, 36642.9, 10590.9
43.112, 36643.6, 10590.9
43.113, 36644.2, 10590.9
43.114, 36644.8, 10590.8
43.115, 36645.4, 10590.8
43.116, 36646.1, 10590.8
43.117, 36646.7, 10590.8
43.118, 36647.3, 10590.7
43.119, 36648, 10590.7
43.12, 36648.6, 10590.7
43.121, 36649.2, 10590.7
43.122, 36649.9, 10590.7
43.123, 36650.5, 10590.6
43.124, 36651.1, 10590.6
43.125, 36651.7, 10590.6
43.126, 36652.4, 10590.6
43.127, 36653, 10590.6
43.128, 36653.6, 10590.5
43.129, 36654.3, 10590.5
43.13, 36654.9, 10590.5
43.131, 36655.5, 10590.5
43.132, 36656.1, 10590.4
43.133, 36656.8, 10590.4
43.134, 36657.4, 10590.4
43.135, 36658, 10590.4
43.136, 36658.7, 10590.4
43.137, 36659.3, 10590.3
43.138, 36659.9, 10590.3
43.139, 36660.6, 10590.3
43.14, 36661.2, 10590.3
43.141, 36661.8, 10590.2
43.142, 36662.4, 10590.2
43.143, 36663.1, 10590.2
43.144, 36663.7, 10590.2
43.145, 36664.3, 10590.2
43.146, 36665, 10590.1
43.147, 36665.6, 10590.1
43.148, 36666.2, 10590.1
43.149, 36666.8, 10590.1
43.15, 36667.5, 10590
43.151, 36668.1, 10590
43.152, 36668.7, 10590
43.153, 36669.4, 10590
43.154, 36670, 10590
43.155, 36670.6, 10589.9
43.156, 36671.3, 10589.9
43.157, 36671.9, 10589.9
43.158, 36672.5, 10589.9
43.159, 36673.1, 10589.8
43.16, 36673.8, 10589.8
43.161, 36674.4, 10589.8
43.162, 36675, 10589.8
43.163, 36675.7, 10589.8
43.164, 36676.3, 10589.7
43.165, 36676.9, 10589.7
43.166, 36677.6, 10589.7
43.167, 36678.2, 10589.7
43.168, 36678.8, 10589.6
43.169, 36679.4, 10589.6
43.17, 36680.1, 10589.6
43.171, 36680.7, 10589.6
43.172, 36681.3, 10589.6
43.173, 36682, 10589.5
43.174, 36682.6, 10589.5
43.175, 36683.2, 10589.5
43.176, 36683.8, 10589.5
43.177, 36684.5, 10589.4
43.178, 36685.1, 10589.4
43.179, 36685.7, 10589.4
43.18, 36686.4, 10589.4
43.181, 36687, 10589.4
43.182, 36687.6, 10589.3
43.183, 36688.3, 10589.3
43.184, 36688.9, 10589.3
43.185, 36689.5, 10589.3
43.186, 36690.1, 10589.2
43.187, 36690.8, 10589.2
43.188, 36691.4, 10589.2
43.189, 36692, 10589.2
43.19, 36692.7, 10589.2
43.191, 36693.3, 10589.1
43.192, 36693.9, 10589.1
43.193, 36694.5, 10589.1
43.194, 36695.2, 10589.1
43.195, 36695.8, 10589
43.196, 36696.4, 10589
43.197, 36697.1, 10589
43.198, 36697.7, 10589
43.199, 36698.3, 10589
43.2, 36698.9, 10588.9
43.201, 36699.6, 10588.9
43.202, 36700.2, 10588.9
43.203, 36700.8, 10588.9
43.204, 36701.5, 10588.8
43.205, 36702.1, 10588.8
43.206, 36702.7, 10588.8
43.207, 36703.4, 10588.8
43.208, 36704, 10588.7
43.209, 36704.6, 10588.7
43.21, 36705.2, 10588.7
43.211, 36705.9, 10588.7
43.212, 36706.5, 10588.7
43.213, 36707.1, 10588.6
43.214, 36707.8, 10588.6
43.215, 36708.4, 10588.6
43.216, 36709, 10588.6
43.217, 36709.6, 10588.5
43.218, 36710.3, 10588.5
43.219, 36710.9, 10588.5
43.22, 36711.5, 10588.5
43.221, 36712.2, 10588.5
43.222, 36712.8, 10588.4
43.223, 36713.4, 10588.4
43.224, 36714.1, 10588.4
43.225, 36714.7, 10588.4
43.226, 36715.3, 10588.3
43.227, 36715.9, 10588.3
43.228, 36716.6, 10588.3
43.229, 36717.2, 10588.3
43.23, 36717.8, 10588.2
43.231, 36718.5, 10588.2
43.232, 36719.1, 10588.2
43.233, 36719.7, 10588.2
43.234, 36720.3, 10588.2
43.235, 36721, 10588.1
43.236, 36721.6, 10588.1
43.237, 36722.2, 10588.1
43.238, 36722.9, 10588.1
43.239, 36723.5, 10588
43.24, 36724.1, 10588
43.241, 36724.7, 10588
43.242, 36725.4, 10588
43.243, 36726, 10587.9
43.244, 36726.6, 10587.9
43.245, 36727.3, 10587.9
43.246, 36727.9, 10587.9
43.247, 36728.5, 10587.9
43.248, 36729.1, 10587.8
43.249, 36729.8, 10587.8
43.25, 36730.4, 10587.8
43.251, 36731, 10587.8
43.252, 36731.7, 10587.7
43.253, 36732.3, 10587.7
43.254, 36732.9, 10587.7
43.255, 36733.6, 10587.7
43.256, 36734.2, 10587.6
43.257, 36734.8, 10587.6
43.258, 36735.4, 10587.6
43.259, 36736.1, 10587.6
43.26, 36736.7, 10587.6
43.261, 36737.3, 10587.5
43.262, 36738, 10587.5
43.263, 36738.6, 10587.5
43.264, 36739.2, 10587.5
43.265, 36739.8, 10587.4
43.266, 36740.5, 10587.4
43.267, 36741.1, 10587.4
43.268, 36741.7, 10587.4
43.269, 36742.4, 10587.3
43.27, 36743, 10587.3
43.271, 36743.6, 10587.3
43.272, 36744.2, 10587.3
43.273, 36744.9, 10587.3
43.274, 36745.5, 10587.2
43.275, 36746.1, 10587.2
43.276, 36746.8, 10587.2
43.277, 36747.4, 10587.2
43.278, 36748, 10587.1
43.279, 36748.6, 10587.1
43.28, 36749.3, 10587.1
43.281, 36749.9, 10587.1
43.282, 36750.5, 10587
43.283, 36751.2, 10587
43.284, 36751.8, 10587
43.285, 36752.4, 10587
43.286, 36753, 10586.9
43.287, 36753.7, 10586.9
43.288, 36754.3, 10586.9
43.289, 36754.9, 10586.9
43.29, 36755.6, 10586.9
43.291, 36756.2, 10586.8
43.292, 36756.8, 10586.8
43.293, 36757.4, 10586.8
43.294, 36758.1, 10586.8
43.295, 36758.7, 10586.7
43.296, 36759.3, 10586.7
43.297, 36760, 10586.7
43.298, 36760.6, 10586.7
43.299, 36761.2, 10586.6
43.3, 36761.8, 10586.6
43.301, 36762.5, 10586.6
43.302, 36763.1, 10586.6
43.303, 36763.7, 10586.5
43.304, 36764.4, 10586.5
43.305, 36765, 10586.5
43.306, 36765.6, 10586.5
43.307, 36766.3, 10586.5
43.308, 36766.9, 10586.4
43.309, 36767.5, 10586.4
43.31, 36768.1, 10586.4
43.311, 36768.8, 10586.4
43.312, 36769.4, 10586.3
43.313, 36770, 10586.3
43.314, 36770.7, 10586.3
43.315, 36771.3, 10586.3
43.316, 36771.9, 10586.2
43.317, 36772.5, 10586.2
43.318, 36773.2, 10586.2
43.319, 36773.8, 10586.2
43.32, 36774.4, 10586.1
43.321, 36775.1, 10586.1
43.322, 36775.7, 10586.1
43.323, 36776.3, 10586.1
43.324, 36776.9, 10586.1
43.325, 36777.6, 10586
43.326, 36778.2, 10586
43.327, 36778.8, 10586
43.328, 36779.5, 10586
43.329, 36780.1, 10585.9
43.33, 36780.7, 10585.9
43.331, 36781.3, 10585.9
43.332, 36782, 10585.9
43.333, 36782.6, 10585.8
43.334, 36783.2, 10585.8
43.335, 36783.9, 10585.8
43.336, 36784.5, 10585.8
43.337, 36785.1, 10585.7
43.338, 36785.7, 10585.7
43.339, 36786.4, 10585.7
43.34, 36787, 10585.7
43.341, 36787.6, 10585.6
43.342, 36788.3, 10585.6
43.343, 36788.9, 10585.6
43.344, 36789.5, 10585.6
43.345, 36790.1, 10585.5
43.346, 36790.8, 10585.5
43.347, 36791.4, 10585.5
43.348, 36792, 10585.5
43.349, 36792.7, 10585.5
43.35, 36793.3, 10585.4
43.351, 36793.9, 10585.4
43.352, 36794.5, 10585.4
43.353, 36795.2, 10585.4
43.354, 36795.8, 10585.3
43.355, 36796.4, 10585.3
43.356, 36797.1, 10585.3
43.357, 36797.7, 10585.3
43.358, 36798.3, 10585.2
43.359, 36798.9, 10585.2
43.36, 36799.6, 10585.2
43.361, 36800.2, 10585.2
43.362, 36800.8, 10585.1
43.363, 36801.4, 10585.1
43.364, 36802.1, 10585.1
43.365, 36802.7, 10585.1
43.366, 36803.3, 10585
43.367, 36804, 10585
43.368, 36804.6, 10585
43.369, 36805.2, 10585
43.37, 36805.8, 10584.9
43.371, 36806.5, 10584.9
43.372, 36807.1, 10584.9
43.373, 36807.7, 10584.9
43.374, 36808.4, 10584.8
43.375, 36809, 10584.8
43.376, 36809.6, 10584.8
43.377, 36810.2, 10584.8
43.378, 36810.9, 10584.7
43.379, 36811.5, 10584.7
43.38, 36812.1, 10584.7
43.381, 36812.8, 10584.7
43.382, 36813.4, 10584.7
43.383, 36814, 10584.6
43.384, 36814.6, 10584.6
43.385, 36815.3, 10584.6
43.386, 36815.9, 10584.6
43.387, 36816.5, 10584.5
43.388, 36817.2, 10584.5
43.389, 36817.8, 10584.5
43.39, 36818.4, 10584.5
43.391, 36819, 10584.4
43.392, 36819.7, 10584.4
43.393, 36820.3, 10584.4
43.394, 36820.9, 10584.4
43.395, 36821.6, 10584.3
43.396, 36822.2, 10584.3
43.397, 36822.8, 10584.3
43.398, 36823.4, 10584.3
43.399, 36824.1, 10584.2
43.4, 36824.7, 10584.2
43.401, 36825.3, 10584.2
43.402, 36826, 10584.2
43.403, 36826.6, 10584.1
43.404, 36827.2, 10584.1
43.405, 36827.8, 10584.1
43.406, 36828.5, 10584.1
43.407, 36829.1, 10584
43.408, 36829.7, 10584
43.409, 36830.4, 10584
43.41, 36831, 10584
43.411, 36831.6, 10583.9
43.412, 36832.2, 10583.9
43.413, 36832.9, 10583.9
43.414, 36833.5, 10583.9
43.415, 36834.1, 10583.8
43.416, 36834.7, 10583.8
43.417, 36835.4, 10583.8
43.418, 36836, 10583.8
43.419, 36836.6, 10583.7
43.42, 36837.3, 10583.7
43.421, 36837.9, 10583.7
43.422, 36838.5, 10583.7
43.423, 36839.1, 10583.6
43.424, 36839.8, 10583.6
43.425, 36840.4, 10583.6
43.426, 36841, 10583.6
43.427, 36841.7, 10583.5
43.428, 36842.3, 10583.5
43.429, 36842.9, 10583.5
43.43, 36843.5, 10583.5
43.431, 36844.2, 10583.4
43.432, 36844.8, 10583.4
43.433, 36845.4, 10583.4
43.434, 36846.1, 10583.4
43.435, 36846.7, 10583.3
43.436, 36847.3, 10583.3
43.437, 36847.9, 10583.3
43.438, 36848.6, 10583.3
43.439, 36849.2, 10583.2
43.44, 36849.8, 10583.2
43.441, 36850.4, 10583.2
43.442, 36851.1, 10583.2
43.443, 36851.7, 10583.1
43.444, 36852.3, 10583.1
43.445, 36853, 10583.1
43.446, 36853.6, 10583.1
43.447, 36854.2, 10583
43.448, 36854.8, 10583
43.449, 36855.5, 10583
43.45, 36856.1, 10583
43.451, 36856.7, 10582.9
43.452, 36857.4, 10582.9
43.453, 36858, 10582.9
43.454, 36858.6, 10582.9
43.455, 36859.2, 10582.8
43.456, 36859.9, 10582.8
43.457, 36860.5, 10582.8
43.458, 36861.1, 10582.8
43.459, 36861.8, 10582.7
43.46, 36862.4, 10582.7
43.461, 36863, 10582.7
43.462, 36863.6, 10582.7
43.463, 36864.3, 10582.6
43.464, 36864.9, 10582.6
43.465, 36865.5, 10582.6
43.466, 36866.1, 10582.6
43.467, 36866.8, 10582.5
43.468, 36867.4, 10582.5
43.469, 36868, 10582.5
43.47, 36868.7, 10582.5
43.471, 36869.3, 10582.4
43.472, 36869.9, 10582.4
43.473, 36870.5, 10582.4
43.474, 36871.2, 10582.4
43.475, 36871.8, 10582.3
43.476, 36872.4, 10582.3
43.477, 36873.1, 10582.3
43.478, 36873.7, 10582.3
43.479, 36874.3, 10582.2
43.48, 36874.9, 10582.2
43.481, 36875.6, 10582.2
43.482, 36876.2, 10582.2
43.483, 36876.8, 10582.1
43.484, 36877.4, 10582.1
43.485, 36878.1, 10582.1
43.486, 36878.7, 10582.1
43.487, 36879.3, 10582
43.488, 36880, 10582
43.489, 36880.6, 10582
43.49, 36881.2, 10582
43.491, 36881.8, 10581.9
43.492, 36882.5, 10581.9
43.493, 36883.1, 10581.9
43.494, 36883.7, 10581.9
43.495, 36884.4, 10581.8
43.496, 36885, 10581.8
43.497, 36885.6, 10581.8
43.498, 36886.2, 10581.8
43.499, 36886.9, 10581.7
43.5, 36887.5, 10581.7
43.501, 36888.1, 10581.7
43.502, 36888.7, 10581.7
43.503, 36889.4, 10581.6
43.504, 36890, 10581.6
43.505, 36890.6, 10581.6
43.506, 36891.3, 10581.5
43.507, 36891.9, 10581.5
43.508, 36892.5, 10581.5
43.509, 36893.1, 10581.5
43.51, 36893.8, 10581.4
43.511, 36894.4, 10581.4
43.512, 36895, 10581.4
43.513, 36895.7, 10581.4
43.514, 36896.3, 10581.3
43.515, 36896.9, 10581.3
43.516, 36897.5, 10581.3
43.517, 36898.2, 10581.3
43.518, 36898.8, 10581.2
43.519, 36899.4, 10581.2
43.52, 36900, 10581.2
43.521, 36900.7, 10581.2
43.522, 36901.3, 10581.1
43.523, 36901.9, 10581.1
43.524, 36902.6, 10581.1
43.525, 36903.2, 10581.1
43.526, 36903.8, 10581
43.527, 36904.4, 10581
43.528, 36905.1, 10581
43.529, 36905.7, 10581
43.53, 36906.3, 10580.9
43.531, 36906.9, 10580.9
43.532, 36907.6, 10580.9
43.533, 36908.2, 10580.9
43.534, 36908.8, 10580.8
43.535, 36909.5, 10580.8
43.536, 36910.1, 10580.8
43.537, 36910.7, 10580.7
43.538, 36911.3, 10580.7
43.539, 36912, 10580.7
43.54, 36912.6, 10580.7
43.541, 36913.2, 10580.6
43.542, 36913.9, 10580.6
43.543, 36914.5, 10580.6
43.544, 36915.1, 10580.6
43.545, 36915.7, 10580.5
43.546, 36916.4, 10580.5
43.547, 36917, 10580.5
43.548, 36917.6, 10580.5
43.549, 36918.2, 10580.4
43.55, 36918.9, 10580.4
43.551, 36919.5, 10580.4
43.552, 36920.1, 10580.4
43.553, 36920.8, 10580.3
43.554, 36921.4, 10580.3
43.555, 36922, 10580.3
43.556, 36922.6, 10580.3
43.557, 36923.3, 10580.2
43.558, 36923.9, 10580.2
43.559, 36924.5, 10580.2
43.56, 36925.1, 10580.1
43.561, 36925.8, 10580.1
43.562, 36926.4, 10580.1
43.563, 36927, 10580.1
43.564, 36927.7, 10580
43.565, 36928.3, 10580
43.566, 36928.9, 10580
43.567, 36929.5, 10580
43.568, 36930.2, 10579.9
43.569, 36930.8, 10579.9
43.57, 36931.4, 10579.9
43.571, 36932, 10579.9
43.572, 36932.7, 10579.8
43.573, 36933.3, 10579.8
43.574, 36933.9, 10579.8
43.575, 36934.6, 10579.8
43.576, 36935.2, 10579.7
43.577, 36935.8, 10579.7
43.578, 36936.4, 10579.7
43.579, 36937.1, 10579.6
43.58, 36937.7, 10579.6
43.581, 36938.3, 10579.6
43.582, 36938.9, 10579.6
43.583, 36939.6, 10579.5
43.584, 36940.2, 10579.5
43.585, 36940.8, 10579.5
43.586, 36941.5, 10579.5
43.587, 36942.1, 10579.4
43.588, 36942.7, 10579.4
43.589, 36943.3, 10579.4
43.59, 36944, 10579.4
43.591, 36944.6, 10579.3
43.592, 36945.2, 10579.3
43.593, 36945.8, 10579.3
43.594, 36946.5, 10579.3
43.595, 36947.1, 10579.2
43.596, 36947.7, 10579.2
43.597, 36948.4, 10579.2
43.598, 36949, 10579.1
43.599, 36949.6, 10579.1
43.6, 36950.2, 10579.1
43.601, 36950.9, 10579.1
43.602, 36951.5, 10579
43.603, 36952.1, 10579
43.604, 36952.7, 10579
43.605, 36953.4, 10579
43.606, 36954, 10578.9
43.607, 36954.6, 10578.9
43.608, 36955.3, 10578.9
43.609, 36955.9, 10578.9
43.61, 36956.5, 10578.8
43.611, 36957.1, 10578.8
43.612, 36957.8, 10578.8
43.613, 36958.4, 10578.7
43.614, 36959, 10578.7
43.615, 36959.6, 10578.7
43.616, 36960.3, 10578.7
43.617, 36960.9, 10578.6
43.618, 36961.5, 10578.6
43.619, 36962.2, 10578.6
43.62, 36962.8, 10578.6
43.621, 36963.4, 10578.5
43.622, 36964, 10578.5
43.623, 36964.7, 10578.5
43.624, 36965.3, 10578.5
43.625, 36965.9, 10578.4
43.626, 36966.5, 10578.4
43.627, 36967.2, 10578.4
43.628, 36967.8, 10578.3
43.629, 36968.4, 10578.3
43.63, 36969, 10578.3
43.631, 36969.7, 10578.3
43.632, 36970.3, 10578.2
43.633, 36970.9, 10578.2
43.634, 36971.6, 10578.2
43.635, 36972.2, 10578.2
43.636, 36972.8, 10578.1
43.637, 36973.4, 10578.1
43.638, 36974.1, 10578.1
43.639, 36974.7, 10578
43.64, 36975.3, 10578
43.641, 36975.9, 10578
43.642, 36976.6, 10578
43.643, 36977.2, 10577.9
43.644, 36977.8, 10577.9
43.645, 36978.5, 10577.9
43.646, 36979.1, 10577.9
43.647, 36979.7, 10577.8
43.648, 36980.3, 10577.8
43.649, 36981, 10577.8
43.65, 36981.6, 10577.7
43.651, 36982.2, 10577.7
43.652, 36982.8, 10577.7
43.653, 36983.5, 10577.7
43.654, 36984.1, 10577.6
43.655, 36984.7, 10577.6
43.656, 36985.3, 10577.6
43.657, 36986, 10577.6
43.658, 36986.6, 10577.5
43.659, 36987.2, 10577.5
43.66, 36987.9, 10577.5
43.661, 36988.5, 10577.5
43.662, 36989.1, 10577.4
43.663, 36989.7, 10577.4
43.664, 36990.4, 10577.4
43.665, 36991, 10577.3
43.666, 36991.6, 10577.3
43.667, 36992.2, 10577.3
43.668, 36992.9, 10577.3
43.669, 36993.5, 10577.2
43.67, 36994.1, 10577.2
43.671, 36994.8, 10577.2
43.672, 36995.4, 10577.2
43.673, 36996, 10577.1
43.674, 36996.6, 10577.1
43.675, 36997.3, 10577.1
43.676, 36997.9, 10577
43.677, 36998.5, 10577
43.678, 36999.1, 10577
43.679, 36999.8, 10577
43.68, 37000.4, 10576.9
43.681, 37001, 10576.9
43.682, 37001.6, 10576.9
43.683, 37002.3, 10576.9
43.684, 37002.9, 10576.8
43.685, 37003.5, 10576.8
43.686, 37004.2, 10576.8
43.687, 37004.8, 10576.7
43.688, 37005.4, 10576.7
43.689, 37006, 10576.7
43.69, 37006.7, 10576.7
43.691, 37007.3, 10576.6
43.692, 37007.9, 10576.6
43.693, 37008.5, 10576.6
43.694, 37009.2, 10576.5
43.695, 37009.8, 10576.5
43.696, 37010.4, 10576.5
43.697, 37011, 10576.5
43.698, 37011.7, 10576.4
43.699, 37012.3, 10576.4
43.7, 37012.9, 10576.4
43.701, 37013.6, 10576.4
43.702, 37014.2, 10576.3
43.703, 37014.8, 10576.3
43.704, 37015.4, 10576.3
43.705, 37016.1, 10576.2
43.706, 37016.7, 10576.2
43.707, 37017.3, 10576.2
43.708, 37017.9, 10576.2
43.709, 37018.6, 10576.1
43.71, 37019.2, 10576.1
43.711, 37019.8, 10576.1
43.712, 37020.4, 10576.1
43.713, 37021.1, 10576
43.714, 37021.7, 10576
43.715, 37022.3, 10576
43.716, 37023, 10575.9
43.717, 37023.6, 10575.9
43.718, 37024.2, 10575.9
43.719, 37024.8, 10575.9
43.72, 37025.5, 10575.8
43.721, 37026.1, 10575.8
43.722, 37026.7, 10575.8
43.723, 37027.3, 10575.7
43.724, 37028, 10575.7
43.725, 37028.6, 10575.7
43.726, 37029.2, 10575.7
43.727, 37029.8, 10575.6
43.728, 37030.5, 10575.6
43.729, 37031.1, 10575.6
43.73, 37031.7, 10575.5
43.731, 37032.3, 10575.5
43.732, 37033, 10575.5
43.733, 37033.6, 10575.5
43.734, 37034.2, 10575.4
43.735, 37034.9, 10575.4
43.736, 37035.5, 10575.4
43.737, 37036.1, 10575.4
43.738, 37036.7, 10575.3
43.739, 37037.4, 10575.3
43.74, 37038, 10575.3
43.741, 37038.6, 10575.2
43.742, 37039.2, 10575.2
43.743, 37039.9, 10575.2
43.744, 37040.5, 10575.2
43.745, 37041.1, 10575.1
43.746, 37041.7, 10575.1
43.747, 37042.4, 10575.1
43.748, 37043, 10575
43.749, 37043.6, 10575
43.75, 37044.3, 10575
43.751, 37044.9, 10575
43.752, 37045.5, 10574.9
43.753, 37046.1, 10574.9
43.754, 37046.8, 10574.9
43.755, 37047.4, 10574.8
43.756, 37048, 10574.8
43.757, 37048.6, 10574.8
43.758, 37049.3, 10574.8
43.759, 37049.9, 10574.7
43.76, 37050.5, 10574.7
43.761, 37051.1, 10574.7
43.762, 37051.8, 10574.7
43.763, 37052.4, 10574.6
43.764, 37053, 10574.6
43.765, 37053.6, 10574.6
43.766, 37054.3, 10574.5
43.767, 37054.9, 10574.5
43.768, 37055.5, 10574.5
43.769, 37056.2, 10574.5
43.77, 37056.8, 10574.4
43.771, 37057.4, 10574.4
43.772, 37058, 10574.4
43.773, 37058.7, 10574.3
43.774, 37059.3, 10574.3
43.775, 37059.9, 10574.3
43.776, 37060.5, 10574.3
43.777, 37061.2, 10574.2
43.778, 37061.8, 10574.2
43.779, 37062.4, 10574.2
43.78, 37063, 10574.1
43.781, 37063.7, 10574.1
43.782, 37064.3, 10574.1
43.783, 37064.9, 10574.1
43.784, 37065.5, 10574
43.785, 37066.2, 10574
43.786, 37066.8, 10574
43.787, 37067.4, 10573.9
43.788, 37068.1, 10573.9
43.789, 37068.7, 10573.9
43.79, 37069.3, 10573.9
43.791, 37069.9, 10573.8
43.792, 37070.6, 10573.8
43.793, 37071.2, 10573.8
43.794, 37071.8, 10573.7
43.795, 37072.4, 10573.7
43.796, 37073.1, 10573.7
43.797, 37073.7, 10573.7
43.798, 37074.3, 10573.6
43.799, 37074.9, 10573.6
43.8, 37075.6, 10573.6
43.801, 37076.2, 10573.5
43.802, 37076.8, 10573.5
43.803, 37077.4, 10573.5
43.804, 37078.1, 10573.5
43.805, 37078.7, 10573.4
43.806, 37079.3, 10573.4
43.807, 37079.9, 10573.4
43.808, 37080.6, 10573.3
43.809, 37081.2, 10573.3
43.81, 37081.8, 10573.3
43.811, 37082.5, 10573.3
43.812, 37083.1, 10573.2
43.813, 37083.7, 10573.2
43.814, 37084.3, 10573.2
43.815, 37085, 10573.1
43.816, 37085.6, 10573.1
43.817, 37086.2, 10573.1
43.818, 37086.8, 10573.1
43.819, 37087.5, 10573
43.82, 37088.1, 10573
43.821, 37088.7, 10573
43.822, 37089.3, 10572.9
43.823, 37090, 10572.9
43.824, 37090.6, 10572.9
43.825, 37091.2, 10572.9
43.826, 37091.8, 10572.8
43.827, 37092.5, 10572.8
43.828, 37093.1, 10572.8
43.829, 37093.7, 10572.7
43.83, 37094.3, 10572.7
43.831, 37095, 10572.7
43.832, 37095.6, 10572.7
43.833, 37096.2, 10572.6
43.834, 37096.8, 10572.6
43.835, 37097.5, 10572.6
43.836, 37098.1, 10572.5
43.837, 37098.7, 10572.5
43.838, 37099.4, 10572.5
43.839, 37100, 10572.4
43.84, 37100.6, 10572.4
43.841, 37101.2, 10572.4
43.842, 37101.9, 10572.4
43.843, 37102.5, 10572.3
43.844, 37103.1, 10572.3
43.845, 37103.7, 10572.3
43.846, 37104.4, 10572.2
43.847, 37105, 10572.2
43.848, 37105.6, 10572.2
43.849, 37106.2, 10572.2
43.85, 37106.9, 10572.1
43.851, 37107.5, 10572.1
43.852, 37108.1, 10572.1
43.853, 37108.7, 10572
43.854, 37109.4, 10572
43.855, 37110, 10572
43.856, 37110.6, 10572
43.857, 37111.2, 10571.9
43.858, 37111.9, 10571.9
43.859, 37112.5, 10571.9
43.86, 37113.1, 10571.8
43.861, 37113.7, 10571.8
43.862, 37114.4, 10571.8
43.863, 37115, 10571.8
43.864, 37115.6, 10571.7
43.865, 37116.3, 10571.7
43.866, 37116.9, 10571.7
43.867, 37117.5, 10571.6
43.868, 37118.1, 10571.6
43.869, 37118.8, 10571.6
43.87, 37119.4, 10571.5
43.871, 37120, 10571.5
43.872, 37120.6, 10571.5
43.873, 37121.3, 10571.5
43.874, 37121.9, 10571.4
43.875, 37122.5, 10571.4
43.876, 37123.1, 10571.4
43.877, 37123.8, 10571.3
43.878, 37124.4, 10571.3
43.879, 37125, 10571.3
43.88, 37125.6, 10571.3
43.881, 37126.3, 10571.2
43.882, 37126.9, 10571.2
43.883, 37127.5, 10571.2
43.884, 37128.1, 10571.1
43.885, 37128.8, 10571.1
43.886, 37129.4, 10571.1
43.887, 37130, 10571
43.888, 37130.6, 10571
43.889, 37131.3, 10571
43.89, 37131.9, 10571
43.891, 37132.5, 10570.9
43.892, 37133.1, 10570.9
43.893, 37133.8, 10570.9
43.894, 37134.4, 10570.8
43.895, 37135, 10570.8
43.896, 37135.6, 10570.8
43.897, 37136.3, 10570.8
43.898, 37136.9, 10570.7
43.899, 37137.5, 10570.7
43.9, 37138.2, 10570.7
43.901, 37138.8, 10570.6
43.902, 37139.4, 10570.6
43.903, 37140, 10570.6
43.904, 37140.7, 10570.5
43.905, 37141.3, 10570.5
43.906, 37141.9, 10570.5
43.907, 37142.5, 10570.5
43.908, 37143.2, 10570.4
43.909, 37143.8, 10570.4
43.91, 37144.4, 10570.4
43.911, 37145, 10570.3
43.912, 37145.7, 10570.3
43.913, 37146.3, 10570.3
43.914, 37146.9, 10570.2
43.915, 37147.5, 10570.2
43.916, 37148.2, 10570.2
43.917, 37148.8, 10570.2
43.918, 37149.4, 10570.1
43.919, 37150, 10570.1
43.92, 37150.7, 10570.1
43.921, 37151.3, 10570
43.922, 37151.9, 10570
43.923, 37152.5, 10570
43.924, 37153.2, 10569.9
43.925, 37153.8, 10569.9
43.926, 37154.4, 10569.9
43.927, 37155, 10569.9
43.928, 37155.7, 10569.8
43.929, 37156.3, 10569.8
43.93, 37156.9, 10569.8
43.931, 37157.5, 10569.7
43.932, 37158.2, 10569.7
43.933, 37158.8, 10569.7
43.934, 37159.4, 10569.6
43.935, 37160, 10569.6
43.936, 37160.7, 10569.6
43.937, 37161.3, 10569.6
43.938, 37161.9, 10569.5
43.939, 37162.5, 10569.5
43.94, 37163.2, 10569.5
43.941, 37163.8, 10569.4
43.942, 37164.4, 10569.4
43.943, 37165, 10569.4
43.944, 37165.7, 10569.3
43.945, 37166.3, 10569.3
43.946, 37166.9, 10569.3
43.947, 37167.5, 10569.3
43.948, 37168.2, 10569.2
43.949, 37168.8, 10569.2
43.95, 37169.4, 10569.2
43.951, 37170, 10569.1
43.952, 37170.7, 10569.1
43.953, 37171.3, 10569.1
43.954, 37171.9, 10569
43.955, 37172.6, 10569
43.956, 37173.2, 10569
43.957, 37173.8, 10569
43.958, 37174.4, 10568.9
43.959, 37175.1, 10568.9
43.96, 37175.7, 10568.9
43.961, 37176.3, 10568.8
43.962, 37176.9, 10568.8
43.963, 37177.6, 10568.8
43.964, 37178.2, 10568.7
43.965, 37178.8, 10568.7
43.966, 37179.4, 10568.7
43.967, 37180.1, 10568.7
43.968, 37180.7, 10568.6
43.969, 37181.3, 10568.6
43.97, 37181.9, 10568.6
43.971, 37182.6, 10568.5
43.972, 37183.2, 10568.5
43.973, 37183.8, 10568.5
43.974, 37184.4, 10568.4
43.975, 37185.1, 10568.4
43.976, 37185.7, 10568.4
43.977, 37186.3, 10568.4
43.978, 37186.9, 10568.3
43.979, 37187.6, 10568.3
43.98, 37188.2, 10568.3
43.981, 37188.8, 10568.2
43.982, 37189.4, 10568.2
43.983, 37190.1, 10568.2
43.984, 37190.7, 10568.1
43.985, 37191.3, 10568.1
43.986, 37191.9, 10568.1
43.987, 37192.6, 10568
43.988, 37193.2, 10568
43.989, 37193.8, 10568
43.99, 37194.4, 10568
43.991, 37195.1, 10567.9
43.992, 37195.7, 10567.9
43.993, 37196.3, 10567.9
43.994, 37196.9, 10567.8
43.995, 37197.6, 10567.8
43.996, 37198.2, 10567.8
43.997, 37198.8, 10567.7
43.998, 37199.4, 10567.7
43.999, 37200.1, 10567.7
44, 37200.7, 10567.7
44.001, 37201.3, 10567.6
44.002, 37201.9, 10567.6
44.003, 37202.6, 10567.6
44.004, 37203.2, 10567.5
44.005, 37203.8, 10567.5
44.006, 37204.4, 10567.5
44.007, 37205.1, 10567.4
44.008, 37205.7, 10567.4
44.009, 37206.3, 10567.4
44.01, 37206.9, 10567.3
44.011, 37207.6, 10567.3
44.012, 37208.2, 10567.3
44.013, 37208.8, 10567.3
44.014, 37209.4, 10567.2
44.015, 37210.1, 10567.2
44.016, 37210.7, 10567.2
44.017, 37211.3, 10567.1
44.018, 37211.9, 10567.1
44.019, 37212.6, 10567.1
44.02, 37213.2, 10567
44.021, 37213.8, 10567
44.022, 37214.4, 10567
44.023, 37215.1, 10566.9
44.024, 37215.7, 10566.9
44.025, 37216.3, 10566.9
44.026, 37216.9, 10566.9
44.027, 37217.6, 10566.8
44.028, 37218.2, 10566.8
44.029, 37218.8, 10566.8
44.03, 37219.4, 10566.7
44.031, 37220.1, 10566.7
44.032, 37220.7, 10566.7
44.033, 37221.3, 10566.6
44.034, 37221.9, 10566.6
44.035, 37222.6, 10566.6
44.036, 37223.2, 10566.5
44.037, 37223.8, 10566.5
44.038, 37224.4, 10566.5
44.039, 37225.1, 10566.4
44.04, 37225.7, 10566.4
44.041, 37226.3, 10566.4
44.042, 37226.9, 10566.4
44.043, 37227.6, 10566.3
44.044, 37228.2, 10566.3
44.045, 37228.8, 10566.3
44.046, 37229.4, 10566.2
44.047, 37230.1, 10566.2
44.048, 37230.7, 10566.2
44.049, 37231.3, 10566.1
44.05, 37231.9, 10566.1
44.051, 37232.6, 10566.1
44.052, 37233.2, 10566
44.053, 37233.8, 10566
44.054, 37234.4, 10566
44.055, 37235.1, 10566
44.056, 37235.7, 10565.9
44.057, 37236.3, 10565.9
44.058, 37236.9, 10565.9
44.059, 37237.6, 10565.8
44.06, 37238.2, 10565.8
44.061, 37238.8, 10565.8
44.062, 37239.4, 10565.7
44.063, 37240.1, 10565.7
44.064, 37240.7, 10565.7
44.065, 37241.3, 10565.6
44.066, 37241.9, 10565.6
44.067, 37242.6, 10565.6
44.068, 37243.2, 10565.5
44.069, 37243.8, 10565.5
44.07, 37244.4, 10565.5
44.071, 37245.1, 10565.5
44.072, 37245.7, 10565.4
44.073, 37246.3, 10565.4
44.074, 37246.9, 10565.4
44.075, 37247.6, 10565.3
44.076, 37248.2, 10565.3
44.077, 37248.8, 10565.3
44.078, 37249.4, 10565.2
44.079, 37250.1, 10565.2
44.08, 37250.7, 10565.2
44.081, 37251.3, 10565.1
44.082, 37251.9, 10565.1
44.083, 37252.5, 10565.1
44.084, 37253.2, 10565
44.085, 37253.8, 10565
44.086, 37254.4, 10565
44.087, 37255, 10564.9
44.088, 37255.7, 10564.9
44.089, 37256.3, 10564.9
44.09, 37256.9, 10564.9
44.091, 37257.5, 10564.8
44.092, 37258.2, 10564.8
44.093, 37258.8, 10564.8
44.094, 37259.4, 10564.7
44.095, 37260, 10564.7
44.096, 37260.7, 10564.7
44.097, 37261.3, 10564.6
44.098, 37261.9, 10564.6
44.099, 37262.5, 10564.6
44.1, 37263.2, 10564.5
44.101, 37263.8, 10564.5
44.102, 37264.4, 10564.5
44.103, 37265, 10564.4
44.104, 37265.7, 10564.4
44.105, 37266.3, 10564.4
44.106, 37266.9, 10564.3
44.107, 37267.5, 10564.3
44.108, 37268.2, 10564.3
44.109, 37268.8, 10564.3
44.11, 37269.4, 10564.2
44.111, 37270, 10564.2
44.112, 37270.7, 10564.2
44.113, 37271.3, 10564.1
44.114, 37271.9, 10564.1
44.115, 37272.5, 10564.1
44.116, 37273.2, 10564
44.117, 37273.8, 10564
44.118, 37274.4, 10564
44.119, 37275, 10563.9
44.12, 37275.7, 10563.9
44.121, 37276.3, 10563.9
44.122, 37276.9, 10563.8
44.123, 37277.5, 10563.8
44.124, 37278.2, 10563.8
44.125, 37278.8, 10563.7
44.126, 37279.4, 10563.7
44.127, 37280, 10563.7
44.128, 37280.7, 10563.6
44.129, 37281.3, 10563.6
44.13, 37281.9, 10563.6
44.131, 37282.5, 10563.6
44.132, 37283.2, 10563.5
44.133, 37283.8, 10563.5
44.134, 37284.4, 10563.5
44.135, 37285, 10563.4
44.136, 37285.6, 10563.4
44.137, 37286.3, 10563.4
44.138, 37286.9, 10563.3
44.139, 37287.5, 10563.3
44.14, 37288.1, 10563.3
44.141, 37288.8, 10563.2
44.142, 37289.4, 10563.2
44.143, 37290, 10563.2
44.144, 37290.6, 10563.1
44.145, 37291.3, 10563.1
44.146, 37291.9, 10563.1
44.147, 37292.5, 10563
44.148, 37293.1, 10563
44.149, 37293.8, 10563
44.15, 37294.4, 10562.9
44.151, 37295, 10562.9
44.152, 37295.6, 10562.9
44.153, 37296.3, 10562.8
44.154, 37296.9, 10562.8
44.155, 37297.5, 10562.8
44.156, 37298.1, 10562.8
44.157, 37298.8, 10562.7
44.158, 37299.4, 10562.7
44.159, 37300, 10562.7
44.16, 37300.6, 10562.6
44.161, 37301.3, 10562.6
44.162, 37301.9, 10562.6
44.163, 37302.5, 10562.5
44.164, 37303.1, 10562.5
44.165, 37303.8, 10562.5
44.166, 37304.4, 10562.4
44.167, 37305, 10562.4
44.168, 37305.6, 10562.4
44.169, 37306.2, 10562.3
44.17, 37306.9, 10562.3
44.171, 37307.5, 10562.3
44.172, 37308.1, 10562.2
44.173, 37308.7, 10562.2
44.174, 37309.4, 10562.2
44.175, 37310, 10562.1
44.176, 37310.6, 10562.1
44.177, 37311.2, 10562.1
44.178, 37311.9, 10562
44.179, 37312.5, 10562
44.18, 37313.1, 10562
44.181, 37313.7, 10561.9
44.182, 37314.4, 10561.9
44.183, 37315, 10561.9
44.184, 37315.6, 10561.8
44.185, 37316.2, 10561.8
44.186, 37316.9, 10561.8
44.187, 37317.5, 10561.7
44.188, 37318.1, 10561.7
44.189, 37318.7, 10561.7
44.19, 37319.4, 10561.7
44.191, 37320, 10561.6
44.192, 37320.6, 10561.6
44.193, 37321.2, 10561.6
44.194, 37321.9, 10561.5
44.195, 37322.5, 10561.5
44.196, 37323.1, 10561.5
44.197, 37323.7, 10561.4
44.198, 37324.3, 10561.4
44.199, 37325, 10561.4
44.2, 37325.6, 10561.3
44.201, 37326.2, 10561.3
44.202, 37326.8, 10561.3
44.203, 37327.5, 10561.2
44.204, 37328.1, 10561.2
44.205, 37328.7, 10561.2
44.206, 37329.3, 10561.1
44.207, 37330, 10561.1
44.208, 37330.6, 10561.1
44.209, 37331.2, 10561
44.21, 37331.8, 10561
44.211, 37332.5, 10561
44.212, 37333.1, 10560.9
44.213, 37333.7, 10560.9
44.214, 37334.3, 10560.9
44.215, 37335, 10560.8
44.216, 37335.6, 10560.8
44.217, 37336.2, 10560.8
44.218, 37336.8, 10560.7
44.219, 37337.5, 10560.7
44.22, 37338.1, 10560.7
44.221, 37338.7, 10560.6
44.222, 37339.3, 10560.6
44.223, 37339.9, 10560.6
44.224, 37340.6, 10560.5
44.225, 37341.2, 10560.5
44.226, 37341.8, 10560.5
44.227, 37342.4, 10560.4
44.228, 37343.1, 10560.4
44.229, 37343.7, 10560.4
44.23, 37344.3, 10560.3
44.231, 37344.9, 10560.3
44.232, 37345.6, 10560.3
44.233, 37346.2, 10560.2
44.234, 37346.8, 10560.2
44.235, 37347.4, 10560.2
44.236, 37348.1, 10560.1
44.237, 37348.7, 10560.1
44.238, 37349.3, 10560.1
44.239, 37349.9, 10560
44.24, 37350.6, 10560
44.241, 37351.2, 10560
44.242, 37351.8, 10559.9
44.243, 37352.4, 10559.9
44.244, 37353.1, 10559.9
44.245, 37353.7, 10559.8
44.246, 37354.3, 10559.8
44.247, 37354.9, 10559.8
44.248, 37355.5, 10559.7
44.249, 37356.2, 10559.7
44.25, 37356.8, 10559.7
44.251, 37357.4, 10559.6
44.252, 37358, 10559.6
44.253, 37358.7, 10559.6
44.254, 37359.3, 10559.5
44.255, 37359.9, 10559.5
44.256, 37360.5, 10559.5
44.257, 37361.2, 10559.5
44.258, 37361.8, 10559.4
44.259, 37362.4, 10559.4
44.26, 37363, 10559.4
44.261, 37363.7, 10559.3
44.262, 37364.3, 10559.3
44.263, 37364.9, 10559.3
44.264, 37365.5, 10559.2
44.265, 37366.1, 10559.2
44.266, 37366.8, 10559.2
44.267, 37367.4, 10559.1
44.268, 37368, 10559.1
44.269, 37368.6, 10559.1
44.27, 37369.3, 10559
44.271, 37369.9, 10559
44.272, 37370.5, 10559
44.273, 37371.1, 10558.9
44.274, 37371.8, 10558.9
44.275, 37372.4, 10558.9
44.276, 37373, 10558.8
44.277, 37373.6, 10558.8
44.278, 37374.3, 10558.8
44.279, 37374.9, 10558.7
44.28, 37375.5, 10558.7
44.281, 37376.1, 10558.7
44.282, 37376.8, 10558.6
44.283, 37377.4, 10558.6
44.284, 37378, 10558.6
44.285, 37378.6, 10558.5
44.286, 37379.2, 10558.5
44.287, 37379.9, 10558.4
44.288, 37380.5, 10558.4
44.289, 37381.1, 10558.4
44.29, 37381.7, 10558.3
44.291, 37382.4, 10558.3
44.292, 37383, 10558.3
44.293, 37383.6, 10558.2
44.294, 37384.2, 10558.2
44.295, 37384.9, 10558.2
44.296, 37385.5, 10558.1
44.297, 37386.1, 10558.1
44.298, 37386.7, 10558.1
44.299, 37387.4, 10558
44.3, 37388, 10558
44.301, 37388.6, 10558
44.302, 37389.2, 10557.9
44.303, 37389.8, 10557.9
44.304, 37390.5, 10557.9
44.305, 37391.1, 10557.8
44.306, 37391.7, 10557.8
44.307, 37392.3, 10557.8
44.308, 37393, 10557.7
44.309, 37393.6, 10557.7
44.31, 37394.2, 10557.7
44.311, 37394.8, 10557.6
44.312, 37395.5, 10557.6
44.313, 37396.1, 10557.6
44.314, 37396.7, 10557.5
44.315, 37397.3, 10557.5
44.316, 37398, 10557.5
44.317, 37398.6, 10557.4
44.318, 37399.2, 10557.4
44.319, 37399.8, 10557.4
44.32, 37400.4, 10557.3
44.321, 37401.1, 10557.3
44.322, 37401.7, 10557.3
44.323, 37402.3, 10557.2
44.324, 37402.9, 10557.2
44.325, 37403.6, 10557.2
44.326, 37404.2, 10557.1
44.327, 37404.8, 10557.1
44.328, 37405.4, 10557.1
44.329, 37406.1, 10557
44.33, 37406.7, 10557
44.331, 37407.3, 10557
44.332, 37407.9, 10556.9
44.333, 37408.5, 10556.9
44.334, 37409.2, 10556.9
44.335, 37409.8, 10556.8
44.336, 37410.4, 10556.8
44.337, 37411, 10556.8
44.338, 37411.7, 10556.7
44.339, 37412.3, 10556.7
44.34, 37412.9, 10556.7
44.341, 37413.5, 10556.6
44.342, 37414.2, 10556.6
44.343, 37414.8, 10556.6
44.344, 37415.4, 10556.5
44.345, 37416, 10556.5
44.346, 37416.7, 10556.5
44.347, 37417.3, 10556.4
44.348, 37417.9, 10556.4
44.349, 37418.5, 10556.4
44.35, 37419.1, 10556.3
44.351, 37419.8, 10556.3
44.352, 37420.4, 10556.3
44.353, 37421, 10556.2
44.354, 37421.6, 10556.2
44.355, 37422.3, 10556.1
44.356, 37422.9, 10556.1
44.357, 37423.5, 10556.1
44.358, 37424.1, 10556
44.359, 37424.8, 10556
44.36, 37425.4, 10556
44.361, 37426, 10555.9
44.362, 37426.6, 10555.9
44.363, 37427.2, 10555.9
44.364, 37427.9, 10555.8
44.365, 37428.5, 10555.8
44.366, 37429.1, 10555.8
44.367, 37429.7, 10555.7
44.368, 37430.4, 10555.7
44.369, 37431, 10555.7
44.37, 37431.6, 10555.6
44.371, 37432.2, 10555.6
44.372, 37432.9, 10555.6
44.373, 37433.5, 10555.5
44.374, 37434.1, 10555.5
44.375, 37434.7, 10555.5
44.376, 37435.3, 10555.4
44.377, 37436, 10555.4
44.378, 37436.6, 10555.4
44.379, 37437.2, 10555.3
44.38, 37437.8, 10555.3
44.381, 37438.5, 10555.3
44.382, 37439.1, 10555.2
44.383, 37439.7, 10555.2
44.384, 37440.3, 10555.2
44.385, 37441, 10555.1
44.386, 37441.6, 10555.1
44.387, 37442.2, 10555
44.388, 37442.8, 10555
44.389, 37443.4, 10555
44.39, 37444.1, 10554.9
44.391, 37444.7, 10554.9
44.392, 37445.3, 10554.9
44.393, 37445.9, 10554.8
44.394, 37446.6, 10554.8
44.395, 37447.2, 10554.8
44.396, 37447.8, 10554.7
44.397, 37448.4, 10554.7
44.398, 37449.1, 10554.7
44.399, 37449.7, 10554.6
44.4, 37450.3, 10554.6
44.401, 37450.9, 10554.6
44.402, 37451.5, 10554.5
44.403, 37452.2, 10554.5
44.404, 37452.8, 10554.5
44.405, 37453.4, 10554.4
44.406, 37454, 10554.4
44.407, 37454.7, 10554.4
44.408, 37455.3, 10554.3
44.409, 37455.9, 10554.3
44.41, 37456.5, 10554.3
44.411, 37457.2, 10554.2
44.412, 37457.8, 10554.2
44.413, 37458.4, 10554.1
44.414, 37459, 10554.1
44.415, 37459.6, 10554.1
44.416, 37460.3, 10554
44.417, 37460.9, 10554
44.418, 37461.5, 10554
44.419, 37462.1, 10553.9
44.42, 37462.8, 10553.9
44.421, 37463.4, 10553.9
44.422, 37464, 10553.8
44.423, 37464.6, 10553.8
44.424, 37465.3, 10553.8
44.425, 37465.9, 10553.7
44.426, 37466.5, 10553.7
44.427, 37467.1, 10553.7
44.428, 37467.7, 10553.6
44.429, 37468.4, 10553.6
44.43, 37469, 10553.6
44.431, 37469.6, 10553.5
44.432, 37470.2, 10553.5
44.433, 37470.9, 10553.5
44.434, 37471.5, 10553.4
44.435, 37472.1, 10553.4
44.436, 37472.7, 10553.3
44.437, 37473.4, 10553.3
44.438, 37474, 10553.3
44.439, 37474.6, 10553.2
44.44, 37475.2, 10553.2
44.441, 37475.8, 10553.2
44.442, 37476.5, 10553.1
44.443, 37477.1, 10553.1
44.444, 37477.7, 10553.1
44.445, 37478.3, 10553
44.446, 37479, 10553
44.447, 37479.6, 10553
44.448, 37480.2, 10552.9
44.449, 37480.8, 10552.9
44.45, 37481.4, 10552.9
44.451, 37482.1, 10552.8
44.452, 37482.7, 10552.8
44.453, 37483.3, 10552.7
44.454, 37483.9, 10552.7
44.455, 37484.6, 10552.7
44.456, 37485.2, 10552.6
44.457, 37485.8, 10552.6
44.458, 37486.4, 10552.6
44.459, 37487.1, 10552.5
44.46, 37487.7, 10552.5
44.461, 37488.3, 10552.5
44.462, 37488.9, 10552.4
44.463, 37489.5, 10552.4
44.464, 37490.2, 10552.4
44.465, 37490.8, 10552.3
44.466, 37491.4, 10552.3
44.467, 37492, 10552.3
44.468, 37492.7, 10552.2
44.469, 37493.3, 10552.2
44.47, 37493.9, 10552.1
44.471, 37494.5, 10552.1
44.472, 37495.1, 10552.1
44.473, 37495.8, 10552
44.474, 37496.4, 10552
44.475, 37497, 10552
44.476, 37497.6, 10551.9
44.477, 37498.3, 10551.9
44.478, 37498.9, 10551.9
44.479, 37499.5, 10551.8
44.48, 37500.1, 10551.8
44.481, 37500.7, 10551.8
44.482, 37501.4, 10551.7
44.483, 37502, 10551.7
44.484, 37502.6, 10551.7
44.485, 37503.2, 10551.6
44.486, 37503.9, 10551.6
44.487, 37504.5, 10551.5
44.488, 37505.1, 10551.5
44.489, 37505.7, 10551.5
44.49, 37506.4, 10551.4
44.491, 37507, 10551.4
44.492, 37507.6, 10551.4
44.493, 37508.2, 10551.3
44.494, 37508.8, 10551.3
44.495, 37509.5, 10551.3
44.496, 37510.1, 10551.2
44.497, 37510.7, 10551.2
44.498, 37511.3, 10551.2
44.499, 37512, 10551.1
44.5, 37512.6, 10551.1
44.501, 37513.2, 10551
44.502, 37513.8, 10551
44.503, 37514.4, 10551
44.504, 37515.1, 10550.9
44.505, 37515.7, 10550.9
44.506, 37516.3, 10550.9
44.507, 37516.9, 10550.8
44.508, 37517.6, 10550.8
44.509, 37518.2, 10550.8
44.51, 37518.8, 10550.7
44.511, 37519.4, 10550.7
44.512, 37520, 10550.7
44.513, 37520.7, 10550.6
44.514, 37521.3, 10550.6
44.515, 37521.9, 10550.5
44.516, 37522.5, 10550.5
44.517, 37523.2, 10550.5
44.518, 37523.8, 10550.4
44.519, 37524.4, 10550.4
44.52, 37525, 10550.4
44.521, 37525.6, 10550.3
44.522, 37526.3, 10550.3
44.523, 37526.9, 10550.3
44.524, 37527.5, 10550.2
44.525, 37528.1, 10550.2
44.526, 37528.8, 10550.2
44.527, 37529.4, 10550.1
44.528, 37530, 10550.1
44.529, 37530.6, 10550
44.53, 37531.3, 10550
44.531, 37531.9, 10550
44.532, 37532.5, 10549.9
44.533, 37533.1, 10549.9
44.534, 37533.7, 10549.9
44.535, 37534.4, 10549.8
44.536, 37535, 10549.8
44.537, 37535.6, 10549.8
44.538, 37536.2, 10549.7
44.539, 37536.9, 10549.7
44.54, 37537.5, 10549.7
44.541, 37538.1, 10549.6
44.542, 37538.7, 10549.6
44.543, 37539.3, 10549.5
44.544, 37540, 10549.5
44.545, 37540.6, 10549.5
44.546, 37541.2, 10549.4
44.547, 37541.8, 10549.4
44.548, 37542.5, 10549.4
44.549, 37543.1, 10549.3
44.55, 37543.7, 10549.3
44.551, 37544.3, 10549.3
44.552, 37544.9, 10549.2
44.553, 37545.6, 10549.2
44.554, 37546.2, 10549.1
44.555, 37546.8, 10549.1
44.556, 37547.4, 10549.1
44.557, 37548.1, 10549
44.558, 37548.7, 10549
44.559, 37549.3, 10549
44.56, 37549.9, 10548.9
44.561, 37550.5, 10548.9
44.562, 37551.2, 10548.9
44.563, 37551.8, 10548.8
44.564, 37552.4, 10548.8
44.565, 37553, 10548.7
44.566, 37553.7, 10548.7
44.567, 37554.3, 10548.7
44.568, 37554.9, 10548.6
44.569, 37555.5, 10548.6
44.57, 37556.1, 10548.6
44.571, 37556.8, 10548.5
44.572, 37557.4, 10548.5
44.573, 37558, 10548.5
44.574, 37558.6, 10548.4
44.575, 37559.3, 10548.4
44.576, 37559.9, 10548.3
44.577, 37560.5, 10548.3
44.578, 37561.1, 10548.3
44.579, 37561.7, 10548.2
44.58, 37562.4, 10548.2
44.581, 37563, 10548.2
44.582, 37563.6, 10548.1
44.583, 37564.2, 10548.1
44.584, 37564.8, 10548.1
44.585, 37565.5, 10548
44.586, 37566.1, 10548
44.587, 37566.7, 10547.9
44.588, 37567.3, 10547.9
44.589, 37568, 10547.9
44.59, 37568.6, 10547.8
44.591, 37569.2, 10547.8
44.592, 37569.8, 10547.8
44.593, 37570.4, 10547.7
44.594, 37571.1, 10547.7
44.595, 37571.7, 10547.7
44.596, 37572.3, 10547.6
44.597, 37572.9, 10547.6
44.598, 37573.6, 10547.5
44.599, 37574.2, 10547.5
44.6, 37574.8, 10547.5
44.601, 37575.4, 10547.4
44.602, 37576, 10547.4
44.603, 37576.7, 10547.4
44.604, 37577.3, 10547.3
44.605, 37577.9, 10547.3
44.606, 37578.5, 10547.2
44.607, 37579.2, 10547.2
44.608, 37579.8, 10547.2
44.609, 37580.4, 10547.1
44.61, 37581, 10547.1
44.611, 37581.6, 10547.1
44.612, 37582.3, 10547
44.613, 37582.9, 10547
44.614, 37583.5, 10547
44.615, 37584.1, 10546.9
44.616, 37584.8, 10546.9
44.617, 37585.4, 10546.8
44.618, 37586, 10546.8
44.619, 37586.6, 10546.8
44.62, 37587.2, 10546.7
44.621, 37587.9, 10546.7
44.622, 37588.5, 10546.7
44.623, 37589.1, 10546.6
44.624, 37589.7, 10546.6
44.625, 37590.3, 10546.5
44.626, 37591, 10546.5
44.627, 37591.6, 10546.5
44.628, 37592.2, 10546.4
44.629, 37592.8, 10546.4
44.63, 37593.5, 10546.4
44.631, 37594.1, 10546.3
44.632, 37594.7, 10546.3
44.633, 37595.3, 10546.3
44.634, 37595.9, 10546.2
44.635, 37596.6, 10546.2
44.636, 37597.2, 10546.1
44.637, 37597.8, 10546.1
44.638, 37598.4, 10546.1
44.639, 37599.1, 10546
44.64, 37599.7, 10546
44.641, 37600.3, 10546
44.642, 37600.9, 10545.9
44.643, 37601.5, 10545.9
44.644, 37602.2, 10545.8
44.645, 37602.8, 10545.8
44.646, 37603.4, 10545.8
44.647, 37604, 10545.7
44.648, 37604.7, 10545.7
44.649, 37605.3, 10545.7
44.65, 37605.9, 10545.6
44.651, 37606.5, 10545.6
44.652, 37607.1, 10545.5
44.653, 37607.8, 10545.5
44.654, 37608.4, 10545.5
44.655, 37609, 10545.4
44.656, 37609.6, 10545.4
44.657, 37610.2, 10545.4
44.658, 37610.9, 10545.3
44.659, 37611.5, 10545.3
44.66, 37612.1, 10545.3
44.661, 37612.7, 10545.2
44.662, 37613.4, 10545.2
44.663, 37614, 10545.1
44.664, 37614.6, 10545.1
44.665, 37615.2, 10545.1
44.666, 37615.8, 10545
44.667, 37616.5, 10545
44.668, 37617.1, 10545
44.669, 37617.7, 10544.9
44.67, 37618.3, 10544.9
44.671, 37618.9, 10544.8
44.672, 37619.6, 10544.8
44.673, 37620.2, 10544.8
44.674, 37620.8, 10544.7
44.675, 37621.4, 10544.7
44.676, 37622.1, 10544.7
44.677, 37622.7, 10544.6
44.678, 37623.3, 10544.6
44.679, 37623.9, 10544.5
44.68, 37624.5, 10544.5
44.681, 37625.2, 10544.5
44.682, 37625.8, 10544.4
44.683, 37626.4, 10544.4
44.684, 37627, 10544.4
44.685, 37627.7, 10544.3
44.686, 37628.3, 10544.3
44.687, 37628.9, 10544.2
44.688, 37629.5, 10544.2
44.689, 37630.1, 10544.2
44.69, 37630.8, 10544.1
44.691, 37631.4, 10544.1
44.692, 37632, 10544.1
44.693, 37632.6, 10544
44.694, 37633.2, 10544
44.695, 37633.9, 10543.9
44.696, 37634.5, 10543.9
44.697, 37635.1, 10543.9
44.698, 37635.7, 10543.8
44.699, 37636.4, 10543.8
44.7, 37637, 10543.8
44.701, 37637.6, 10543.7
44.702, 37638.2, 10543.7
44.703, 37638.8, 10543.6
44.704, 37639.5, 10543.6
44.705, 37640.1, 10543.6
44.706, 37640.7, 10543.5
44.707, 37641.3, 10543.5
44.708, 37641.9, 10543.4
44.709, 37642.6, 10543.4
44.71, 37643.2, 10543.4
44.711, 37643.8, 10543.3
44.712, 37644.4, 10543.3
44.713, 37645.1, 10543.3
44.714, 37645.7, 10543.2
44.715, 37646.3, 10543.2
44.716, 37646.9, 10543.1
44.717, 37647.5, 10543.1
44.718, 37648.2, 10543.1
44.719, 37648.8, 10543
44.72, 37649.4, 10543
44.721, 37650, 10543
44.722, 37650.6, 10542.9
44.723, 37651.3, 10542.9
44.724, 37651.9, 10542.8
44.725, 37652.5, 10542.8
44.726, 37653.1, 10542.8
44.727, 37653.8, 10542.7
44.728, 37654.4, 10542.7
44.729, 37655, 10542.7
44.73, 37655.6, 10542.6
44.731, 37656.2, 10542.6
44.732, 37656.9, 10542.5
44.733, 37657.5, 10542.5
44.734, 37658.1, 10542.5
44.735, 37658.7, 10542.4
44.736, 37659.3, 10542.4
44.737, 37660, 10542.4
44.738, 37660.6, 10542.3
44.739, 37661.2, 10542.3
44.74, 37661.8, 10542.2
44.741, 37662.4, 10542.2
44.742, 37663.1, 10542.2
44.743, 37663.7, 10542.1
44.744, 37664.3, 10542.1
44.745, 37664.9, 10542
44.746, 37665.6, 10542
44.747, 37666.2, 10542
44.748, 37666.8, 10541.9
44.749, 37667.4, 10541.9
44.75, 37668, 10541.9
44.751, 37668.7, 10541.8
44.752, 37669.3, 10541.8
44.753, 37669.9, 10541.7
44.754, 37670.5, 10541.7
44.755, 37671.1, 10541.7
44.756, 37671.8, 10541.6
44.757, 37672.4, 10541.6
44.758, 37673, 10541.5
44.759, 37673.6, 10541.5
44.76, 37674.3, 10541.5
44.761, 37674.9, 10541.4
44.762, 37675.5, 10541.4
44.763, 37676.1, 10541.4
44.764, 37676.7, 10541.3
44.765, 37677.4, 10541.3
44.766, 37678, 10541.2
44.767, 37678.6, 10541.2
44.768, 37679.2, 10541.2
44.769, 37679.8, 10541.1
44.77, 37680.5, 10541.1
44.771, 37681.1, 10541.1
44.772, 37681.7, 10541
44.773, 37682.3, 10541
44.774, 37682.9, 10540.9
44.775, 37683.6, 10540.9
44.776, 37684.2, 10540.9
44.777, 37684.8, 10540.8
44.778, 37685.4, 10540.8
44.779, 37686.1, 10540.7
44.78, 37686.7, 10540.7
44.781, 37687.3, 10540.7
44.782, 37687.9, 10540.6
44.783, 37688.5, 10540.6
44.784, 37689.2, 10540.6
44.785, 37689.8, 10540.5
44.786, 37690.4, 10540.5
44.787, 37691, 10540.4
44.788, 37691.6, 10540.4
44.789, 37692.3, 10540.4
44.79, 37692.9, 10540.3
44.791, 37693.5, 10540.3
44.792, 37694.1, 10540.2
44.793, 37694.7, 10540.2
44.794, 37695.4, 10540.2
44.795, 37696, 10540.1
44.796, 37696.6, 10540.1
44.797, 37697.2, 10540
44.798, 37697.9, 10540
44.799, 37698.5, 10540
44.8, 37699.1, 10539.9
44.801, 37699.7, 10539.9
44.802, 37700.3, 10539.9
44.803, 37701, 10539.8
44.804, 37701.6, 10539.8
44.805, 37702.2, 10539.7
44.806, 37702.8, 10539.7
44.807, 37703.4, 10539.7
44.808, 37704.1, 10539.6
44.809, 37704.7, 10539.6
44.81, 37705.3, 10539.5
44.811, 37705.9, 10539.5
44.812, 37706.5, 10539.5
44.813, 37707.2, 10539.4
44.814, 37707.8, 10539.4
44.815, 37708.4, 10539.4
44.816, 37709, 10539.3
44.817, 37709.6, 10539.3
44.818, 37710.3, 10539.2
44.819, 37710.9, 10539.2
44.82, 37711.5, 10539.2
44.821, 37712.1, 10539.1
44.822, 37712.8, 10539.1
44.823, 37713.4, 10539
44.824, 37714, 10539
44.825, 37714.6, 10539
44.826, 37715.2, 10538.9
44.827, 37715.9, 10538.9
44.828, 37716.5, 10538.8
44.829, 37717.1, 10538.8
44.83, 37717.7, 10538.8
44.831, 37718.3, 10538.7
44.832, 37719, 10538.7
44.833, 37719.6, 10538.7
44.834, 37720.2, 10538.6
44.835, 37720.8, 10538.6
44.836, 37721.4, 10538.5
44.837, 37722.1, 10538.5
44.838, 37722.7, 10538.5
44.839, 37723.3, 10538.4
44.84, 37723.9, 10538.4
44.841, 37724.5, 10538.3
44.842, 37725.2, 10538.3
44.843, 37725.8, 10538.3
44.844, 37726.4, 10538.2
44.845, 37727, 10538.2
44.846, 37727.7, 10538.1
44.847, 37728.3, 10538.1
44.848, 37728.9, 10538.1
44.849, 37729.5, 10538
44.85, 37730.1, 10538
44.851, 37730.8, 10537.9
44.852, 37731.4, 10537.9
44.853, 37732, 10537.9
44.854, 37732.6, 10537.8
44.855, 37733.2, 10537.8
44.856, 37733.9, 10537.8
44.857, 37734.5, 10537.7
44.858, 37735.1, 10537.7
44.859, 37735.7, 10537.6
44.86, 37736.3, 10537.6
44.861, 37737, 10537.6
44.862, 37737.6, 10537.5
44.863, 37738.2, 10537.5
44.864, 37738.8, 10537.4
44.865, 37739.4, 10537.4
44.866, 37740.1, 10537.4
44.867, 37740.7, 10537.3
44.868, 37741.3, 10537.3
44.869, 37741.9, 10537.2
44.87, 37742.5, 10537.2
44.871, 37743.2, 10537.2
44.872, 37743.8, 10537.1
44.873, 37744.4, 10537.1
44.874, 37745, 10537
44.875, 37745.6, 10537
44.876, 37746.3, 10537
44.877, 37746.9, 10536.9
44.878, 37747.5, 10536.9
44.879, 37748.1, 10536.8
44.88, 37748.8, 10536.8
44.881, 37749.4, 10536.8
44.882, 37750, 10536.7
44.883, 37750.6, 10536.7
44.884, 37751.2, 10536.6
44.885, 37751.9, 10536.6
44.886, 37752.5, 10536.6
44.887, 37753.1, 10536.5
44.888, 37753.7, 10536.5
44.889, 37754.3, 10536.4
44.89, 37755, 10536.4
44.891, 37755.6, 10536.4
44.892, 37756.2, 10536.3
44.893, 37756.8, 10536.3
44.894, 37757.4, 10536.3
44.895, 37758.1, 10536.2
44.896, 37758.7, 10536.2
44.897, 37759.3, 10536.1
44.898, 37759.9, 10536.1
44.899, 37760.5, 10536.1
44.9, 37761.2, 10536
44.901, 37761.8, 10536
44.902, 37762.4, 10535.9
44.903, 37763, 10535.9
44.904, 37763.6, 10535.9
44.905, 37764.3, 10535.8
44.906, 37764.9, 10535.8
44.907, 37765.5, 10535.7
44.908, 37766.1, 10535.7
44.909, 37766.7, 10535.7
44.91, 37767.4, 10535.6
44.911, 37768, 10535.6
44.912, 37768.6, 10535.5
44.913, 37769.2, 10535.5
44.914, 37769.8, 10535.5
44.915, 37770.5, 10535.4
44.916, 37771.1, 10535.4
44.917, 37771.7, 10535.3
44.918, 37772.3, 10535.3
44.919, 37772.9, 10535.3
44.92, 37773.6, 10535.2
44.921, 37774.2, 10535.2
44.922, 37774.8, 10535.1
44.923, 37775.4, 10535.1
44.924, 37776.1, 10535.1
44.925, 37776.7, 10535
44.926, 37777.3, 10535
44.927, 37777.9, 10534.9
44.928, 37778.5, 10534.9
44.929, 37779.2, 10534.9
44.93, 37779.8, 10534.8
44.931, 37780.4, 10534.8
44.932, 37781, 10534.7
44.933, 37781.6, 10534.7
44.934, 37782.3, 10534.7
44.935, 37782.9, 10534.6
44.936, 37783.5, 10534.6
44.937, 37784.1, 10534.5
44.938, 37784.7, 10534.5
44.939, 37785.4, 10534.5
44.94, 37786, 10534.4
44.941, 37786.6, 10534.4
44.942, 37787.2, 10534.3
44.943, 37787.8, 10534.3
44.944, 37788.5, 10534.3
44.945, 37789.1, 10534.2
44.946, 37789.7, 10534.2
44.947, 37790.3, 10534.1
44.948, 37790.9, 10534.1
44.949, 37791.6, 10534.1
44.95, 37792.2, 10534
44.951, 37792.8, 10534
44.952, 37793.4, 10533.9
44.953, 37794, 10533.9
44.954, 37794.7, 10533.9
44.955, 37795.3, 10533.8
44.956, 37795.9, 10533.8
44.957, 37796.5, 10533.7
44.958, 37797.1, 10533.7
44.959, 37797.8, 10533.7
44.96, 37798.4, 10533.6
44.961, 37799, 10533.6
44.962, 37799.6, 10533.5
44.963, 37800.2, 10533.5
44.964, 37800.9, 10533.5
44.965, 37801.5, 10533.4
44.966, 37802.1, 10533.4
44.967, 37802.7, 10533.3
44.968, 37803.3, 10533.3
44.969, 37804, 10533.2
44.97, 37804.6, 10533.2
44.971, 37805.2, 10533.2
44.972, 37805.8, 10533.1
44.973, 37806.4, 10533.1
44.974, 37807.1, 10533
44.975, 37807.7, 10533
44.976, 37808.3, 10533
44.977, 37808.9, 10532.9
44.978, 37809.5, 10532.9
44.979, 37810.2, 10532.8
44.98, 37810.8, 10532.8
44.981, 37811.4, 10532.8
44.982, 37812, 10532.7
44.983, 37812.6, 10532.7
44.984, 37813.3, 10532.6
44.985, 37813.9, 10532.6
44.986, 37814.5, 10532.6
44.987, 37815.1, 10532.5
44.988, 37815.7, 10532.5
44.989, 37816.4, 10532.4
44.99, 37817, 10532.4
44.991, 37817.6, 10532.4
44.992, 37818.2, 10532.3
44.993, 37818.8, 10532.3
44.994, 37819.5, 10532.2
44.995, 37820.1, 10532.2
44.996, 37820.7, 10532.2
44.997, 37821.3, 10532.1
44.998, 37821.9, 10532.1
44.999, 37822.6, 10532
45, 37823.2, 10532
45.001, 37823.8, 10532
45.002, 37824.4, 10531.9
45.003, 37825, 10531.9
45.004, 37825.7, 10531.8
45.005, 37826.3, 10531.8
45.006, 37826.9, 10531.7
45.007, 37827.5, 10531.7
45.008, 37828.1, 10531.7
45.009, 37828.8, 10531.6
45.01, 37829.4, 10531.6
45.011, 37830, 10531.5
45.012, 37830.6, 10531.5
45.013, 37831.2, 10531.5
45.014, 37831.9, 10531.4
45.015, 37832.5, 10531.4
45.016, 37833.1, 10531.3
45.017, 37833.7, 10531.3
45.018, 37834.3, 10531.3
45.019, 37835, 10531.2
45.02, 37835.6, 10531.2
45.021, 37836.2, 10531.1
45.022, 37836.8, 10531.1
45.023, 37837.4, 10531.1
45.024, 37838.1, 10531
45.025, 37838.7, 10531
45.026, 37839.3, 10530.9
45.027, 37839.9, 10530.9
45.028, 37840.5, 10530.8
45.029, 37841.2, 10530.8
45.03, 37841.8, 10530.8
45.031, 37842.4, 10530.7
45.032, 37843, 10530.7
45.033, 37843.6, 10530.6
45.034, 37844.3, 10530.6
45.035, 37844.9, 10530.6
45.036, 37845.5, 10530.5
45.037, 37846.1, 10530.5
45.038, 37846.7, 10530.4
45.039, 37847.4, 10530.4
45.04, 37848, 10530.4
45.041, 37848.6, 10530.3
45.042, 37849.2, 10530.3
45.043, 37849.8, 10530.2
45.044, 37850.4, 10530.2
45.045, 37851.1, 10530.1
45.046, 37851.7, 10530.1
45.047, 37852.3, 10530.1
45.048, 37852.9, 10530
45.049, 37853.5, 10530
45.05, 37854.2, 10529.9
45.051, 37854.8, 10529.9
45.052, 37855.4, 10529.9
45.053, 37856, 10529.8
45.054, 37856.6, 10529.8
45.055, 37857.3, 10529.7
45.056, 37857.9, 10529.7
45.057, 37858.5, 10529.7
45.058, 37859.1, 10529.6
45.059, 37859.7, 10529.6
45.06, 37860.4, 10529.5
45.061, 37861, 10529.5
45.062, 37861.6, 10529.4
45.063, 37862.2, 10529.4
45.064, 37862.8, 10529.4
45.065, 37863.5, 10529.3
45.066, 37864.1, 10529.3
45.067, 37864.7, 10529.2
45.068, 37865.3, 10529.2
45.069, 37865.9, 10529.2
45.07, 37866.6, 10529.1
45.071, 37867.2, 10529.1
45.072, 37867.8, 10529
45.073, 37868.4, 10529
45.074, 37869, 10529
45.075, 37869.7, 10528.9
45.076, 37870.3, 10528.9
45.077, 37870.9, 10528.8
45.078, 37871.5, 10528.8
45.079, 37872.1, 10528.7
45.08, 37872.8, 10528.7
45.081, 37873.4, 10528.7
45.082, 37874, 10528.6
45.083, 37874.6, 10528.6
45.084, 37875.2, 10528.5
45.085, 37875.9, 10528.5
45.086, 37876.5, 10528.5
45.087, 37877.1, 10528.4
45.088, 37877.7, 10528.4
45.089, 37878.3, 10528.3
45.09, 37879, 10528.3
45.091, 37879.6, 10528.2
45.092, 37880.2, 10528.2
45.093, 37880.8, 10528.2
45.094, 37881.4, 10528.1
45.095, 37882, 10528.1
45.096, 37882.7, 10528
45.097, 37883.3, 10528
45.098, 37883.9, 10528
45.099, 37884.5, 10527.9
45.1, 37885.1, 10527.9
45.101, 37885.8, 10527.8
45.102, 37886.4, 10527.8
45.103, 37887, 10527.7
45.104, 37887.6, 10527.7
45.105, 37888.2, 10527.7
45.106, 37888.9, 10527.6
45.107, 37889.5, 10527.6
45.108, 37890.1, 10527.5
45.109, 37890.7, 10527.5
45.11, 37891.3, 10527.5
45.111, 37892, 10527.4
45.112, 37892.6, 10527.4
45.113, 37893.2, 10527.3
45.114, 37893.8, 10527.3
45.115, 37894.4, 10527.2
45.116, 37895.1, 10527.2
45.117, 37895.7, 10527.2
45.118, 37896.3, 10527.1
45.119, 37896.9, 10527.1
45.12, 37897.5, 10527
45.121, 37898.2, 10527
45.122, 37898.8, 10526.9
45.123, 37899.4, 10526.9
45.124, 37900, 10526.9
45.125, 37900.6, 10526.8
45.126, 37901.2, 10526.8
45.127, 37901.9, 10526.7
45.128, 37902.5, 10526.7
45.129, 37903.1, 10526.7
45.13, 37903.7, 10526.6
45.131, 37904.3, 10526.6
45.132, 37905, 10526.5
45.133, 37905.6, 10526.5
45.134, 37906.2, 10526.4
45.135, 37906.8, 10526.4
45.136, 37907.4, 10526.4
45.137, 37908.1, 10526.3
45.138, 37908.7, 10526.3
45.139, 37909.3, 10526.2
45.14, 37909.9, 10526.2
45.141, 37910.5, 10526.2
45.142, 37911.2, 10526.1
45.143, 37911.8, 10526.1
45.144, 37912.4, 10526
45.145, 37913, 10526
45.146, 37913.6, 10525.9
45.147, 37914.3, 10525.9
45.148, 37914.9, 10525.9
45.149, 37915.5, 10525.8
45.15, 37916.1, 10525.8
45.151, 37916.7, 10525.7
45.152, 37917.3, 10525.7
45.153, 37918, 10525.6
45.154, 37918.6, 10525.6
45.155, 37919.2, 10525.6
45.156, 37919.8, 10525.5
45.157, 37920.4, 10525.5
45.158, 37921.1, 10525.4
45.159, 37921.7, 10525.4
45.16, 37922.3, 10525.3
45.161, 37922.9, 10525.3
45.162, 37923.5, 10525.3
45.163, 37924.2, 10525.2
45.164, 37924.8, 10525.2
45.165, 37925.4, 10525.1
45.166, 37926, 10525.1
45.167, 37926.6, 10525.1
45.168, 37927.3, 10525
45.169, 37927.9, 10525
45.17, 37928.5, 10524.9
45.171, 37929.1, 10524.9
45.172, 37929.7, 10524.8
45.173, 37930.3, 10524.8
45.174, 37931, 10524.8
45.175, 37931.6, 10524.7
45.176, 37932.2, 10524.7
45.177, 37932.8, 10524.6
45.178, 37933.4, 10524.6
45.179, 37934.1, 10524.5
45.18, 37934.7, 10524.5
45.181, 37935.3, 10524.5
45.182, 37935.9, 10524.4
45.183, 37936.5, 10524.4
45.184, 37937.2, 10524.3
45.185, 37937.8, 10524.3
45.186, 37938.4, 10524.2
45.187, 37939, 10524.2
45.188, 37939.6, 10524.2
45.189, 37940.3, 10524.1
45.19, 37940.9, 10524.1
45.191, 37941.5, 10524
45.192, 37942.1, 10524
45.193, 37942.7, 10523.9
45.194, 37943.3, 10523.9
45.195, 37944, 10523.9
45.196, 37944.6, 10523.8
45.197, 37945.2, 10523.8
45.198, 37945.8, 10523.7
45.199, 37946.4, 10523.7
45.2, 37947.1, 10523.6
45.201, 37947.7, 10523.6
45.202, 37948.3, 10523.6
45.203, 37948.9, 10523.5
45.204, 37949.5, 10523.5
45.205, 37950.2, 10523.4
45.206, 37950.8, 10523.4
45.207, 37951.4, 10523.3
45.208, 37952, 10523.3
45.209, 37952.6, 10523.3
45.21, 37953.2, 10523.2
45.211, 37953.9, 10523.2
45.212, 37954.5, 10523.1
45.213, 37955.1, 10523.1
45.214, 37955.7, 10523
45.215, 37956.3, 10523
45.216, 37957, 10523
45.217, 37957.6, 10522.9
45.218, 37958.2, 10522.9
45.219, 37958.8, 10522.8
45.22, 37959.4, 10522.8
45.221, 37960.1, 10522.7
45.222, 37960.7, 10522.7
45.223, 37961.3, 10522.7
45.224, 37961.9, 10522.6
45.225, 37962.5, 10522.6
45.226, 37963.1, 10522.5
45.227, 37963.8, 10522.5
45.228, 37964.4, 10522.4
45.229, 37965, 10522.4
45.23, 37965.6, 10522.4
45.231, 37966.2, 10522.3
45.232, 37966.9, 10522.3
45.233, 37967.5, 10522.2
45.234, 37968.1, 10522.2
45.235, 37968.7, 10522.1
45.236, 37969.3, 10522.1
45.237, 37970, 10522.1
45.238, 37970.6, 10522
45.239, 37971.2, 10522
45.24, 37971.8, 10521.9
45.241, 37972.4, 10521.9
45.242, 37973, 10521.8
45.243, 37973.7, 10521.8
45.244, 37974.3, 10521.8
45.245, 37974.9, 10521.7
45.246, 37975.5, 10521.7
45.247, 37976.1, 10521.6
45.248, 37976.8, 10521.6
45.249, 37977.4, 10521.5
45.25, 37978, 10521.5
45.251, 37978.6, 10521.5
45.252, 37979.2, 10521.4
45.253, 37979.9, 10521.4
45.254, 37980.5, 10521.3
45.255, 37981.1, 10521.3
45.256, 37981.7, 10521.2
45.257, 37982.3, 10521.2
45.258, 37982.9, 10521.1
45.259, 37983.6, 10521.1
45.26, 37984.2, 10521.1
45.261, 37984.8, 10521
45.262, 37985.4, 10521
45.263, 37986, 10520.9
45.264, 37986.7, 10520.9
45.265, 37987.3, 10520.8
45.266, 37987.9, 10520.8
45.267, 37988.5, 10520.8
45.268, 37989.1, 10520.7
45.269, 37989.7, 10520.7
45.27, 37990.4, 10520.6
45.271, 37991, 10520.6
45.272, 37991.6, 10520.5
45.273, 37992.2, 10520.5
45.274, 37992.8, 10520.5
45.275, 37993.5, 10520.4
45.276, 37994.1, 10520.4
45.277, 37994.7, 10520.3
45.278, 37995.3, 10520.3
45.279, 37995.9, 10520.2
45.28, 37996.6, 10520.2
45.281, 37997.2, 10520.2
45.282, 37997.8, 10520.1
45.283, 37998.4, 10520.1
45.284, 37999, 10520
45.285, 37999.6, 10520
45.286, 38000.3, 10519.9
45.287, 38000.9, 10519.9
45.288, 38001.5, 10519.8
45.289, 38002.1, 10519.8
45.29, 38002.7, 10519.8
45.291, 38003.4, 10519.7
45.292, 38004, 10519.7
45.293, 38004.6, 10519.6
45.294, 38005.2, 10519.6
45.295, 38005.8, 10519.5
45.296, 38006.4, 10519.5
45.297, 38007.1, 10519.5
45.298, 38007.7, 10519.4
45.299, 38008.3, 10519.4
45.3, 38008.9, 10519.3
45.301, 38009.5, 10519.3
45.302, 38010.2, 10519.2
45.303, 38010.8, 10519.2
45.304, 38011.4, 10519.1
45.305, 38012, 10519.1
45.306, 38012.6, 10519.1
45.307, 38013.3, 10519
45.308, 38013.9, 10519
45.309, 38014.5, 10518.9
45.31, 38015.1, 10518.9
45.311, 38015.7, 10518.8
45.312, 38016.3, 10518.8
45.313, 38017, 10518.8
45.314, 38017.6, 10518.7
45.315, 38018.2, 10518.7
45.316, 38018.8, 10518.6
45.317, 38019.4, 10518.6
45.318, 38020.1, 10518.5
45.319, 38020.7, 10518.5
45.32, 38021.3, 10518.4
45.321, 38021.9, 10518.4
45.322, 38022.5, 10518.4
45.323, 38023.1, 10518.3
45.324, 38023.8, 10518.3
45.325, 38024.4, 10518.2
45.326, 38025, 10518.2
45.327, 38025.6, 10518.1
45.328, 38026.2, 10518.1
45.329, 38026.9, 10518
45.33, 38027.5, 10518
45.331, 38028.1, 10518
45.332, 38028.7, 10517.9
45.333, 38029.3, 10517.9
45.334, 38029.9, 10517.8
45.335, 38030.6, 10517.8
45.336, 38031.2, 10517.7
45.337, 38031.8, 10517.7
45.338, 38032.4, 10517.7
45.339, 38033, 10517.6
45.34, 38033.7, 10517.6
45.341, 38034.3, 10517.5
45.342, 38034.9, 10517.5
45.343, 38035.5, 10517.4
45.344, 38036.1, 10517.4
45.345, 38036.7, 10517.3
45.346, 38037.4, 10517.3
45.347, 38038, 10517.3
45.348, 38038.6, 10517.2
45.349, 38039.2, 10517.2
45.35, 38039.8, 10517.1
45.351, 38040.5, 10517.1
45.352, 38041.1, 10517
45.353, 38041.7, 10517
45.354, 38042.3, 10516.9
45.355, 38042.9, 10516.9
45.356, 38043.5, 10516.9
45.357, 38044.2, 10516.8
45.358, 38044.8, 10516.8
45.359, 38045.4, 10516.7
45.36, 38046, 10516.7
45.361, 38046.6, 10516.6
45.362, 38047.3, 10516.6
45.363, 38047.9, 10516.5
45.364, 38048.5, 10516.5
45.365, 38049.1, 10516.5
45.366, 38049.7, 10516.4
45.367, 38050.3, 10516.4
45.368, 38051, 10516.3
45.369, 38051.6, 10516.3
45.37, 38052.2, 10516.2
45.371, 38052.8, 10516.2
45.372, 38053.4, 10516.1
45.373, 38054, 10516.1
45.374, 38054.7, 10516.1
45.375, 38055.3, 10516
45.376, 38055.9, 10516
45.377, 38056.5, 10515.9
45.378, 38057.1, 10515.9
45.379, 38057.8, 10515.8
45.38, 38058.4, 10515.8
45.381, 38059, 10515.7
45.382, 38059.6, 10515.7
45.383, 38060.2, 10515.7
45.384, 38060.8, 10515.6
45.385, 38061.5, 10515.6
45.386, 38062.1, 10515.5
45.387, 38062.7, 10515.5
45.388, 38063.3, 10515.4
45.389, 38063.9, 10515.4
45.39, 38064.6, 10515.3
45.391, 38065.2, 10515.3
45.392, 38065.8, 10515.3
45.393, 38066.4, 10515.2
45.394, 38067, 10515.2
45.395, 38067.6, 10515.1
45.396, 38068.3, 10515.1
45.397, 38068.9, 10515
45.398, 38069.5, 10515
45.399, 38070.1, 10514.9
45.4, 38070.7, 10514.9
45.401, 38071.4, 10514.8
45.402, 38072, 10514.8
45.403, 38072.6, 10514.8
45.404, 38073.2, 10514.7
45.405, 38073.8, 10514.7
45.406, 38074.4, 10514.6
45.407, 38075.1, 10514.6
45.408, 38075.7, 10514.5
45.409, 38076.3, 10514.5
45.41, 38076.9, 10514.4
45.411, 38077.5, 10514.4
45.412, 38078.1, 10514.4
45.413, 38078.8, 10514.3
45.414, 38079.4, 10514.3
45.415, 38080, 10514.2
45.416, 38080.6, 10514.2
45.417, 38081.2, 10514.1
45.418, 38081.9, 10514.1
45.419, 38082.5, 10514
45.42, 38083.1, 10514
45.421, 38083.7, 10514
45.422, 38084.3, 10513.9
45.423, 38084.9, 10513.9
45.424, 38085.6, 10513.8
45.425, 38086.2, 10513.8
45.426, 38086.8, 10513.7
45.427, 38087.4, 10513.7
45.428, 38088, 10513.6
45.429, 38088.6, 10513.6
45.43, 38089.3, 10513.5
45.431, 38089.9, 10513.5
45.432, 38090.5, 10513.5
45.433, 38091.1, 10513.4
45.434, 38091.7, 10513.4
45.435, 38092.4, 10513.3
45.436, 38093, 10513.3
45.437, 38093.6, 10513.2
45.438, 38094.2, 10513.2
45.439, 38094.8, 10513.1
45.44, 38095.4, 10513.1
45.441, 38096.1, 10513
45.442, 38096.7, 10513
45.443, 38097.3, 10513
45.444, 38097.9, 10512.9
45.445, 38098.5, 10512.9
45.446, 38099.1, 10512.8
45.447, 38099.8, 10512.8
45.448, 38100.4, 10512.7
45.449, 38101, 10512.7
45.45, 38101.6, 10512.6
45.451, 38102.2, 10512.6
45.452, 38102.9, 10512.6
45.453, 38103.5, 10512.5
45.454, 38104.1, 10512.5
45.455, 38104.7, 10512.4
45.456, 38105.3, 10512.4
45.457, 38105.9, 10512.3
45.458, 38106.6, 10512.3
45.459, 38107.2, 10512.2
45.46, 38107.8, 10512.2
45.461, 38108.4, 10512.1
45.462, 38109, 10512.1
45.463, 38109.6, 10512.1
45.464, 38110.3, 10512
45.465, 38110.9, 10512
45.466, 38111.5, 10511.9
45.467, 38112.1, 10511.9
45.468, 38112.7, 10511.8
45.469, 38113.4, 10511.8
45.47, 38114, 10511.7
45.471, 38114.6, 10511.7
45.472, 38115.2, 10511.6
45.473, 38115.8, 10511.6
45.474, 38116.4, 10511.6
45.475, 38117.1, 10511.5
45.476, 38117.7, 10511.5
45.477, 38118.3, 10511.4
45.478, 38118.9, 10511.4
45.479, 38119.5, 10511.3
45.48, 38120.1, 10511.3
45.481, 38120.8, 10511.2
45.482, 38121.4, 10511.2
45.483, 38122, 10511.1
45.484, 38122.6, 10511.1
45.485, 38123.2, 10511.1
45.486, 38123.9, 10511
45.487, 38124.5, 10511
45.488, 38125.1, 10510.9
45.489, 38125.7, 10510.9
45.49, 38126.3, 10510.8
45.491, 38126.9, 10510.8
45.492, 38127.6, 10510.7
45.493, 38128.2, 10510.7
45.494, 38128.8, 10510.6
45.495, 38129.4, 10510.6
45.496, 38130, 10510.5
45.497, 38130.6, 10510.5
45.498, 38131.3, 10510.5
45.499, 38131.9, 10510.4
45.5, 38132.5, 10510.4
45.501, 38133.1, 10510.3
45.502, 38133.7, 10510.3
45.503, 38134.3, 10510.2
45.504, 38135, 10510.2
45.505, 38135.6, 10510.1
45.506, 38136.2, 10510.1
45.507, 38136.8, 10510
45.508, 38137.4, 10510
45.509, 38138, 10510
45.51, 38138.7, 10509.9
45.511, 38139.3, 10509.9
45.512, 38139.9, 10509.8
45.513, 38140.5, 10509.8
45.514, 38141.1, 10509.7
45.515, 38141.8, 10509.7
45.516, 38142.4, 10509.6
45.517, 38143, 10509.6
45.518, 38143.6, 10509.5
45.519, 38144.2, 10509.5
45.52, 38144.8, 10509.4
45.521, 38145.5, 10509.4
45.522, 38146.1, 10509.4
45.523, 38146.7, 10509.3
45.524, 38147.3, 10509.3
45.525, 38147.9, 10509.2
45.526, 38148.5, 10509.2
45.527, 38149.2, 10509.1
45.528, 38149.8, 10509.1
45.529, 38150.4, 10509
45.53, 38151, 10509
45.531, 38151.6, 10508.9
45.532, 38152.2, 10508.9
45.533, 38152.9, 10508.8
45.534, 38153.5, 10508.8
45.535, 38154.1, 10508.8
45.536, 38154.7, 10508.7
45.537, 38155.3, 10508.7
45.538, 38155.9, 10508.6
45.539, 38156.6, 10508.6
45.54, 38157.2, 10508.5
45.541, 38157.8, 10508.5
45.542, 38158.4, 10508.4
45.543, 38159, 10508.4
45.544, 38159.7, 10508.3
45.545, 38160.3, 10508.3
45.546, 38160.9, 10508.2
45.547, 38161.5, 10508.2
45.548, 38162.1, 10508.2
45.549, 38162.7, 10508.1
45.55, 38163.4, 10508.1
45.551, 38164, 10508
45.552, 38164.6, 10508
45.553, 38165.2, 10507.9
45.554, 38165.8, 10507.9
45.555, 38166.4, 10507.8
45.556, 38167.1, 10507.8
45.557, 38167.7, 10507.7
45.558, 38168.3, 10507.7
45.559, 38168.9, 10507.6
45.56, 38169.5, 10507.6
45.561, 38170.1, 10507.6
45.562, 38170.8, 10507.5
45.563, 38171.4, 10507.5
45.564, 38172, 10507.4
45.565, 38172.6, 10507.4
45.566, 38173.2, 10507.3
45.567, 38173.8, 10507.3
45.568, 38174.5, 10507.2
45.569, 38175.1, 10507.2
45.57, 38175.7, 10507.1
45.571, 38176.3, 10507.1
45.572, 38176.9, 10507
45.573, 38177.5, 10507
45.574, 38178.2, 10506.9
45.575, 38178.8, 10506.9
45.576, 38179.4, 10506.9
45.577, 38180, 10506.8
45.578, 38180.6, 10506.8
45.579, 38181.2, 10506.7
45.58, 38181.9, 10506.7
45.581, 38182.5, 10506.6
45.582, 38183.1, 10506.6
45.583, 38183.7, 10506.5
45.584, 38184.3, 10506.5
45.585, 38185, 10506.4
45.586, 38185.6, 10506.4
45.587, 38186.2, 10506.3
45.588, 38186.8, 10506.3
45.589, 38187.4, 10506.2
45.59, 38188, 10506.2
45.591, 38188.7, 10506.2
45.592, 38189.3, 10506.1
45.593, 38189.9, 10506.1
45.594, 38190.5, 10506
45.595, 38191.1, 10506
45.596, 38191.7, 10505.9
45.597, 38192.4, 10505.9
45.598, 38193, 10505.8
45.599, 38193.6, 10505.8
45.6, 38194.2, 10505.7
45.601, 38194.8, 10505.7
45.602, 38195.4, 10505.6
45.603, 38196.1, 10505.6
45.604, 38196.7, 10505.5
45.605, 38197.3, 10505.5
45.606, 38197.9, 10505.5
45.607, 38198.5, 10505.4
45.608, 38199.1, 10505.4
45.609, 38199.8, 10505.3
45.61, 38200.4, 10505.3
45.611, 38201, 10505.2
45.612, 38201.6, 10505.2
45.613, 38202.2, 10505.1
45.614, 38202.8, 10505.1
45.615, 38203.5, 10505
45.616, 38204.1, 10505
45.617, 38204.7, 10504.9
45.618, 38205.3, 10504.9
45.619, 38205.9, 10504.8
45.62, 38206.5, 10504.8
45.621, 38207.2, 10504.7
45.622, 38207.8, 10504.7
45.623, 38208.4, 10504.7
45.624, 38209, 10504.6
45.625, 38209.6, 10504.6
45.626, 38210.2, 10504.5
45.627, 38210.9, 10504.5
45.628, 38211.5, 10504.4
45.629, 38212.1, 10504.4
45.63, 38212.7, 10504.3
45.631, 38213.3, 10504.3
45.632, 38213.9, 10504.2
45.633, 38214.6, 10504.2
45.634, 38215.2, 10504.1
45.635, 38215.8, 10504.1
45.636, 38216.4, 10504
45.637, 38217, 10504
45.638, 38217.6, 10503.9
45.639, 38218.3, 10503.9
45.64, 38218.9, 10503.9
45.641, 38219.5, 10503.8
45.642, 38220.1, 10503.8
45.643, 38220.7, 10503.7
45.644, 38221.3, 10503.7
45.645, 38222, 10503.6
45.646, 38222.6, 10503.6
45.647, 38223.2, 10503.5
45.648, 38223.8, 10503.5
45.649, 38224.4, 10503.4
45.65, 38225, 10503.4
45.651, 38225.7, 10503.3
45.652, 38226.3, 10503.3
45.653, 38226.9, 10503.2
45.654, 38227.5, 10503.2
45.655, 38228.1, 10503.1
45.656, 38228.7, 10503.1
45.657, 38229.4, 10503
45.658, 38230, 10503
45.659, 38230.6, 10503
45.66, 38231.2, 10502.9
45.661, 38231.8, 10502.9
45.662, 38232.4, 10502.8
45.663, 38233.1, 10502.8
45.664, 38233.7, 10502.7
45.665, 38234.3, 10502.7
45.666, 38234.9, 10502.6
45.667, 38235.5, 10502.6
45.668, 38236.1, 10502.5
45.669, 38236.8, 10502.5
45.67, 38237.4, 10502.4
45.671, 38238, 10502.4
45.672, 38238.6, 10502.3
45.673, 38239.2, 10502.3
45.674, 38239.8, 10502.2
45.675, 38240.5, 10502.2
45.676, 38241.1, 10502.1
45.677, 38241.7, 10502.1
45.678, 38242.3, 10502.1
45.679, 38242.9, 10502
45.68, 38243.5, 10502
45.681, 38244.2, 10501.9
45.682, 38244.8, 10501.9
45.683, 38245.4, 10501.8
45.684, 38246, 10501.8
45.685, 38246.6, 10501.7
45.686, 38247.2, 10501.7
45.687, 38247.8, 10501.6
45.688, 38248.5, 10501.6
45.689, 38249.1, 10501.5
45.69, 38249.7, 10501.5
45.691, 38250.3, 10501.4
45.692, 38250.9, 10501.4
45.693, 38251.5, 10501.3
45.694, 38252.2, 10501.3
45.695, 38252.8, 10501.2
45.696, 38253.4, 10501.2
45.697, 38254, 10501.1
45.698, 38254.6, 10501.1
45.699, 38255.2, 10501
45.7, 38255.9, 10501
45.701, 38256.5, 10501
45.702, 38257.1, 10500.9
45.703, 38257.7, 10500.9
45.704, 38258.3, 10500.8
45.705, 38258.9, 10500.8
45.706, 38259.6, 10500.7
45.707, 38260.2, 10500.7
45.708, 38260.8, 10500.6
45.709, 38261.4, 10500.6
45.71, 38262, 10500.5
45.711, 38262.6, 10500.5
45.712, 38263.3, 10500.4
45.713, 38263.9, 10500.4
45.714, 38264.5, 10500.3
45.715, 38265.1, 10500.3
45.716, 38265.7, 10500.2
45.717, 38266.3, 10500.2
45.718, 38267, 10500.1
45.719, 38267.6, 10500.1
45.72, 38268.2, 10500
45.721, 38268.8, 10500
45.722, 38269.4, 10499.9
45.723, 38270, 10499.9
45.724, 38270.7, 10499.8
45.725, 38271.3, 10499.8
45.726, 38271.9, 10499.8
45.727, 38272.5, 10499.7
45.728, 38273.1, 10499.7
45.729, 38273.7, 10499.6
45.73, 38274.3, 10499.6
45.731, 38275, 10499.5
45.732, 38275.6, 10499.5
45.733, 38276.2, 10499.4
45.734, 38276.8, 10499.4
45.735, 38277.4, 10499.3
45.736, 38278, 10499.3
45.737, 38278.7, 10499.2
45.738, 38279.3, 10499.2
45.739, 38279.9, 10499.1
45.74, 38280.5, 10499.1
45.741, 38281.1, 10499
45.742, 38281.7, 10499
45.743, 38282.4, 10498.9
45.744, 38283, 10498.9
45.745, 38283.6, 10498.8
45.746, 38284.2, 10498.8
45.747, 38284.8, 10498.7
45.748, 38285.4, 10498.7
45.749, 38286.1, 10498.6
45.75, 38286.7, 10498.6
45.751, 38287.3, 10498.5
45.752, 38287.9, 10498.5
45.753, 38288.5, 10498.5
45.754, 38289.1, 10498.4
45.755, 38289.8, 10498.4
45.756, 38290.4, 10498.3
45.757, 38291, 10498.3
45.758, 38291.6, 10498.2
45.759, 38292.2, 10498.2
45.76, 38292.8, 10498.1
45.761, 38293.4, 10498.1
45.762, 38294.1, 10498
45.763, 38294.7, 10498
45.764, 38295.3, 10497.9
45.765, 38295.9, 10497.9
45.766, 38296.5, 10497.8
45.767, 38297.1, 10497.8
45.768, 38297.8, 10497.7
45.769, 38298.4, 10497.7
45.77, 38299, 10497.6
45.771, 38299.6, 10497.6
45.772, 38300.2, 10497.5
45.773, 38300.8, 10497.5
45.774, 38301.5, 10497.4
45.775, 38302.1, 10497.4
45.776, 38302.7, 10497.3
45.777, 38303.3, 10497.3
45.778, 38303.9, 10497.2
45.779, 38304.5, 10497.2
45.78, 38305.2, 10497.1
45.781, 38305.8, 10497.1
45.782, 38306.4, 10497
45.783, 38307, 10497
45.784, 38307.6, 10496.9
45.785, 38308.2, 10496.9
45.786, 38308.8, 10496.8
45.787, 38309.5, 10496.8
45.788, 38310.1, 10496.8
45.789, 38310.7, 10496.7
45.79, 38311.3, 10496.7
45.791, 38311.9, 10496.6
45.792, 38312.5, 10496.6
45.793, 38313.2, 10496.5
45.794, 38313.8, 10496.5
45.795, 38314.4, 10496.4
45.796, 38315, 10496.4
45.797, 38315.6, 10496.3
45.798, 38316.2, 10496.3
45.799, 38316.9, 10496.2
45.8, 38317.5, 10496.2
45.801, 38318.1, 10496.1
45.802, 38318.7, 10496.1
45.803, 38319.3, 10496
45.804, 38319.9, 10496
45.805, 38320.5, 10495.9
45.806, 38321.2, 10495.9
45.807, 38321.8, 10495.8
45.808, 38322.4, 10495.8
45.809, 38323, 10495.7
45.81, 38323.6, 10495.7
45.811, 38324.2, 10495.6
45.812, 38324.9, 10495.6
45.813, 38325.5, 10495.5
45.814, 38326.1, 10495.5
45.815, 38326.7, 10495.4
45.816, 38327.3, 10495.4
45.817, 38327.9, 10495.3
45.818, 38328.6, 10495.3
45.819, 38329.2, 10495.2
45.82, 38329.8, 10495.2
45.821, 38330.4, 10495.1
45.822, 38331, 10495.1
45.823, 38331.6, 10495
45.824, 38332.2, 10495
45.825, 38332.9, 10494.9
45.826, 38333.5, 10494.9
45.827, 38334.1, 10494.8
45.828, 38334.7, 10494.8
45.829, 38335.3, 10494.7
45.83, 38335.9, 10494.7
45.831, 38336.6, 10494.6
45.832, 38337.2, 10494.6
45.833, 38337.8, 10494.5
45.834, 38338.4, 10494.5
45.835, 38339, 10494.4
45.836, 38339.6, 10494.4
45.837, 38340.3, 10494.4
45.838, 38340.9, 10494.3
45.839, 38341.5, 10494.3
45.84, 38342.1, 10494.2
45.841, 38342.7, 10494.2
45.842, 38343.3, 10494.1
45.843, 38343.9, 10494.1
45.844, 38344.6, 10494
45.845, 38345.2, 10494
45.846, 38345.8, 10493.9
45.847, 38346.4, 10493.9
45.848, 38347, 10493.8
45.849, 38347.6, 10493.8
45.85, 38348.3, 10493.7
45.851, 38348.9, 10493.7
45.852, 38349.5, 10493.6
45.853, 38350.1, 10493.6
45.854, 38350.7, 10493.5
45.855, 38351.3, 10493.5
45.856, 38351.9, 10493.4
45.857, 38352.6, 10493.4
45.858, 38353.2, 10493.3
45.859, 38353.8, 10493.3
45.86, 38354.4, 10493.2
45.861, 38355, 10493.2
45.862, 38355.6, 10493.1
45.863, 38356.3, 10493.1
45.864, 38356.9, 10493
45.865, 38357.5, 10493
45.866, 38358.1, 10492.9
45.867, 38358.7, 10492.9
45.868, 38359.3, 10492.8
45.869, 38359.9, 10492.8
45.87, 38360.6, 10492.7
45.871, 38361.2, 10492.7
45.872, 38361.8, 10492.6
45.873, 38362.4, 10492.6
45.874, 38363, 10492.5
45.875, 38363.6, 10492.5
45.876, 38364.3, 10492.4
45.877, 38364.9, 10492.4
45.878, 38365.5, 10492.3
45.879, 38366.1, 10492.3
45.88, 38366.7, 10492.2
45.881, 38367.3, 10492.2
45.882, 38367.9, 10492.1
45.883, 38368.6, 10492.1
45.884, 38369.2, 10492
45.885, 38369.8, 10492
45.886, 38370.4, 10491.9
45.887, 38371, 10491.9
45.888, 38371.6, 10491.8
45.889, 38372.3, 10491.8
45.89, 38372.9, 10491.7
45.891, 38373.5, 10491.7
45.892, 38374.1, 10491.6
45.893, 38374.7, 10491.6
45.894, 38375.3, 10491.5
45.895, 38375.9, 10491.5
45.896, 38376.6, 10491.4
45.897, 38377.2, 10491.4
45.898, 38377.8, 10491.3
45.899, 38378.4, 10491.3
45.9, 38379, 10491.2
45.901, 38379.6, 10491.2
45.902, 38380.3, 10491.1
45.903, 38380.9, 10491.1
45.904, 38381.5, 10491
45.905, 38382.1, 10491
45.906, 38382.7, 10490.9
45.907, 38383.3, 10490.9
45.908, 38383.9, 10490.8
45.909, 38384.6, 10490.8
45.91, 38385.2, 10490.7
45.911, 38385.8, 10490.7
45.912, 38386.4, 10490.6
45.913, 38387, 10490.6
45.914, 38387.6, 10490.5
45.915, 38388.3, 10490.5
45.916, 38388.9, 10490.4
45.917, 38389.5, 10490.4
45.918, 38390.1, 10490.3
45.919, 38390.7, 10490.3
45.92, 38391.3, 10490.2
45.921, 38391.9, 10490.2
45.922, 38392.6, 10490.1
45.923, 38393.2, 10490.1
45.924, 38393.8, 10490
45.925, 38394.4, 10490
45.926, 38395, 10489.9
45.927, 38395.6, 10489.9
45.928, 38396.3, 10489.8
45.929, 38396.9, 10489.8
45.93, 38397.5, 10489.7
45.931, 38398.1, 10489.7
45.932, 38398.7, 10489.6
45.933, 38399.3, 10489.6
45.934, 38399.9, 10489.5
45.935, 38400.6, 10489.5
45.936, 38401.2, 10489.4
45.937, 38401.8, 10489.4
45.938, 38402.4, 10489.3
45.939, 38403, 10489.3
45.94, 38403.6, 10489.2
45.941, 38404.2, 10489.2
45.942, 38404.9, 10489.1
45.943, 38405.5, 10489.1
45.944, 38406.1, 10489
45.945, 38406.7, 10489
45.946, 38407.3, 10488.9
45.947, 38407.9, 10488.9
45.948, 38408.6, 10488.8
45.949, 38409.2, 10488.8
45.95, 38409.8, 10488.7
45.951, 38410.4, 10488.7
45.952, 38411, 10488.6
45.953, 38411.6, 10488.6
45.954, 38412.2, 10488.5
45.955, 38412.9, 10488.5
45.956, 38413.5, 10488.4
45.957, 38414.1, 10488.4
45.958, 38414.7, 10488.3
45.959, 38415.3, 10488.3
45.96, 38415.9, 10488.2
45.961, 38416.5, 10488.2
45.962, 38417.2, 10488.1
45.963, 38417.8, 10488.1
45.964, 38418.4, 10488
45.965, 38419, 10488
45.966, 38419.6, 10487.9
45.967, 38420.2, 10487.9
45.968, 38420.9, 10487.8
45.969, 38421.5, 10487.8
45.97, 38422.1, 10487.7
45.971, 38422.7, 10487.7
45.972, 38423.3, 10487.6
45.973, 38423.9, 10487.6
45.974, 38424.5, 10487.5
45.975, 38425.2, 10487.5
45.976, 38425.8, 10487.4
45.977, 38426.4, 10487.4
45.978, 38427, 10487.3
45.979, 38427.6, 10487.3
45.98, 38428.2, 10487.2
45.981, 38428.8, 10487.2
45.982, 38429.5, 10487.1
45.983, 38430.1, 10487.1
45.984, 38430.7, 10487
45.985, 38431.3, 10487
45.986, 38431.9, 10486.9
45.987, 38432.5, 10486.9
45.988, 38433.2, 10486.8
45.989, 38433.8, 10486.7
45.99, 38434.4, 10486.7
45.991, 38435, 10486.6
45.992, 38435.6, 10486.6
45.993, 38436.2, 10486.5
45.994, 38436.8, 10486.5
45.995, 38437.5, 10486.4
45.996, 38438.1, 10486.4
45.997, 38438.7, 10486.3
45.998, 38439.3, 10486.3
45.999, 38439.9, 10486.2
46, 38440.5, 10486.2
46.001, 38441.1, 10486.1
46.002, 38441.8, 10486.1
46.003, 38442.4, 10486
46.004, 38443, 10486
46.005, 38443.6, 10485.9
46.006, 38444.2, 10485.9
46.007, 38444.8, 10485.8
46.008, 38445.4, 10485.8
46.009, 38446.1, 10485.7
46.01, 38446.7, 10485.7
46.011, 38447.3, 10485.6
46.012, 38447.9, 10485.6
46.013, 38448.5, 10485.5
46.014, 38449.1, 10485.5
46.015, 38449.8, 10485.4
46.016, 38450.4, 10485.4
46.017, 38451, 10485.3
46.018, 38451.6, 10485.3
46.019, 38452.2, 10485.2
46.02, 38452.8, 10485.2
46.021, 38453.4, 10485.1
46.022, 38454.1, 10485.1
46.023, 38454.7, 10485
46.024, 38455.3, 10485
46.025, 38455.9, 10484.9
46.026, 38456.5, 10484.9
46.027, 38457.1, 10484.8
46.028, 38457.7, 10484.8
46.029, 38458.4, 10484.7
46.03, 38459, 10484.7
46.031, 38459.6, 10484.6
46.032, 38460.2, 10484.6
46.033, 38460.8, 10484.5
46.034, 38461.4, 10484.5
46.035, 38462, 10484.4
46.036, 38462.7, 10484.4
46.037, 38463.3, 10484.3
46.038, 38463.9, 10484.2
46.039, 38464.5, 10484.2
46.04, 38465.1, 10484.1
46.041, 38465.7, 10484.1
46.042, 38466.3, 10484
46.043, 38467, 10484
46.044, 38467.6, 10483.9
46.045, 38468.2, 10483.9
46.046, 38468.8, 10483.8
46.047, 38469.4, 10483.8
46.048, 38470, 10483.7
46.049, 38470.6, 10483.7
46.05, 38471.3, 10483.6
46.051, 38471.9, 10483.6
46.052, 38472.5, 10483.5
46.053, 38473.1, 10483.5
46.054, 38473.7, 10483.4
46.055, 38474.3, 10483.4
46.056, 38475, 10483.3
46.057, 38475.6, 10483.3
46.058, 38476.2, 10483.2
46.059, 38476.8, 10483.2
46.06, 38477.4, 10483.1
46.061, 38478, 10483.1
46.062, 38478.6, 10483
46.063, 38479.3, 10483
46.064, 38479.9, 10482.9
46.065, 38480.5, 10482.9
46.066, 38481.1, 10482.8
46.067, 38481.7, 10482.8
46.068, 38482.3, 10482.7
46.069, 38482.9, 10482.7
46.07, 38483.6, 10482.6
46.071, 38484.2, 10482.6
46.072, 38484.8, 10482.5
46.073, 38485.4, 10482.4
46.074, 38486, 10482.4
46.075, 38486.6, 10482.3
46.076, 38487.2, 10482.3
46.077, 38487.9, 10482.2
46.078, 38488.5, 10482.2
46.079, 38489.1, 10482.1
46.08, 38489.7, 10482.1
46.081, 38490.3, 10482
46.082, 38490.9, 10482
46.083, 38491.5, 10481.9
46.084, 38492.2, 10481.9
46.085, 38492.8, 10481.8
46.086, 38493.4, 10481.8
46.087, 38494, 10481.7
46.088, 38494.6, 10481.7
46.089, 38495.2, 10481.6
46.09, 38495.8, 10481.6
46.091, 38496.5, 10481.5
46.092, 38497.1, 10481.5
46.093, 38497.7, 10481.4
46.094, 38498.3, 10481.4
46.095, 38498.9, 10481.3
46.096, 38499.5, 10481.3
46.097, 38500.1, 10481.2
46.098, 38500.8, 10481.2
46.099, 38501.4, 10481.1
46.1, 38502, 10481
46.101, 38502.6, 10481
46.102, 38503.2, 10480.9
46.103, 38503.8, 10480.9
46.104, 38504.4, 10480.8
46.105, 38505.1, 10480.8
46.106, 38505.7, 10480.7
46.107, 38506.3, 10480.7
46.108, 38506.9, 10480.6
46.109, 38507.5, 10480.6
46.11, 38508.1, 10480.5
46.111, 38508.7, 10480.5
46.112, 38509.4, 10480.4
46.113, 38510, 10480.4
46.114, 38510.6, 10480.3
46.115, 38511.2, 10480.3
46.116, 38511.8, 10480.2
46.117, 38512.4, 10480.2
46.118, 38513, 10480.1
46.119, 38513.7, 10480.1
46.12, 38514.3, 10480
46.121, 38514.9, 10480
46.122, 38515.5, 10479.9
46.123, 38516.1, 10479.9
46.124, 38516.7, 10479.8
46.125, 38517.3, 10479.7
46.126, 38518, 10479.7
46.127, 38518.6, 10479.6
46.128, 38519.2, 10479.6
46.129, 38519.8, 10479.5
46.13, 38520.4, 10479.5
46.131, 38521, 10479.4
46.132, 38521.6, 10479.4
46.133, 38522.3, 10479.3
46.134, 38522.9, 10479.3
46.135, 38523.5, 10479.2
46.136, 38524.1, 10479.2
46.137, 38524.7, 10479.1
46.138, 38525.3, 10479.1
46.139, 38525.9, 10479
46.14, 38526.6, 10479
46.141, 38527.2, 10478.9
46.142, 38527.8, 10478.9
46.143, 38528.4, 10478.8
46.144, 38529, 10478.8
46.145, 38529.6, 10478.7
46.146, 38530.2, 10478.6
46.147, 38530.9, 10478.6
46.148, 38531.5, 10478.5
46.149, 38532.1, 10478.5
46.15, 38532.7, 10478.4
46.151, 38533.3, 10478.4
46.152, 38533.9, 10478.3
46.153, 38534.5, 10478.3
46.154, 38535.1, 10478.2
46.155, 38535.8, 10478.2
46.156, 38536.4, 10478.1
46.157, 38537, 10478.1
46.158, 38537.6, 10478
46.159, 38538.2, 10478
46.16, 38538.8, 10477.9
46.161, 38539.4, 10477.9
46.162, 38540.1, 10477.8
46.163, 38540.7, 10477.8
46.164, 38541.3, 10477.7
46.165, 38541.9, 10477.7
46.166, 38542.5, 10477.6
46.167, 38543.1, 10477.5
46.168, 38543.7, 10477.5
46.169, 38544.4, 10477.4
46.17, 38545, 10477.4
46.171, 38545.6, 10477.3
46.172, 38546.2, 10477.3
46.173, 38546.8, 10477.2
46.174, 38547.4, 10477.2
46.175, 38548, 10477.1
46.176, 38548.7, 10477.1
46.177, 38549.3, 10477
46.178, 38549.9, 10477
46.179, 38550.5, 10476.9
46.18, 38551.1, 10476.9
46.181, 38551.7, 10476.8
46.182, 38552.3, 10476.8
46.183, 38553, 10476.7
46.184, 38553.6, 10476.7
46.185, 38554.2, 10476.6
46.186, 38554.8, 10476.5
46.187, 38555.4, 10476.5
46.188, 38556, 10476.4
46.189, 38556.6, 10476.4
46.19, 38557.3, 10476.3
46.191, 38557.9, 10476.3
46.192, 38558.5, 10476.2
46.193, 38559.1, 10476.2
46.194, 38559.7, 10476.1
46.195, 38560.3, 10476.1
46.196, 38560.9, 10476
46.197, 38561.5, 10476
46.198, 38562.2, 10475.9
46.199, 38562.8, 10475.9
46.2, 38563.4, 10475.8
46.201, 38564, 10475.8
46.202, 38564.6, 10475.7
46.203, 38565.2, 10475.6
46.204, 38565.8, 10475.6
46.205, 38566.5, 10475.5
46.206, 38567.1, 10475.5
46.207, 38567.7, 10475.4
46.208, 38568.3, 10475.4
46.209, 38568.9, 10475.3
46.21, 38569.5, 10475.3
46.211, 38570.1, 10475.2
46.212, 38570.8, 10475.2
46.213, 38571.4, 10475.1
46.214, 38572, 10475.1
46.215, 38572.6, 10475
46.216, 38573.2, 10475
46.217, 38573.8, 10474.9
46.218, 38574.4, 10474.8
46.219, 38575, 10474.8
46.22, 38575.7, 10474.7
46.221, 38576.3, 10474.7
46.222, 38576.9, 10474.6
46.223, 38577.5, 10474.6
46.224, 38578.1, 10474.5
46.225, 38578.7, 10474.5
46.226, 38579.3, 10474.4
46.227, 38580, 10474.4
46.228, 38580.6, 10474.3
46.229, 38581.2, 10474.3
46.23, 38581.8, 10474.2
46.231, 38582.4, 10474.2
46.232, 38583, 10474.1
46.233, 38583.6, 10474.1
46.234, 38584.3, 10474
46.235, 38584.9, 10473.9
46.236, 38585.5, 10473.9
46.237, 38586.1, 10473.8
46.238, 38586.7, 10473.8
46.239, 38587.3, 10473.7
46.24, 38587.9, 10473.7
46.241, 38588.5, 10473.6
46.242, 38589.2, 10473.6
46.243, 38589.8, 10473.5
46.244, 38590.4, 10473.5
46.245, 38591, 10473.4
46.246, 38591.6, 10473.4
46.247, 38592.2, 10473.3
46.248, 38592.8, 10473.3
46.249, 38593.5, 10473.2
46.25, 38594.1, 10473.1
46.251, 38594.7, 10473.1
46.252, 38595.3, 10473
46.253, 38595.9, 10473
46.254, 38596.5, 10472.9
46.255, 38597.1, 10472.9
46.256, 38597.8, 10472.8
46.257, 38598.4, 10472.8
46.258, 38599, 10472.7
46.259, 38599.6, 10472.7
46.26, 38600.2, 10472.6
46.261, 38600.8, 10472.6
46.262, 38601.4, 10472.5
46.263, 38602, 10472.4
46.264, 38602.7, 10472.4
46.265, 38603.3, 10472.3
46.266, 38603.9, 10472.3
46.267, 38604.5, 10472.2
46.268, 38605.1, 10472.2
46.269, 38605.7, 10472.1
46.27, 38606.3, 10472.1
46.271, 38607, 10472
46.272, 38607.6, 10472
46.273, 38608.2, 10471.9
46.274, 38608.8, 10471.9
46.275, 38609.4, 10471.8
46.276, 38610, 10471.8
46.277, 38610.6, 10471.7
46.278, 38611.2, 10471.6
46.279, 38611.9, 10471.6
46.28, 38612.5, 10471.5
46.281, 38613.1, 10471.5
46.282, 38613.7, 10471.4
46.283, 38614.3, 10471.4
46.284, 38614.9, 10471.3
46.285, 38615.5, 10471.3
46.286, 38616.2, 10471.2
46.287, 38616.8, 10471.2
46.288, 38617.4, 10471.1
46.289, 38618, 10471.1
46.29, 38618.6, 10471
46.291, 38619.2, 10470.9
46.292, 38619.8, 10470.9
46.293, 38620.4, 10470.8
46.294, 38621.1, 10470.8
46.295, 38621.7, 10470.7
46.296, 38622.3, 10470.7
46.297, 38622.9, 10470.6
46.298, 38623.5, 10470.6
46.299, 38624.1, 10470.5
46.3, 38624.7, 10470.5
46.301, 38625.4, 10470.4
46.302, 38626, 10470.4
46.303, 38626.6, 10470.3
46.304, 38627.2, 10470.2
46.305, 38627.8, 10470.2
46.306, 38628.4, 10470.1
46.307, 38629, 10470.1
46.308, 38629.6, 10470
46.309, 38630.3, 10470
46.31, 38630.9, 10469.9
46.311, 38631.5, 10469.9
46.312, 38632.1, 10469.8
46.313, 38632.7, 10469.8
46.314, 38633.3, 10469.7
46.315, 38633.9, 10469.6
46.316, 38634.6, 10469.6
46.317, 38635.2, 10469.5
46.318, 38635.8, 10469.5
46.319, 38636.4, 10469.4
46.32, 38637, 10469.4
46.321, 38637.6, 10469.3
46.322, 38638.2, 10469.3
46.323, 38638.8, 10469.2
46.324, 38639.5, 10469.2
46.325, 38640.1, 10469.1
46.326, 38640.7, 10469.1
46.327, 38641.3, 10469
46.328, 38641.9, 10468.9
46.329, 38642.5, 10468.9
46.33, 38643.1, 10468.8
46.331, 38643.7, 10468.8
46.332, 38644.4, 10468.7
46.333, 38645, 10468.7
46.334, 38645.6, 10468.6
46.335, 38646.2, 10468.6
46.336, 38646.8, 10468.5
46.337, 38647.4, 10468.5
46.338, 38648, 10468.4
46.339, 38648.7, 10468.3
46.34, 38649.3, 10468.3
46.341, 38649.9, 10468.2
46.342, 38650.5, 10468.2
46.343, 38651.1, 10468.1
46.344, 38651.7, 10468.1
46.345, 38652.3, 10468
46.346, 38652.9, 10468
46.347, 38653.6, 10467.9
46.348, 38654.2, 10467.9
46.349, 38654.8, 10467.8
46.35, 38655.4, 10467.7
46.351, 38656, 10467.7
46.352, 38656.6, 10467.6
46.353, 38657.2, 10467.6
46.354, 38657.9, 10467.5
46.355, 38658.5, 10467.5
46.356, 38659.1, 10467.4
46.357, 38659.7, 10467.4
46.358, 38660.3, 10467.3
46.359, 38660.9, 10467.3
46.36, 38661.5, 10467.2
46.361, 38662.1, 10467.1
46.362, 38662.8, 10467.1
46.363, 38663.4, 10467
46.364, 38664, 10467
46.365, 38664.6, 10466.9
46.366, 38665.2, 10466.9
46.367, 38665.8, 10466.8
46.368, 38666.4, 10466.8
46.369, 38667, 10466.7
46.37, 38667.7, 10466.7
46.371, 38668.3, 10466.6
46.372, 38668.9, 10466.5
46.373, 38669.5, 10466.5
46.374, 38670.1, 10466.4
46.375, 38670.7, 10466.4
46.376, 38671.3, 10466.3
46.377, 38671.9, 10466.3
46.378, 38672.6, 10466.2
46.379, 38673.2, 10466.2
46.38, 38673.8, 10466.1
46.381, 38674.4, 10466.1
46.382, 38675, 10466
46.383, 38675.6, 10465.9
46.384, 38676.2, 10465.9
46.385, 38676.9, 10465.8
46.386, 38677.5, 10465.8
46.387, 38678.1, 10465.7
46.388, 38678.7, 10465.7
46.389, 38679.3, 10465.6
46.39, 38679.9, 10465.6
46.391, 38680.5, 10465.5
46.392, 38681.1, 10465.4
46.393, 38681.8, 10465.4
46.394, 38682.4, 10465.3
46.395, 38683, 10465.3
46.396, 38683.6, 10465.2
46.397, 38684.2, 10465.2
46.398, 38684.8, 10465.1
46.399, 38685.4, 10465.1
46.4, 38686, 10465
46.401, 38686.7, 10465
46.402, 38687.3, 10464.9
46.403, 38687.9, 10464.8
46.404, 38688.5, 10464.8
46.405, 38689.1, 10464.7
46.406, 38689.7, 10464.7
46.407, 38690.3, 10464.6
46.408, 38690.9, 10464.6
46.409, 38691.6, 10464.5
46.41, 38692.2, 10464.5
46.411, 38692.8, 10464.4
46.412, 38693.4, 10464.3
46.413, 38694, 10464.3
46.414, 38694.6, 10464.2
46.415, 38695.2, 10464.2
46.416, 38695.8, 10464.1
46.417, 38696.5, 10464.1
46.418, 38697.1, 10464
46.419, 38697.7, 10464
46.42, 38698.3, 10463.9
46.421, 38698.9, 10463.9
46.422, 38699.5, 10463.8
46.423, 38700.1, 10463.7
46.424, 38700.7, 10463.7
46.425, 38701.4, 10463.6
46.426, 38702, 10463.6
46.427, 38702.6, 10463.5
46.428, 38703.2, 10463.5
46.429, 38703.8, 10463.4
46.43, 38704.4, 10463.4
46.431, 38705, 10463.3
46.432, 38705.6, 10463.2
46.433, 38706.3, 10463.2
46.434, 38706.9, 10463.1
46.435, 38707.5, 10463.1
46.436, 38708.1, 10463
46.437, 38708.7, 10463
46.438, 38709.3, 10462.9
46.439, 38709.9, 10462.9
46.44, 38710.5, 10462.8
46.441, 38711.2, 10462.7
46.442, 38711.8, 10462.7
46.443, 38712.4, 10462.6
46.444, 38713, 10462.6
46.445, 38713.6, 10462.5
46.446, 38714.2, 10462.5
46.447, 38714.8, 10462.4
46.448, 38715.4, 10462.4
46.449, 38716.1, 10462.3
46.45, 38716.7, 10462.2
46.451, 38717.3, 10462.2
46.452, 38717.9, 10462.1
46.453, 38718.5, 10462.1
46.454, 38719.1, 10462
46.455, 38719.7, 10462
46.456, 38720.3, 10461.9
46.457, 38721, 10461.9
46.458, 38721.6, 10461.8
46.459, 38722.2, 10461.7
46.46, 38722.8, 10461.7
46.461, 38723.4, 10461.6
46.462, 38724, 10461.6
46.463, 38724.6, 10461.5
46.464, 38725.2, 10461.5
46.465, 38725.9, 10461.4
46.466, 38726.5, 10461.4
46.467, 38727.1, 10461.3
46.468, 38727.7, 10461.2
46.469, 38728.3, 10461.2
46.47, 38728.9, 10461.1
46.471, 38729.5, 10461.1
46.472, 38730.1, 10461
46.473, 38730.8, 10461
46.474, 38731.4, 10460.9
46.475, 38732, 10460.9
46.476, 38732.6, 10460.8
46.477, 38733.2, 10460.7
46.478, 38733.8, 10460.7
46.479, 38734.4, 10460.6
46.48, 38735, 10460.6
46.481, 38735.7, 10460.5
46.482, 38736.3, 10460.5
46.483, 38736.9, 10460.4
46.484, 38737.5, 10460.4
46.485, 38738.1, 10460.3
46.486, 38738.7, 10460.2
46.487, 38739.3, 10460.2
46.488, 38739.9, 10460.1
46.489, 38740.6, 10460.1
46.49, 38741.2, 10460
46.491, 38741.8, 10460
46.492, 38742.4, 10459.9
46.493, 38743, 10459.9
46.494, 38743.6, 10459.8
46.495, 38744.2, 10459.7
46.496, 38744.8, 10459.7
46.497, 38745.5, 10459.6
46.498, 38746.1, 10459.6
46.499, 38746.7, 10459.5
46.5, 38747.3, 10459.5
46.501, 38747.9, 10459.4
46.502, 38748.5, 10459.3
46.503, 38749.1, 10459.3
46.504, 38749.7, 10459.2
46.505, 38750.4, 10459.2
46.506, 38751, 10459.1
46.507, 38751.6, 10459.1
46.508, 38752.2, 10459
46.509, 38752.8, 10459
46.51, 38753.4, 10458.9
46.511, 38754, 10458.8
46.512, 38754.6, 10458.8
46.513, 38755.3, 10458.7
46.514, 38755.9, 10458.7
46.515, 38756.5, 10458.6
46.516, 38757.1, 10458.6
46.517, 38757.7, 10458.5
46.518, 38758.3, 10458.4
46.519, 38758.9, 10458.4
46.52, 38759.5, 10458.3
46.521, 38760.1, 10458.3
46.522, 38760.8, 10458.2
46.523, 38761.4, 10458.2
46.524, 38762, 10458.1
46.525, 38762.6, 10458.1
46.526, 38763.2, 10458
46.527, 38763.8, 10457.9
46.528, 38764.4, 10457.9
46.529, 38765, 10457.8
46.53, 38765.7, 10457.8
46.531, 38766.3, 10457.7
46.532, 38766.9, 10457.7
46.533, 38767.5, 10457.6
46.534, 38768.1, 10457.5
46.535, 38768.7, 10457.5
46.536, 38769.3, 10457.4
46.537, 38769.9, 10457.4
46.538, 38770.6, 10457.3
46.539, 38771.2, 10457.3
46.54, 38771.8, 10457.2
46.541, 38772.4, 10457.2
46.542, 38773, 10457.1
46.543, 38773.6, 10457
46.544, 38774.2, 10457
46.545, 38774.8, 10456.9
46.546, 38775.5, 10456.9
46.547, 38776.1, 10456.8
46.548, 38776.7, 10456.8
46.549, 38777.3, 10456.7
46.55, 38777.9, 10456.6
46.551, 38778.5, 10456.6
46.552, 38779.1, 10456.5
46.553, 38779.7, 10456.5
46.554, 38780.3, 10456.4
46.555, 38781, 10456.4
46.556, 38781.6, 10456.3
46.557, 38782.2, 10456.2
46.558, 38782.8, 10456.2
46.559, 38783.4, 10456.1
46.56, 38784, 10456.1
46.561, 38784.6, 10456
46.562, 38785.2, 10456
46.563, 38785.9, 10455.9
46.564, 38786.5, 10455.9
46.565, 38787.1, 10455.8
46.566, 38787.7, 10455.7
46.567, 38788.3, 10455.7
46.568, 38788.9, 10455.6
46.569, 38789.5, 10455.6
46.57, 38790.1, 10455.5
46.571, 38790.8, 10455.5
46.572, 38791.4, 10455.4
46.573, 38792, 10455.3
46.574, 38792.6, 10455.3
46.575, 38793.2, 10455.2
46.576, 38793.8, 10455.2
46.577, 38794.4, 10455.1
46.578, 38795, 10455.1
46.579, 38795.6, 10455
46.58, 38796.3, 10454.9
46.581, 38796.9, 10454.9
46.582, 38797.5, 10454.8
46.583, 38798.1, 10454.8
46.584, 38798.7, 10454.7
46.585, 38799.3, 10454.7
46.586, 38799.9, 10454.6
46.587, 38800.5, 10454.5
46.588, 38801.2, 10454.5
46.589, 38801.8, 10454.4
46.59, 38802.4, 10454.4
46.591, 38803, 10454.3
46.592, 38803.6, 10454.3
46.593, 38804.2, 10454.2
46.594, 38804.8, 10454.1
46.595, 38805.4, 10454.1
46.596, 38806, 10454
46.597, 38806.7, 10454
46.598, 38807.3, 10453.9
46.599, 38807.9, 10453.9
46.6, 38808.5, 10453.8
46.601, 38809.1, 10453.7
46.602, 38809.7, 10453.7
46.603, 38810.3, 10453.6
46.604, 38810.9, 10453.6
46.605, 38811.6, 10453.5
46.606, 38812.2, 10453.5
46.607, 38812.8, 10453.4
46.608, 38813.4, 10453.3
46.609, 38814, 10453.3
46.61, 38814.6, 10453.2
46.611, 38815.2, 10453.2
46.612, 38815.8, 10453.1
46.613, 38816.4, 10453.1
46.614, 38817.1, 10453
46.615, 38817.7, 10452.9
46.616, 38818.3, 10452.9
46.617, 38818.9, 10452.8
46.618, 38819.5, 10452.8
46.619, 38820.1, 10452.7
46.62, 38820.7, 10452.7
46.621, 38821.3, 10452.6
46.622, 38822, 10452.5
46.623, 38822.6, 10452.5
46.624, 38823.2, 10452.4
46.625, 38823.8, 10452.4
46.626, 38824.4, 10452.3
46.627, 38825, 10452.3
46.628, 38825.6, 10452.2
46.629, 38826.2, 10452.1
46.63, 38826.8, 10452.1
46.631, 38827.5, 10452
46.632, 38828.1, 10452
46.633, 38828.7, 10451.9
46.634, 38829.3, 10451.9
46.635, 38829.9, 10451.8
46.636, 38830.5, 10451.7
46.637, 38831.1, 10451.7
46.638, 38831.7, 10451.6
46.639, 38832.3, 10451.6
46.64, 38833, 10451.5
46.641, 38833.6, 10451.5
46.642, 38834.2, 10451.4
46.643, 38834.8, 10451.3
46.644, 38835.4, 10451.3
46.645, 38836, 10451.2
46.646, 38836.6, 10451.2
46.647, 38837.2, 10451.1
46.648, 38837.9, 10451.1
46.649, 38838.5, 10451
46.65, 38839.1, 10450.9
46.651, 38839.7, 10450.9
46.652, 38840.3, 10450.8
46.653, 38840.9, 10450.8
46.654, 38841.5, 10450.7
46.655, 38842.1, 10450.7
46.656, 38842.7, 10450.6
46.657, 38843.4, 10450.5
46.658, 38844, 10450.5
46.659, 38844.6, 10450.4
46.66, 38845.2, 10450.4
46.661, 38845.8, 10450.3
46.662, 38846.4, 10450.2
46.663, 38847, 10450.2
46.664, 38847.6, 10450.1
46.665, 38848.2, 10450.1
46.666, 38848.9, 10450
46.667, 38849.5, 10450
46.668, 38850.1, 10449.9
46.669, 38850.7, 10449.8
46.67, 38851.3, 10449.8
46.671, 38851.9, 10449.7
46.672, 38852.5, 10449.7
46.673, 38853.1, 10449.6
46.674, 38853.7, 10449.6
46.675, 38854.4, 10449.5
46.676, 38855, 10449.4
46.677, 38855.6, 10449.4
46.678, 38856.2, 10449.3
46.679, 38856.8, 10449.3
46.68, 38857.4, 10449.2
46.681, 38858, 10449.1
46.682, 38858.6, 10449.1
46.683, 38859.3, 10449
46.684, 38859.9, 10449
46.685, 38860.5, 10448.9
46.686, 38861.1, 10448.9
46.687, 38861.7, 10448.8
46.688, 38862.3, 10448.7
46.689, 38862.9, 10448.7
46.69, 38863.5, 10448.6
46.691, 38864.1, 10448.6
46.692, 38864.8, 10448.5
46.693, 38865.4, 10448.5
46.694, 38866, 10448.4
46.695, 38866.6, 10448.3
46.696, 38867.2, 10448.3
46.697, 38867.8, 10448.2
46.698, 38868.4, 10448.2
46.699, 38869, 10448.1
46.7, 38869.6, 10448
46.701, 38870.3, 10448
46.702, 38870.9, 10447.9
46.703, 38871.5, 10447.9
46.704, 38872.1, 10447.8
46.705, 38872.7, 10447.8
46.706, 38873.3, 10447.7
46.707, 38873.9, 10447.6
46.708, 38874.5, 10447.6
46.709, 38875.1, 10447.5
46.71, 38875.8, 10447.5
46.711, 38876.4, 10447.4
46.712, 38877, 10447.3
46.713, 38877.6, 10447.3
46.714, 38878.2, 10447.2
46.715, 38878.8, 10447.2
46.716, 38879.4, 10447.1
46.717, 38880, 10447.1
46.718, 38880.6, 10447
46.719, 38881.3, 10446.9
46.72, 38881.9, 10446.9
46.721, 38882.5, 10446.8
46.722, 38883.1, 10446.8
46.723, 38883.7, 10446.7
46.724, 38884.3, 10446.7
46.725, 38884.9, 10446.6
46.726, 38885.5, 10446.5
46.727, 38886.1, 10446.5
46.728, 38886.8, 10446.4
46.729, 38887.4, 10446.4
46.73, 38888, 10446.3
46.731, 38888.6, 10446.2
46.732, 38889.2, 10446.2
46.733, 38889.8, 10446.1
46.734, 38890.4, 10446.1
46.735, 38891, 10446
46.736, 38891.6, 10445.9
46.737, 38892.3, 10445.9
46.738, 38892.9, 10445.8
46.739, 38893.5, 10445.8
46.74, 38894.1, 10445.7
46.741, 38894.7, 10445.7
46.742, 38895.3, 10445.6
46.743, 38895.9, 10445.5
46.744, 38896.5, 10445.5
46.745, 38897.1, 10445.4
46.746, 38897.8, 10445.4
46.747, 38898.4, 10445.3
46.748, 38899, 10445.2
46.749, 38899.6, 10445.2
46.75, 38900.2, 10445.1
46.751, 38900.8, 10445.1
46.752, 38901.4, 10445
46.753, 38902, 10445
46.754, 38902.6, 10444.9
46.755, 38903.3, 10444.8
46.756, 38903.9, 10444.8
46.757, 38904.5, 10444.7
46.758, 38905.1, 10444.7
46.759, 38905.7, 10444.6
46.76, 38906.3, 10444.5
46.761, 38906.9, 10444.5
46.762, 38907.5, 10444.4
46.763, 38908.1, 10444.4
46.764, 38908.8, 10444.3
46.765, 38909.4, 10444.3
46.766, 38910, 10444.2
46.767, 38910.6, 10444.1
46.768, 38911.2, 10444.1
46.769, 38911.8, 10444
46.77, 38912.4, 10444
46.771, 38913, 10443.9
46.772, 38913.6, 10443.8
46.773, 38914.3, 10443.8
46.774, 38914.9, 10443.7
46.775, 38915.5, 10443.7
46.776, 38916.1, 10443.6
46.777, 38916.7, 10443.5
46.778, 38917.3, 10443.5
46.779, 38917.9, 10443.4
46.78, 38918.5, 10443.4
46.781, 38919.1, 10443.3
46.782, 38919.7, 10443.2
46.783, 38920.4, 10443.2
46.784, 38921, 10443.1
46.785, 38921.6, 10443.1
46.786, 38922.2, 10443
46.787, 38922.8, 10443
46.788, 38923.4, 10442.9
46.789, 38924, 10442.8
46.79, 38924.6, 10442.8
46.791, 38925.2, 10442.7
46.792, 38925.9, 10442.7
46.793, 38926.5, 10442.6
46.794, 38927.1, 10442.5
46.795, 38927.7, 10442.5
46.796, 38928.3, 10442.4
46.797, 38928.9, 10442.4
46.798, 38929.5, 10442.3
46.799, 38930.1, 10442.2
46.8, 38930.7, 10442.2
46.801, 38931.4, 10442.1
46.802, 38932, 10442.1
46.803, 38932.6, 10442
46.804, 38933.2, 10442
46.805, 38933.8, 10441.9
46.806, 38934.4, 10441.8
46.807, 38935, 10441.8
46.808, 38935.6, 10441.7
46.809, 38936.2, 10441.7
46.81, 38936.8, 10441.6
46.811, 38937.5, 10441.5
46.812, 38938.1, 10441.5
46.813, 38938.7, 10441.4
46.814, 38939.3, 10441.4
46.815, 38939.9, 10441.3
46.816, 38940.5, 10441.2
46.817, 38941.1, 10441.2
46.818, 38941.7, 10441.1
46.819, 38942.3, 10441.1
46.82, 38943, 10441
46.821, 38943.6, 10440.9
46.822, 38944.2, 10440.9
46.823, 38944.8, 10440.8
46.824, 38945.4, 10440.8
46.825, 38946, 10440.7
46.826, 38946.6, 10440.6
46.827, 38947.2, 10440.6
46.828, 38947.8, 10440.5
46.829, 38948.5, 10440.5
46.83, 38949.1, 10440.4
46.831, 38949.7, 10440.4
46.832, 38950.3, 10440.3
46.833, 38950.9, 10440.2
46.834, 38951.5, 10440.2
46.835, 38952.1, 10440.1
46.836, 38952.7, 10440.1
46.837, 38953.3, 10440
46.838, 38953.9, 10439.9
46.839, 38954.6, 10439.9
46.84, 38955.2, 10439.8
46.841, 38955.8, 10439.8
46.842, 38956.4, 10439.7
46.843, 38957, 10439.6
46.844, 38957.6, 10439.6
46.845, 38958.2, 10439.5
46.846, 38958.8, 10439.5
46.847, 38959.4, 10439.4
46.848, 38960.1, 10439.3
46.849, 38960.7, 10439.3
46.85, 38961.3, 10439.2
46.851, 38961.9, 10439.2
46.852, 38962.5, 10439.1
46.853, 38963.1, 10439
46.854, 38963.7, 10439
46.855, 38964.3, 10438.9
46.856, 38964.9, 10438.9
46.857, 38965.5, 10438.8
46.858, 38966.2, 10438.7
46.859, 38966.8, 10438.7
46.86, 38967.4, 10438.6
46.861, 38968, 10438.6
46.862, 38968.6, 10438.5
46.863, 38969.2, 10438.4
46.864, 38969.8, 10438.4
46.865, 38970.4, 10438.3
46.866, 38971, 10438.3
46.867, 38971.7, 10438.2
46.868, 38972.3, 10438.1
46.869, 38972.9, 10438.1
46.87, 38973.5, 10438
46.871, 38974.1, 10438
46.872, 38974.7, 10437.9
46.873, 38975.3, 10437.8
46.874, 38975.9, 10437.8
46.875, 38976.5, 10437.7
46.876, 38977.1, 10437.7
46.877, 38977.8, 10437.6
46.878, 38978.4, 10437.5
46.879, 38979, 10437.5
46.88, 38979.6, 10437.4
46.881, 38980.2, 10437.4
46.882, 38980.8, 10437.3
46.883, 38981.4, 10437.2
46.884, 38982, 10437.2
46.885, 38982.6, 10437.1
46.886, 38983.2, 10437.1
46.887, 38983.9, 10437
46.888, 38984.5, 10436.9
46.889, 38985.1, 10436.9
46.89, 38985.7, 10436.8
46.891, 38986.3, 10436.8
46.892, 38986.9, 10436.7
46.893, 38987.5, 10436.6
46.894, 38988.1, 10436.6
46.895, 38988.7, 10436.5
46.896, 38989.4, 10436.5
46.897, 38990, 10436.4
46.898, 38990.6, 10436.3
46.899, 38991.2, 10436.3
46.9, 38991.8, 10436.2
46.901, 38992.4, 10436.2
46.902, 38993, 10436.1
46.903, 38993.6, 10436
46.904, 38994.2, 10436
46.905, 38994.8, 10435.9
46.906, 38995.5, 10435.9
46.907, 38996.1, 10435.8
46.908, 38996.7, 10435.7
46.909, 38997.3, 10435.7
46.91, 38997.9, 10435.6
46.911, 38998.5, 10435.6
46.912, 38999.1, 10435.5
46.913, 38999.7, 10435.4
46.914, 39000.3, 10435.4
46.915, 39000.9, 10435.3
46.916, 39001.6, 10435.3
46.917, 39002.2, 10435.2
46.918, 39002.8, 10435.1
46.919, 39003.4, 10435.1
46.92, 39004, 10435
46.921, 39004.6, 10435
46.922, 39005.2, 10434.9
46.923, 39005.8, 10434.8
46.924, 39006.4, 10434.8
46.925, 39007, 10434.7
46.926, 39007.7, 10434.7
46.927, 39008.3, 10434.6
46.928, 39008.9, 10434.5
46.929, 39009.5, 10434.5
46.93, 39010.1, 10434.4
46.931, 39010.7, 10434.4
46.932, 39011.3, 10434.3
46.933, 39011.9, 10434.2
46.934, 39012.5, 10434.2
46.935, 39013.1, 10434.1
46.936, 39013.8, 10434.1
46.937, 39014.4, 10434
46.938, 39015, 10433.9
46.939, 39015.6, 10433.9
46.94, 39016.2, 10433.8
46.941, 39016.8, 10433.8
46.942, 39017.4, 10433.7
46.943, 39018, 10433.6
46.944, 39018.6, 10433.6
46.945, 39019.2, 10433.5
46.946, 39019.9, 10433.4
46.947, 39020.5, 10433.4
46.948, 39021.1, 10433.3
46.949, 39021.7, 10433.3
46.95, 39022.3, 10433.2
46.951, 39022.9, 10433.1
46.952, 39023.5, 10433.1
46.953, 39024.1, 10433
46.954, 39024.7, 10433
46.955, 39025.3, 10432.9
46.956, 39026, 10432.8
46.957, 39026.6, 10432.8
46.958, 39027.2, 10432.7
46.959, 39027.8, 10432.7
46.96, 39028.4, 10432.6
46.961, 39029, 10432.5
46.962, 39029.6, 10432.5
46.963, 39030.2, 10432.4
46.964, 39030.8, 10432.4
46.965, 39031.4, 10432.3
46.966, 39032.1, 10432.2
46.967, 39032.7, 10432.2
46.968, 39033.3, 10432.1
46.969, 39033.9, 10432.1
46.97, 39034.5, 10432
46.971, 39035.1, 10431.9
46.972, 39035.7, 10431.9
46.973, 39036.3, 10431.8
46.974, 39036.9, 10431.7
46.975, 39037.5, 10431.7
46.976, 39038.2, 10431.6
46.977, 39038.8, 10431.6
46.978, 39039.4, 10431.5
46.979, 39040, 10431.4
46.98, 39040.6, 10431.4
46.981, 39041.2, 10431.3
46.982, 39041.8, 10431.3
46.983, 39042.4, 10431.2
46.984, 39043, 10431.1
46.985, 39043.6, 10431.1
46.986, 39044.3, 10431
46.987, 39044.9, 10431
46.988, 39045.5, 10430.9
46.989, 39046.1, 10430.8
46.99, 39046.7, 10430.8
46.991, 39047.3, 10430.7
46.992, 39047.9, 10430.6
46.993, 39048.5, 10430.6
46.994, 39049.1, 10430.5
46.995, 39049.7, 10430.5
46.996, 39050.4, 10430.4
46.997, 39051, 10430.3
46.998, 39051.6, 10430.3
46.999, 39052.2, 10430.2
47, 39052.8, 10430.2
47.001, 39053.4, 10430.1
47.002, 39054, 10430
47.003, 39054.6, 10430
47.004, 39055.2, 10429.9
47.005, 39055.8, 10429.9
47.006, 39056.4, 10429.8
47.007, 39057.1, 10429.7
47.008, 39057.7, 10429.7
47.009, 39058.3, 10429.6
47.01, 39058.9, 10429.5
47.011, 39059.5, 10429.5
47.012, 39060.1, 10429.4
47.013, 39060.7, 10429.4
47.014, 39061.3, 10429.3
47.015, 39061.9, 10429.2
47.016, 39062.5, 10429.2
47.017, 39063.2, 10429.1
47.018, 39063.8, 10429.1
47.019, 39064.4, 10429
47.02, 39065, 10428.9
47.021, 39065.6, 10428.9
47.022, 39066.2, 10428.8
47.023, 39066.8, 10428.7
47.024, 39067.4, 10428.7
47.025, 39068, 10428.6
47.026, 39068.6, 10428.6
47.027, 39069.2, 10428.5
47.028, 39069.9, 10428.4
47.029, 39070.5, 10428.4
47.03, 39071.1, 10428.3
47.031, 39071.7, 10428.3
47.032, 39072.3, 10428.2
47.033, 39072.9, 10428.1
47.034, 39073.5, 10428.1
47.035, 39074.1, 10428
47.036, 39074.7, 10428
47.037, 39075.3, 10427.9
47.038, 39076, 10427.8
47.039, 39076.6, 10427.8
47.04, 39077.2, 10427.7
47.041, 39077.8, 10427.6
47.042, 39078.4, 10427.6
47.043, 39079, 10427.5
47.044, 39079.6, 10427.5
47.045, 39080.2, 10427.4
47.046, 39080.8, 10427.3
47.047, 39081.4, 10427.3
47.048, 39082.1, 10427.2
47.049, 39082.7, 10427.1
47.05, 39083.3, 10427.1
47.051, 39083.9, 10427
47.052, 39084.5, 10427
47.053, 39085.1, 10426.9
47.054, 39085.7, 10426.8
47.055, 39086.3, 10426.8
47.056, 39086.9, 10426.7
47.057, 39087.5, 10426.7
47.058, 39088.1, 10426.6
47.059, 39088.8, 10426.5
47.06, 39089.4, 10426.5
47.061, 39090, 10426.4
47.062, 39090.6, 10426.3
47.063, 39091.2, 10426.3
47.064, 39091.8, 10426.2
47.065, 39092.4, 10426.2
47.066, 39093, 10426.1
47.067, 39093.6, 10426
47.068, 39094.2, 10426
47.069, 39094.8, 10425.9
47.07, 39095.5, 10425.9
47.071, 39096.1, 10425.8
47.072, 39096.7, 10425.7
47.073, 39097.3, 10425.7
47.074, 39097.9, 10425.6
47.075, 39098.5, 10425.5
47.076, 39099.1, 10425.5
47.077, 39099.7, 10425.4
47.078, 39100.3, 10425.4
47.079, 39100.9, 10425.3
47.08, 39101.6, 10425.2
47.081, 39102.2, 10425.2
47.082, 39102.8, 10425.1
47.083, 39103.4, 10425
47.084, 39104, 10425
47.085, 39104.6, 10424.9
47.086, 39105.2, 10424.9
47.087, 39105.8, 10424.8
47.088, 39106.4, 10424.7
47.089, 39107, 10424.7
47.09, 39107.6, 10424.6
47.091, 39108.3, 10424.5
47.092, 39108.9, 10424.5
47.093, 39109.5, 10424.4
47.094, 39110.1, 10424.4
47.095, 39110.7, 10424.3
47.096, 39111.3, 10424.2
47.097, 39111.9, 10424.2
47.098, 39112.5, 10424.1
47.099, 39113.1, 10424.1
47.1, 39113.7, 10424
47.101, 39114.3, 10423.9
47.102, 39115, 10423.9
47.103, 39115.6, 10423.8
47.104, 39116.2, 10423.7
47.105, 39116.8, 10423.7
47.106, 39117.4, 10423.6
47.107, 39118, 10423.6
47.108, 39118.6, 10423.5
47.109, 39119.2, 10423.4
47.11, 39119.8, 10423.4
47.111, 39120.4, 10423.3
47.112, 39121, 10423.2
47.113, 39121.7, 10423.2
47.114, 39122.3, 10423.1
47.115, 39122.9, 10423.1
47.116, 39123.5, 10423
47.117, 39124.1, 10422.9
47.118, 39124.7, 10422.9
47.119, 39125.3, 10422.8
47.12, 39125.9, 10422.7
47.121, 39126.5, 10422.7
47.122, 39127.1, 10422.6
47.123, 39127.7, 10422.6
47.124, 39128.4, 10422.5
47.125, 39129, 10422.4
47.126, 39129.6, 10422.4
47.127, 39130.2, 10422.3
47.128, 39130.8, 10422.2
47.129, 39131.4, 10422.2
47.13, 39132, 10422.1
47.131, 39132.6, 10422.1
47.132, 39133.2, 10422
47.133, 39133.8, 10421.9
47.134, 39134.4, 10421.9
47.135, 39135.1, 10421.8
47.136, 39135.7, 10421.7
47.137, 39136.3, 10421.7
47.138, 39136.9, 10421.6
47.139, 39137.5, 10421.6
47.14, 39138.1, 10421.5
47.141, 39138.7, 10421.4
47.142, 39139.3, 10421.4
47.143, 39139.9, 10421.3
47.144, 39140.5, 10421.2
47.145, 39141.1, 10421.2
47.146, 39141.8, 10421.1
47.147, 39142.4, 10421.1
47.148, 39143, 10421
47.149, 39143.6, 10420.9
47.15, 39144.2, 10420.9
47.151, 39144.8, 10420.8
47.152, 39145.4, 10420.7
47.153, 39146, 10420.7
47.154, 39146.6, 10420.6
47.155, 39147.2, 10420.6
47.156, 39147.8, 10420.5
47.157, 39148.5, 10420.4
47.158, 39149.1, 10420.4
47.159, 39149.7, 10420.3
47.16, 39150.3, 10420.2
47.161, 39150.9, 10420.2
47.162, 39151.5, 10420.1
47.163, 39152.1, 10420.1
47.164, 39152.7, 10420
47.165, 39153.3, 10419.9
47.166, 39153.9, 10419.9
47.167, 39154.5, 10419.8
47.168, 39155.2, 10419.7
47.169, 39155.8, 10419.7
47.17, 39156.4, 10419.6
47.171, 39157, 10419.5
47.172, 39157.6, 10419.5
47.173, 39158.2, 10419.4
47.174, 39158.8, 10419.4
47.175, 39159.4, 10419.3
47.176, 39160, 10419.2
47.177, 39160.6, 10419.2
47.178, 39161.2, 10419.1
47.179, 39161.8, 10419
47.18, 39162.5, 10419
47.181, 39163.1, 10418.9
47.182, 39163.7, 10418.9
47.183, 39164.3, 10418.8
47.184, 39164.9, 10418.7
47.185, 39165.5, 10418.7
47.186, 39166.1, 10418.6
47.187, 39166.7, 10418.5
47.188, 39167.3, 10418.5
47.189, 39167.9, 10418.4
47.19, 39168.5, 10418.3
47.191, 39169.2, 10418.3
47.192, 39169.8, 10418.2
47.193, 39170.4, 10418.2
47.194, 39171, 10418.1
47.195, 39171.6, 10418
47.196, 39172.2, 10418
47.197, 39172.8, 10417.9
47.198, 39173.4, 10417.8
47.199, 39174, 10417.8
47.2, 39174.6, 10417.7
47.201, 39175.2, 10417.7
47.202, 39175.9, 10417.6
47.203, 39176.5, 10417.5
47.204, 39177.1, 10417.5
47.205, 39177.7, 10417.4
47.206, 39178.3, 10417.3
47.207, 39178.9, 10417.3
47.208, 39179.5, 10417.2
47.209, 39180.1, 10417.1
47.21, 39180.7, 10417.1
47.211, 39181.3, 10417
47.212, 39181.9, 10417
47.213, 39182.5, 10416.9
47.214, 39183.2, 10416.8
47.215, 39183.8, 10416.8
47.216, 39184.4, 10416.7
47.217, 39185, 10416.6
47.218, 39185.6, 10416.6
47.219, 39186.2, 10416.5
47.22, 39186.8, 10416.5
47.221, 39187.4, 10416.4
47.222, 39188, 10416.3
47.223, 39188.6, 10416.3
47.224, 39189.2, 10416.2
47.225, 39189.8, 10416.1
47.226, 39190.5, 10416.1
47.227, 39191.1, 10416
47.228, 39191.7, 10415.9
47.229, 39192.3, 10415.9
47.23, 39192.9, 10415.8
47.231, 39193.5, 10415.8
47.232, 39194.1, 10415.7
47.233, 39194.7, 10415.6
47.234, 39195.3, 10415.6
47.235, 39195.9, 10415.5
47.236, 39196.5, 10415.4
47.237, 39197.2, 10415.4
47.238, 39197.8, 10415.3
47.239, 39198.4, 10415.2
47.24, 39199, 10415.2
47.241, 39199.6, 10415.1
47.242, 39200.2, 10415.1
47.243, 39200.8, 10415
47.244, 39201.4, 10414.9
47.245, 39202, 10414.9
47.246, 39202.6, 10414.8
47.247, 39203.2, 10414.7
47.248, 39203.8, 10414.7
47.249, 39204.5, 10414.6
47.25, 39205.1, 10414.5
47.251, 39205.7, 10414.5
47.252, 39206.3, 10414.4
47.253, 39206.9, 10414.4
47.254, 39207.5, 10414.3
47.255, 39208.1, 10414.2
47.256, 39208.7, 10414.2
47.257, 39209.3, 10414.1
47.258, 39209.9, 10414
47.259, 39210.5, 10414
47.26, 39211.1, 10413.9
47.261, 39211.8, 10413.8
47.262, 39212.4, 10413.8
47.263, 39213, 10413.7
47.264, 39213.6, 10413.6
47.265, 39214.2, 10413.6
47.266, 39214.8, 10413.5
47.267, 39215.4, 10413.5
47.268, 39216, 10413.4
47.269, 39216.6, 10413.3
47.27, 39217.2, 10413.3
47.271, 39217.8, 10413.2
47.272, 39218.4, 10413.1
47.273, 39219.1, 10413.1
47.274, 39219.7, 10413
47.275, 39220.3, 10412.9
47.276, 39220.9, 10412.9
47.277, 39221.5, 10412.8
47.278, 39222.1, 10412.8
47.279, 39222.7, 10412.7
47.28, 39223.3, 10412.6
47.281, 39223.9, 10412.6
47.282, 39224.5, 10412.5
47.283, 39225.1, 10412.4
47.284, 39225.7, 10412.4
47.285, 39226.4, 10412.3
47.286, 39227, 10412.2
47.287, 39227.6, 10412.2
47.288, 39228.2, 10412.1
47.289, 39228.8, 10412
47.29, 39229.4, 10412
47.291, 39230, 10411.9
47.292, 39230.6, 10411.9
47.293, 39231.2, 10411.8
47.294, 39231.8, 10411.7
47.295, 39232.4, 10411.7
47.296, 39233, 10411.6
47.297, 39233.7, 10411.5
47.298, 39234.3, 10411.5
47.299, 39234.9, 10411.4
47.3, 39235.5, 10411.3
47.301, 39236.1, 10411.3
47.302, 39236.7, 10411.2
47.303, 39237.3, 10411.1
47.304, 39237.9, 10411.1
47.305, 39238.5, 10411
47.306, 39239.1, 10411
47.307, 39239.7, 10410.9
47.308, 39240.3, 10410.8
47.309, 39241, 10410.8
47.31, 39241.6, 10410.7
47.311, 39242.2, 10410.6
47.312, 39242.8, 10410.6
47.313, 39243.4, 10410.5
47.314, 39244, 10410.4
47.315, 39244.6, 10410.4
47.316, 39245.2, 10410.3
47.317, 39245.8, 10410.2
47.318, 39246.4, 10410.2
47.319, 39247, 10410.1
47.32, 39247.6, 10410.1
47.321, 39248.3, 10410
47.322, 39248.9, 10409.9
47.323, 39249.5, 10409.9
47.324, 39250.1, 10409.8
47.325, 39250.7, 10409.7
47.326, 39251.3, 10409.7
47.327, 39251.9, 10409.6
47.328, 39252.5, 10409.5
47.329, 39253.1, 10409.5
47.33, 39253.7, 10409.4
47.331, 39254.3, 10409.3
47.332, 39254.9, 10409.3
47.333, 39255.5, 10409.2
47.334, 39256.2, 10409.2
47.335, 39256.8, 10409.1
47.336, 39257.4, 10409
47.337, 39258, 10409
47.338, 39258.6, 10408.9
47.339, 39259.2, 10408.8
47.34, 39259.8, 10408.8
47.341, 39260.4, 10408.7
47.342, 39261, 10408.6
47.343, 39261.6, 10408.6
47.344, 39262.2, 10408.5
47.345, 39262.8, 10408.4
47.346, 39263.5, 10408.4
47.347, 39264.1, 10408.3
47.348, 39264.7, 10408.2
47.349, 39265.3, 10408.2
47.35, 39265.9, 10408.1
47.351, 39266.5, 10408.1
47.352, 39267.1, 10408
47.353, 39267.7, 10407.9
47.354, 39268.3, 10407.9
47.355, 39268.9, 10407.8
47.356, 39269.5, 10407.7
47.357, 39270.1, 10407.7
47.358, 39270.7, 10407.6
47.359, 39271.4, 10407.5
47.36, 39272, 10407.5
47.361, 39272.6, 10407.4
47.362, 39273.2, 10407.3
47.363, 39273.8, 10407.3
47.364, 39274.4, 10407.2
47.365, 39275, 10407.1
47.366, 39275.6, 10407.1
47.367, 39276.2, 10407
47.368, 39276.8, 10406.9
47.369, 39277.4, 10406.9
47.37, 39278, 10406.8
47.371, 39278.6, 10406.8
47.372, 39279.3, 10406.7
47.373, 39279.9, 10406.6
47.374, 39280.5, 10406.6
47.375, 39281.1, 10406.5
47.376, 39281.7, 10406.4
47.377, 39282.3, 10406.4
47.378, 39282.9, 10406.3
47.379, 39283.5, 10406.2
47.38, 39284.1, 10406.2
47.381, 39284.7, 10406.1
47.382, 39285.3, 10406
47.383, 39285.9, 10406
47.384, 39286.6, 10405.9
47.385, 39287.2, 10405.8
47.386, 39287.8, 10405.8
47.387, 39288.4, 10405.7
47.388, 39289, 10405.6
47.389, 39289.6, 10405.6
47.39, 39290.2, 10405.5
47.391, 39290.8, 10405.5
47.392, 39291.4, 10405.4
47.393, 39292, 10405.3
47.394, 39292.6, 10405.3
47.395, 39293.2, 10405.2
47.396, 39293.8, 10405.1
47.397, 39294.5, 10405.1
47.398, 39295.1, 10405
47.399, 39295.7, 10404.9
47.4, 39296.3, 10404.9
47.401, 39296.9, 10404.8
47.402, 39297.5, 10404.7
47.403, 39298.1, 10404.7
47.404, 39298.7, 10404.6
47.405, 39299.3, 10404.5
47.406, 39299.9, 10404.5
47.407, 39300.5, 10404.4
47.408, 39301.1, 10404.3
47.409, 39301.7, 10404.3
47.41, 39302.4, 10404.2
47.411, 39303, 10404.1
47.412, 39303.6, 10404.1
47.413, 39304.2, 10404
47.414, 39304.8, 10403.9
47.415, 39305.4, 10403.9
47.416, 39306, 10403.8
47.417, 39306.6, 10403.8
47.418, 39307.2, 10403.7
47.419, 39307.8, 10403.6
47.42, 39308.4, 10403.6
47.421, 39309, 10403.5
47.422, 39309.6, 10403.4
47.423, 39310.3, 10403.4
47.424, 39310.9, 10403.3
47.425, 39311.5, 10403.2
47.426, 39312.1, 10403.2
47.427, 39312.7, 10403.1
47.428, 39313.3, 10403
47.429, 39313.9, 10403
47.43, 39314.5, 10402.9
47.431, 39315.1, 10402.8
47.432, 39315.7, 10402.8
47.433, 39316.3, 10402.7
47.434, 39316.9, 10402.6
47.435, 39317.5, 10402.6
47.436, 39318.1, 10402.5
47.437, 39318.8, 10402.4
47.438, 39319.4, 10402.4
47.439, 39320, 10402.3
47.44, 39320.6, 10402.2
47.441, 39321.2, 10402.2
47.442, 39321.8, 10402.1
47.443, 39322.4, 10402
47.444, 39323, 10402
47.445, 39323.6, 10401.9
47.446, 39324.2, 10401.8
47.447, 39324.8, 10401.8
47.448, 39325.4, 10401.7
47.449, 39326, 10401.7
47.45, 39326.7, 10401.6
47.451, 39327.3, 10401.5
47.452, 39327.9, 10401.5
47.453, 39328.5, 10401.4
47.454, 39329.1, 10401.3
47.455, 39329.7, 10401.3
47.456, 39330.3, 10401.2
47.457, 39330.9, 10401.1
47.458, 39331.5, 10401.1
47.459, 39332.1, 10401
47.46, 39332.7, 10400.9
47.461, 39333.3, 10400.9
47.462, 39333.9, 10400.8
47.463, 39334.6, 10400.7
47.464, 39335.2, 10400.7
47.465, 39335.8, 10400.6
47.466, 39336.4, 10400.5
47.467, 39337, 10400.5
47.468, 39337.6, 10400.4
47.469, 39338.2, 10400.3
47.47, 39338.8, 10400.3
47.471, 39339.4, 10400.2
47.472, 39340, 10400.1
47.473, 39340.6, 10400.1
47.474, 39341.2, 10400
47.475, 39341.8, 10399.9
47.476, 39342.4, 10399.9
47.477, 39343.1, 10399.8
47.478, 39343.7, 10399.7
47.479, 39344.3, 10399.7
47.48, 39344.9, 10399.6
47.481, 39345.5, 10399.5
47.482, 39346.1, 10399.5
47.483, 39346.7, 10399.4
47.484, 39347.3, 10399.3
47.485, 39347.9, 10399.3
47.486, 39348.5, 10399.2
47.487, 39349.1, 10399.1
47.488, 39349.7, 10399.1
47.489, 39350.3, 10399
47.49, 39350.9, 10398.9
47.491, 39351.6, 10398.9
47.492, 39352.2, 10398.8
47.493, 39352.8, 10398.7
47.494, 39353.4, 10398.7
47.495, 39354, 10398.6
47.496, 39354.6, 10398.5
47.497, 39355.2, 10398.5
47.498, 39355.8, 10398.4
47.499, 39356.4, 10398.3
47.5, 39357, 10398.3
47.501, 39357.6, 10398.2
47.502, 39358.2, 10398.1
47.503, 39358.8, 10398.1
47.504, 39359.5, 10398
47.505, 39360.1, 10397.9
47.506, 39360.7, 10397.9
47.507, 39361.3, 10397.8
47.508, 39361.9, 10397.8
47.509, 39362.5, 10397.7
47.51, 39363.1, 10397.6
47.511, 39363.7, 10397.6
47.512, 39364.3, 10397.5
47.513, 39364.9, 10397.4
47.514, 39365.5, 10397.4
47.515, 39366.1, 10397.3
47.516, 39366.7, 10397.2
47.517, 39367.3, 10397.2
47.518, 39368, 10397.1
47.519, 39368.6, 10397
47.52, 39369.2, 10397
47.521, 39369.8, 10396.9
47.522, 39370.4, 10396.8
47.523, 39371, 10396.8
47.524, 39371.6, 10396.7
47.525, 39372.2, 10396.6
47.526, 39372.8, 10396.6
47.527, 39373.4, 10396.5
47.528, 39374, 10396.4
47.529, 39374.6, 10396.4
47.53, 39375.2, 10396.3
47.531, 39375.8, 10396.2
47.532, 39376.4, 10396.2
47.533, 39377.1, 10396.1
47.534, 39377.7, 10396
47.535, 39378.3, 10396
47.536, 39378.9, 10395.9
47.537, 39379.5, 10395.8
47.538, 39380.1, 10395.8
47.539, 39380.7, 10395.7
47.54, 39381.3, 10395.6
47.541, 39381.9, 10395.6
47.542, 39382.5, 10395.5
47.543, 39383.1, 10395.4
47.544, 39383.7, 10395.4
47.545, 39384.3, 10395.3
47.546, 39384.9, 10395.2
47.547, 39385.6, 10395.2
47.548, 39386.2, 10395.1
47.549, 39386.8, 10395
47.55, 39387.4, 10395
47.551, 39388, 10394.9
47.552, 39388.6, 10394.8
47.553, 39389.2, 10394.8
47.554, 39389.8, 10394.7
47.555, 39390.4, 10394.6
47.556, 39391, 10394.6
47.557, 39391.6, 10394.5
47.558, 39392.2, 10394.4
47.559, 39392.8, 10394.3
47.56, 39393.4, 10394.3
47.561, 39394.1, 10394.2
47.562, 39394.7, 10394.1
47.563, 39395.3, 10394.1
47.564, 39395.9, 10394
47.565, 39396.5, 10393.9
47.566, 39397.1, 10393.9
47.567, 39397.7, 10393.8
47.568, 39398.3, 10393.7
47.569, 39398.9, 10393.7
47.57, 39399.5, 10393.6
47.571, 39400.1, 10393.5
47.572, 39400.7, 10393.5
47.573, 39401.3, 10393.4
47.574, 39401.9, 10393.3
47.575, 39402.5, 10393.3
47.576, 39403.2, 10393.2
47.577, 39403.8, 10393.1
47.578, 39404.4, 10393.1
47.579, 39405, 10393
47.58, 39405.6, 10392.9
47.581, 39406.2, 10392.9
47.582, 39406.8, 10392.8
47.583, 39407.4, 10392.7
47.584, 39408, 10392.7
47.585, 39408.6, 10392.6
47.586, 39409.2, 10392.5
47.587, 39409.8, 10392.5
47.588, 39410.4, 10392.4
47.589, 39411, 10392.3
47.59, 39411.6, 10392.3
47.591, 39412.3, 10392.2
47.592, 39412.9, 10392.1
47.593, 39413.5, 10392.1
47.594, 39414.1, 10392
47.595, 39414.7, 10391.9
47.596, 39415.3, 10391.9
47.597, 39415.9, 10391.8
47.598, 39416.5, 10391.7
47.599, 39417.1, 10391.7
47.6, 39417.7, 10391.6
47.601, 39418.3, 10391.5
47.602, 39418.9, 10391.5
47.603, 39419.5, 10391.4
47.604, 39420.1, 10391.3
47.605, 39420.7, 10391.3
47.606, 39421.4, 10391.2
47.607, 39422, 10391.1
47.608, 39422.6, 10391.1
47.609, 39423.2, 10391
47.61, 39423.8, 10390.9
47.611, 39424.4, 10390.9
47.612, 39425, 10390.8
47.613, 39425.6, 10390.7
47.614, 39426.2, 10390.7
47.615, 39426.8, 10390.6
47.616, 39427.4, 10390.5
47.617, 39428, 10390.4
47.618, 39428.6, 10390.4
47.619, 39429.2, 10390.3
47.62, 39429.8, 10390.2
47.621, 39430.5, 10390.2
47.622, 39431.1, 10390.1
47.623, 39431.7, 10390
47.624, 39432.3, 10390
47.625, 39432.9, 10389.9
47.626, 39433.5, 10389.8
47.627, 39434.1, 10389.8
47.628, 39434.7, 10389.7
47.629, 39435.3, 10389.6
47.63, 39435.9, 10389.6
47.631, 39436.5, 10389.5
47.632, 39437.1, 10389.4
47.633, 39437.7, 10389.4
47.634, 39438.3, 10389.3
47.635, 39438.9, 10389.2
47.636, 39439.6, 10389.2
47.637, 39440.2, 10389.1
47.638, 39440.8, 10389
47.639, 39441.4, 10389
47.64, 39442, 10388.9
47.641, 39442.6, 10388.8
47.642, 39443.2, 10388.8
47.643, 39443.8, 10388.7
47.644, 39444.4, 10388.6
47.645, 39445, 10388.6
47.646, 39445.6, 10388.5
47.647, 39446.2, 10388.4
47.648, 39446.8, 10388.3
47.649, 39447.4, 10388.3
47.65, 39448, 10388.2
47.651, 39448.7, 10388.1
47.652, 39449.3, 10388.1
47.653, 39449.9, 10388
47.654, 39450.5, 10387.9
47.655, 39451.1, 10387.9
47.656, 39451.7, 10387.8
47.657, 39452.3, 10387.7
47.658, 39452.9, 10387.7
47.659, 39453.5, 10387.6
47.66, 39454.1, 10387.5
47.661, 39454.7, 10387.5
47.662, 39455.3, 10387.4
47.663, 39455.9, 10387.3
47.664, 39456.5, 10387.3
47.665, 39457.1, 10387.2
47.666, 39457.7, 10387.1
47.667, 39458.4, 10387.1
47.668, 39459, 10387
47.669, 39459.6, 10386.9
47.67, 39460.2, 10386.9
47.671, 39460.8, 10386.8
47.672, 39461.4, 10386.7
47.673, 39462, 10386.6
47.674, 39462.6, 10386.6
47.675, 39463.2, 10386.5
47.676, 39463.8, 10386.4
47.677, 39464.4, 10386.4
47.678, 39465, 10386.3
47.679, 39465.6, 10386.2
47.68, 39466.2, 10386.2
47.681, 39466.8, 10386.1
47.682, 39467.4, 10386
47.683, 39468.1, 10386
47.684, 39468.7, 10385.9
47.685, 39469.3, 10385.8
47.686, 39469.9, 10385.8
47.687, 39470.5, 10385.7
47.688, 39471.1, 10385.6
47.689, 39471.7, 10385.6
47.69, 39472.3, 10385.5
47.691, 39472.9, 10385.4
47.692, 39473.5, 10385.4
47.693, 39474.1, 10385.3
47.694, 39474.7, 10385.2
47.695, 39475.3, 10385.1
47.696, 39475.9, 10385.1
47.697, 39476.5, 10385
47.698, 39477.1, 10384.9
47.699, 39477.8, 10384.9
47.7, 39478.4, 10384.8
47.701, 39479, 10384.7
47.702, 39479.6, 10384.7
47.703, 39480.2, 10384.6
47.704, 39480.8, 10384.5
47.705, 39481.4, 10384.5
47.706, 39482, 10384.4
47.707, 39482.6, 10384.3
47.708, 39483.2, 10384.3
47.709, 39483.8, 10384.2
47.71, 39484.4, 10384.1
47.711, 39485, 10384.1
47.712, 39485.6, 10384
47.713, 39486.2, 10383.9
47.714, 39486.8, 10383.8
47.715, 39487.5, 10383.8
47.716, 39488.1, 10383.7
47.717, 39488.7, 10383.6
47.718, 39489.3, 10383.6
47.719, 39489.9, 10383.5
47.72, 39490.5, 10383.4
47.721, 39491.1, 10383.4
47.722, 39491.7, 10383.3
47.723, 39492.3, 10383.2
47.724, 39492.9, 10383.2
47.725, 39493.5, 10383.1
47.726, 39494.1, 10383
47.727, 39494.7, 10383
47.728, 39495.3, 10382.9
47.729, 39495.9, 10382.8
47.73, 39496.5, 10382.7
47.731, 39497.2, 10382.7
47.732, 39497.8, 10382.6
47.733, 39498.4, 10382.5
47.734, 39499, 10382.5
47.735, 39499.6, 10382.4
47.736, 39500.2, 10382.3
47.737, 39500.8, 10382.3
47.738, 39501.4, 10382.2
47.739, 39502, 10382.1
47.74, 39502.6, 10382.1
47.741, 39503.2, 10382
47.742, 39503.8, 10381.9
47.743, 39504.4, 10381.9
47.744, 39505, 10381.8
47.745, 39505.6, 10381.7
47.746, 39506.2, 10381.6
47.747, 39506.8, 10381.6
47.748, 39507.5, 10381.5
47.749, 39508.1, 10381.4
47.75, 39508.7, 10381.4
47.751, 39509.3, 10381.3
47.752, 39509.9, 10381.2
47.753, 39510.5, 10381.2
47.754, 39511.1, 10381.1
47.755, 39511.7, 10381
47.756, 39512.3, 10381
47.757, 39512.9, 10380.9
47.758, 39513.5, 10380.8
47.759, 39514.1, 10380.8
47.76, 39514.7, 10380.7
47.761, 39515.3, 10380.6
47.762, 39515.9, 10380.5
47.763, 39516.5, 10380.5
47.764, 39517.1, 10380.4
47.765, 39517.8, 10380.3
47.766, 39518.4, 10380.3
47.767, 39519, 10380.2
47.768, 39519.6, 10380.1
47.769, 39520.2, 10380.1
47.77, 39520.8, 10380
47.771, 39521.4, 10379.9
47.772, 39522, 10379.9
47.773, 39522.6, 10379.8
47.774, 39523.2, 10379.7
47.775, 39523.8, 10379.6
47.776, 39524.4, 10379.6
47.777, 39525, 10379.5
47.778, 39525.6, 10379.4
47.779, 39526.2, 10379.4
47.78, 39526.8, 10379.3
47.781, 39527.4, 10379.2
47.782, 39528.1, 10379.2
47.783, 39528.7, 10379.1
47.784, 39529.3, 10379
47.785, 39529.9, 10379
47.786, 39530.5, 10378.9
47.787, 39531.1, 10378.8
47.788, 39531.7, 10378.7
47.789, 39532.3, 10378.7
47.79, 39532.9, 10378.6
47.791, 39533.5, 10378.5
47.792, 39534.1, 10378.5
47.793, 39534.7, 10378.4
47.794, 39535.3, 10378.3
47.795, 39535.9, 10378.3
47.796, 39536.5, 10378.2
47.797, 39537.1, 10378.1
47.798, 39537.7, 10378.1
47.799, 39538.4, 10378
47.8, 39539, 10377.9
47.801, 39539.6, 10377.8
47.802, 39540.2, 10377.8
47.803, 39540.8, 10377.7
47.804, 39541.4, 10377.6
47.805, 39542, 10377.6
47.806, 39542.6, 10377.5
47.807, 39543.2, 10377.4
47.808, 39543.8, 10377.4
47.809, 39544.4, 10377.3
47.81, 39545, 10377.2
47.811, 39545.6, 10377.1
47.812, 39546.2, 10377.1
47.813, 39546.8, 10377
47.814, 39547.4, 10376.9
47.815, 39548, 10376.9
47.816, 39548.6, 10376.8
47.817, 39549.3, 10376.7
47.818, 39549.9, 10376.7
47.819, 39550.5, 10376.6
47.82, 39551.1, 10376.5
47.821, 39551.7, 10376.5
47.822, 39552.3, 10376.4
47.823, 39552.9, 10376.3
47.824, 39553.5, 10376.2
47.825, 39554.1, 10376.2
47.826, 39554.7, 10376.1
47.827, 39555.3, 10376
47.828, 39555.9, 10376
47.829, 39556.5, 10375.9
47.83, 39557.1, 10375.8
47.831, 39557.7, 10375.8
47.832, 39558.3, 10375.7
47.833, 39558.9, 10375.6
47.834, 39559.5, 10375.5
47.835, 39560.2, 10375.5
47.836, 39560.8, 10375.4
47.837, 39561.4, 10375.3
47.838, 39562, 10375.3
47.839, 39562.6, 10375.2
47.84, 39563.2, 10375.1
47.841, 39563.8, 10375.1
47.842, 39564.4, 10375
47.843, 39565, 10374.9
47.844, 39565.6, 10374.8
47.845, 39566.2, 10374.8
47.846, 39566.8, 10374.7
47.847, 39567.4, 10374.6
47.848, 39568, 10374.6
47.849, 39568.6, 10374.5
47.85, 39569.2, 10374.4
47.851, 39569.8, 10374.4
47.852, 39570.4, 10374.3
47.853, 39571.1, 10374.2
47.854, 39571.7, 10374.1
47.855, 39572.3, 10374.1
47.856, 39572.9, 10374
47.857, 39573.5, 10373.9
47.858, 39574.1, 10373.9
47.859, 39574.7, 10373.8
47.86, 39575.3, 10373.7
47.861, 39575.9, 10373.7
47.862, 39576.5, 10373.6
47.863, 39577.1, 10373.5
47.864, 39577.7, 10373.4
47.865, 39578.3, 10373.4
47.866, 39578.9, 10373.3
47.867, 39579.5, 10373.2
47.868, 39580.1, 10373.2
47.869, 39580.7, 10373.1
47.87, 39581.3, 10373
47.871, 39581.9, 10373
47.872, 39582.6, 10372.9
47.873, 39583.2, 10372.8
47.874, 39583.8, 10372.7
47.875, 39584.4, 10372.7
47.876, 39585, 10372.6
47.877, 39585.6, 10372.5
47.878, 39586.2, 10372.5
47.879, 39586.8, 10372.4
47.88, 39587.4, 10372.3
47.881, 39588, 10372.3
47.882, 39588.6, 10372.2
47.883, 39589.2, 10372.1
47.884, 39589.8, 10372
47.885, 39590.4, 10372
47.886, 39591, 10371.9
47.887, 39591.6, 10371.8
47.888, 39592.2, 10371.8
47.889, 39592.8, 10371.7
47.89, 39593.4, 10371.6
47.891, 39594.1, 10371.5
47.892, 39594.7, 10371.5
47.893, 39595.3, 10371.4
47.894, 39595.9, 10371.3
47.895, 39596.5, 10371.3
47.896, 39597.1, 10371.2
47.897, 39597.7, 10371.1
47.898, 39598.3, 10371.1
47.899, 39598.9, 10371
47.9, 39599.5, 10370.9
47.901, 39600.1, 10370.8
47.902, 39600.7, 10370.8
47.903, 39601.3, 10370.7
47.904, 39601.9, 10370.6
47.905, 39602.5, 10370.6
47.906, 39603.1, 10370.5
47.907, 39603.7, 10370.4
47.908, 39604.3, 10370.4
47.909, 39604.9, 10370.3
47.91, 39605.6, 10370.2
47.911, 39606.2, 10370.1
47.912, 39606.8, 10370.1
47.913, 39607.4, 10370
47.914, 39608, 10369.9
47.915, 39608.6, 10369.9
47.916, 39609.2, 10369.8
47.917, 39609.8, 10369.7
47.918, 39610.4, 10369.6
47.919, 39611, 10369.6
47.92, 39611.6, 10369.5
47.921, 39612.2, 10369.4
47.922, 39612.8, 10369.4
47.923, 39613.4, 10369.3
47.924, 39614, 10369.2
47.925, 39614.6, 10369.2
47.926, 39615.2, 10369.1
47.927, 39615.8, 10369
47.928, 39616.4, 10368.9
47.929, 39617, 10368.9
47.93, 39617.7, 10368.8
47.931, 39618.3, 10368.7
47.932, 39618.9, 10368.7
47.933, 39619.5, 10368.6
47.934, 39620.1, 10368.5
47.935, 39620.7, 10368.4
47.936, 39621.3, 10368.4
47.937, 39621.9, 10368.3
47.938, 39622.5, 10368.2
47.939, 39623.1, 10368.2
47.94, 39623.7, 10368.1
47.941, 39624.3, 10368
47.942, 39624.9, 10367.9
47.943, 39625.5, 10367.9
47.944, 39626.1, 10367.8
47.945, 39626.7, 10367.7
47.946, 39627.3, 10367.7
47.947, 39627.9, 10367.6
47.948, 39628.5, 10367.5
47.949, 39629.1, 10367.4
47.95, 39629.8, 10367.4
47.951, 39630.4, 10367.3
47.952, 39631, 10367.2
47.953, 39631.6, 10367.2
47.954, 39632.2, 10367.1
47.955, 39632.8, 10367
47.956, 39633.4, 10367
47.957, 39634, 10366.9
47.958, 39634.6, 10366.8
47.959, 39635.2, 10366.7
47.96, 39635.8, 10366.7
47.961, 39636.4, 10366.6
47.962, 39637, 10366.5
47.963, 39637.6, 10366.5
47.964, 39638.2, 10366.4
47.965, 39638.8, 10366.3
47.966, 39639.4, 10366.2
47.967, 39640, 10366.2
47.968, 39640.6, 10366.1
47.969, 39641.2, 10366
47.97, 39641.9, 10366
47.971, 39642.5, 10365.9
47.972, 39643.1, 10365.8
47.973, 39643.7, 10365.7
47.974, 39644.3, 10365.7
47.975, 39644.9, 10365.6
47.976, 39645.5, 10365.5
47.977, 39646.1, 10365.5
47.978, 39646.7, 10365.4
47.979, 39647.3, 10365.3
47.98, 39647.9, 10365.2
47.981, 39648.5, 10365.2
47.982, 39649.1, 10365.1
47.983, 39649.7, 10365
47.984, 39650.3, 10365
47.985, 39650.9, 10364.9
47.986, 39651.5, 10364.8
47.987, 39652.1, 10364.7
47.988, 39652.7, 10364.7
47.989, 39653.3, 10364.6
47.99, 39653.9, 10364.5
47.991, 39654.6, 10364.5
47.992, 39655.2, 10364.4
47.993, 39655.8, 10364.3
47.994, 39656.4, 10364.2
47.995, 39657, 10364.2
47.996, 39657.6, 10364.1
47.997, 39658.2, 10364
47.998, 39658.8, 10364
47.999, 39659.4, 10363.9
48, 39660, 10363.8
48.001, 39660.6, 10363.7
48.002, 39661.2, 10363.7
48.003, 39661.8, 10363.6
48.004, 39662.4, 10363.5
48.005, 39663, 10363.5
48.006, 39663.6, 10363.4
48.007, 39664.2, 10363.3
48.008, 39664.8, 10363.2
48.009, 39665.4, 10363.2
48.01, 39666, 10363.1
48.011, 39666.6, 10363
48.012, 39667.3, 10363
48.013, 39667.9, 10362.9
48.014, 39668.5, 10362.8
48.015, 39669.1, 10362.7
48.016, 39669.7, 10362.7
48.017, 39670.3, 10362.6
48.018, 39670.9, 10362.5
48.019, 39671.5, 10362.5
48.02, 39672.1, 10362.4
48.021, 39672.7, 10362.3
48.022, 39673.3, 10362.2
48.023, 39673.9, 10362.2
48.024, 39674.5, 10362.1
48.025, 39675.1, 10362
48.026, 39675.7, 10362
48.027, 39676.3, 10361.9
48.028, 39676.9, 10361.8
48.029, 39677.5, 10361.7
48.03, 39678.1, 10361.7
48.031, 39678.7, 10361.6
48.032, 39679.3, 10361.5
48.033, 39679.9, 10361.4
48.034, 39680.6, 10361.4
48.035, 39681.2, 10361.3
48.036, 39681.8, 10361.2
48.037, 39682.4, 10361.2
48.038, 39683, 10361.1
48.039, 39683.6, 10361
48.04, 39684.2, 10360.9
48.041, 39684.8, 10360.9
48.042, 39685.4, 10360.8
48.043, 39686, 10360.7
48.044, 39686.6, 10360.7
48.045, 39687.2, 10360.6
48.046, 39687.8, 10360.5
48.047, 39688.4, 10360.4
48.048, 39689, 10360.4
48.049, 39689.6, 10360.3
48.05, 39690.2, 10360.2
48.051, 39690.8, 10360.2
48.052, 39691.4, 10360.1
48.053, 39692, 10360
48.054, 39692.6, 10359.9
48.055, 39693.2, 10359.9
48.056, 39693.8, 10359.8
48.057, 39694.5, 10359.7
48.058, 39695.1, 10359.6
48.059, 39695.7, 10359.6
48.06, 39696.3, 10359.5
48.061, 39696.9, 10359.4
48.062, 39697.5, 10359.4
48.063, 39698.1, 10359.3
48.064, 39698.7, 10359.2
48.065, 39699.3, 10359.1
48.066, 39699.9, 10359.1
48.067, 39700.5, 10359
48.068, 39701.1, 10358.9
48.069, 39701.7, 10358.9
48.07, 39702.3, 10358.8
48.071, 39702.9, 10358.7
48.072, 39703.5, 10358.6
48.073, 39704.1, 10358.6
48.074, 39704.7, 10358.5
48.075, 39705.3, 10358.4
48.076, 39705.9, 10358.3
48.077, 39706.5, 10358.3
48.078, 39707.1, 10358.2
48.079, 39707.7, 10358.1
48.08, 39708.4, 10358.1
48.081, 39709, 10358
48.082, 39709.6, 10357.9
48.083, 39710.2, 10357.8
48.084, 39710.8, 10357.8
48.085, 39711.4, 10357.7
48.086, 39712, 10357.6
48.087, 39712.6, 10357.6
48.088, 39713.2, 10357.5
48.089, 39713.8, 10357.4
48.09, 39714.4, 10357.3
48.091, 39715, 10357.3
48.092, 39715.6, 10357.2
48.093, 39716.2, 10357.1
48.094, 39716.8, 10357
48.095, 39717.4, 10357
48.096, 39718, 10356.9
48.097, 39718.6, 10356.8
48.098, 39719.2, 10356.8
48.099, 39719.8, 10356.7
48.1, 39720.4, 10356.6
48.101, 39721, 10356.5
48.102, 39721.6, 10356.5
48.103, 39722.3, 10356.4
48.104, 39722.9, 10356.3
48.105, 39723.5, 10356.2
48.106, 39724.1, 10356.2
48.107, 39724.7, 10356.1
48.108, 39725.3, 10356
48.109, 39725.9, 10356
48.11, 39726.5, 10355.9
48.111, 39727.1, 10355.8
48.112, 39727.7, 10355.7
48.113, 39728.3, 10355.7
48.114, 39728.9, 10355.6
48.115, 39729.5, 10355.5
48.116, 39730.1, 10355.4
48.117, 39730.7, 10355.4
48.118, 39731.3, 10355.3
48.119, 39731.9, 10355.2
48.12, 39732.5, 10355.2
48.121, 39733.1, 10355.1
48.122, 39733.7, 10355
48.123, 39734.3, 10354.9
48.124, 39734.9, 10354.9
48.125, 39735.5, 10354.8
48.126, 39736.1, 10354.7
48.127, 39736.7, 10354.6
48.128, 39737.4, 10354.6
48.129, 39738, 10354.5
48.13, 39738.6, 10354.4
48.131, 39739.2, 10354.4
48.132, 39739.8, 10354.3
48.133, 39740.4, 10354.2
48.134, 39741, 10354.1
48.135, 39741.6, 10354.1
48.136, 39742.2, 10354
48.137, 39742.8, 10353.9
48.138, 39743.4, 10353.8
48.139, 39744, 10353.8
48.14, 39744.6, 10353.7
48.141, 39745.2, 10353.6
48.142, 39745.8, 10353.6
48.143, 39746.4, 10353.5
48.144, 39747, 10353.4
48.145, 39747.6, 10353.3
48.146, 39748.2, 10353.3
48.147, 39748.8, 10353.2
48.148, 39749.4, 10353.1
48.149, 39750, 10353
48.15, 39750.6, 10353
48.151, 39751.2, 10352.9
48.152, 39751.8, 10352.8
48.153, 39752.5, 10352.7
48.154, 39753.1, 10352.7
48.155, 39753.7, 10352.6
48.156, 39754.3, 10352.5
48.157, 39754.9, 10352.5
48.158, 39755.5, 10352.4
48.159, 39756.1, 10352.3
48.16, 39756.7, 10352.2
48.161, 39757.3, 10352.2
48.162, 39757.9, 10352.1
48.163, 39758.5, 10352
48.164, 39759.1, 10351.9
48.165, 39759.7, 10351.9
48.166, 39760.3, 10351.8
48.167, 39760.9, 10351.7
48.168, 39761.5, 10351.7
48.169, 39762.1, 10351.6
48.17, 39762.7, 10351.5
48.171, 39763.3, 10351.4
48.172, 39763.9, 10351.4
48.173, 39764.5, 10351.3
48.174, 39765.1, 10351.2
48.175, 39765.7, 10351.1
48.176, 39766.3, 10351.1
48.177, 39766.9, 10351
48.178, 39767.6, 10350.9
48.179, 39768.2, 10350.8
48.18, 39768.8, 10350.8
48.181, 39769.4, 10350.7
48.182, 39770, 10350.6
48.183, 39770.6, 10350.6
48.184, 39771.2, 10350.5
48.185, 39771.8, 10350.4
48.186, 39772.4, 10350.3
48.187, 39773, 10350.3
48.188, 39773.6, 10350.2
48.189, 39774.2, 10350.1
48.19, 39774.8, 10350
48.191, 39775.4, 10350
48.192, 39776, 10349.9
48.193, 39776.6, 10349.8
48.194, 39777.2, 10349.7
48.195, 39777.8, 10349.7
48.196, 39778.4, 10349.6
48.197, 39779, 10349.5
48.198, 39779.6, 10349.4
48.199, 39780.2, 10349.4
48.2, 39780.8, 10349.3
48.201, 39781.4, 10349.2
48.202, 39782, 10349.2
48.203, 39782.6, 10349.1
48.204, 39783.2, 10349
48.205, 39783.9, 10348.9
48.206, 39784.5, 10348.9
48.207, 39785.1, 10348.8
48.208, 39785.7, 10348.7
48.209, 39786.3, 10348.6
48.21, 39786.9, 10348.6
48.211, 39787.5, 10348.5
48.212, 39788.1, 10348.4
48.213, 39788.7, 10348.3
48.214, 39789.3, 10348.3
48.215, 39789.9, 10348.2
48.216, 39790.5, 10348.1
48.217, 39791.1, 10348
48.218, 39791.7, 10348
48.219, 39792.3, 10347.9
48.22, 39792.9, 10347.8
48.221, 39793.5, 10347.8
48.222, 39794.1, 10347.7
48.223, 39794.7, 10347.6
48.224, 39795.3, 10347.5
48.225, 39795.9, 10347.5
48.226, 39796.5, 10347.4
48.227, 39797.1, 10347.3
48.228, 39797.7, 10347.2
48.229, 39798.3, 10347.2
48.23, 39798.9, 10347.1
48.231, 39799.5, 10347
48.232, 39800.1, 10346.9
48.233, 39800.8, 10346.9
48.234, 39801.4, 10346.8
48.235, 39802, 10346.7
48.236, 39802.6, 10346.6
48.237, 39803.2, 10346.6
48.238, 39803.8, 10346.5
48.239, 39804.4, 10346.4
48.24, 39805, 10346.3
48.241, 39805.6, 10346.3
48.242, 39806.2, 10346.2
48.243, 39806.8, 10346.1
48.244, 39807.4, 10346.1
48.245, 39808, 10346
48.246, 39808.6, 10345.9
48.247, 39809.2, 10345.8
48.248, 39809.8, 10345.8
48.249, 39810.4, 10345.7
48.25, 39811, 10345.6
48.251, 39811.6, 10345.5
48.252, 39812.2, 10345.5
48.253, 39812.8, 10345.4
48.254, 39813.4, 10345.3
48.255, 39814, 10345.2
48.256, 39814.6, 10345.2
48.257, 39815.2, 10345.1
48.258, 39815.8, 10345
48.259, 39816.4, 10344.9
48.26, 39817, 10344.9
48.261, 39817.6, 10344.8
48.262, 39818.3, 10344.7
48.263, 39818.9, 10344.6
48.264, 39819.5, 10344.6
48.265, 39820.1, 10344.5
48.266, 39820.7, 10344.4
48.267, 39821.3, 10344.3
48.268, 39821.9, 10344.3
48.269, 39822.5, 10344.2
48.27, 39823.1, 10344.1
48.271, 39823.7, 10344
48.272, 39824.3, 10344
48.273, 39824.9, 10343.9
48.274, 39825.5, 10343.8
48.275, 39826.1, 10343.8
48.276, 39826.7, 10343.7
48.277, 39827.3, 10343.6
48.278, 39827.9, 10343.5
48.279, 39828.5, 10343.5
48.28, 39829.1, 10343.4
48.281, 39829.7, 10343.3
48.282, 39830.3, 10343.2
48.283, 39830.9, 10343.2
48.284, 39831.5, 10343.1
48.285, 39832.1, 10343
48.286, 39832.7, 10342.9
48.287, 39833.3, 10342.9
48.288, 39833.9, 10342.8
48.289, 39834.5, 10342.7
48.29, 39835.1, 10342.6
48.291, 39835.7, 10342.6
48.292, 39836.4, 10342.5
48.293, 39837, 10342.4
48.294, 39837.6, 10342.3
48.295, 39838.2, 10342.3
48.296, 39838.8, 10342.2
48.297, 39839.4, 10342.1
48.298, 39840, 10342
48.299, 39840.6, 10342
48.3, 39841.2, 10341.9
48.301, 39841.8, 10341.8
48.302, 39842.4, 10341.7
48.303, 39843, 10341.7
48.304, 39843.6, 10341.6
48.305, 39844.2, 10341.5
48.306, 39844.8, 10341.4
48.307, 39845.4, 10341.4
48.308, 39846, 10341.3
48.309, 39846.6, 10341.2
48.31, 39847.2, 10341.1
48.311, 39847.8, 10341.1
48.312, 39848.4, 10341
48.313, 39849, 10340.9
48.314, 39849.6, 10340.8
48.315, 39850.2, 10340.8
48.316, 39850.8, 10340.7
48.317, 39851.4, 10340.6
48.318, 39852, 10340.5
48.319, 39852.6, 10340.5
48.32, 39853.2, 10340.4
48.321, 39853.8, 10340.3
48.322, 39854.4, 10340.2
48.323, 39855, 10340.2
48.324, 39855.7, 10340.1
48.325, 39856.3, 10340
48.326, 39856.9, 10339.9
48.327, 39857.5, 10339.9
48.328, 39858.1, 10339.8
48.329, 39858.7, 10339.7
48.33, 39859.3, 10339.6
48.331, 39859.9, 10339.6
48.332, 39860.5, 10339.5
48.333, 39861.1, 10339.4
48.334, 39861.7, 10339.3
48.335, 39862.3, 10339.3
48.336, 39862.9, 10339.2
48.337, 39863.5, 10339.1
48.338, 39864.1, 10339
48.339, 39864.7, 10339
48.34, 39865.3, 10338.9
48.341, 39865.9, 10338.8
48.342, 39866.5, 10338.7
48.343, 39867.1, 10338.7
48.344, 39867.7, 10338.6
48.345, 39868.3, 10338.5
48.346, 39868.9, 10338.4
48.347, 39869.5, 10338.4
48.348, 39870.1, 10338.3
48.349, 39870.7, 10338.2
48.35, 39871.3, 10338.1
48.351, 39871.9, 10338.1
48.352, 39872.5, 10338
48.353, 39873.1, 10337.9
48.354, 39873.7, 10337.8
48.355, 39874.3, 10337.8
48.356, 39874.9, 10337.7
48.357, 39875.5, 10337.6
48.358, 39876.2, 10337.5
48.359, 39876.8, 10337.5
48.36, 39877.4, 10337.4
48.361, 39878, 10337.3
48.362, 39878.6, 10337.2
48.363, 39879.2, 10337.2
48.364, 39879.8, 10337.1
48.365, 39880.4, 10337
48.366, 39881, 10336.9
48.367, 39881.6, 10336.9
48.368, 39882.2, 10336.8
48.369, 39882.8, 10336.7
48.37, 39883.4, 10336.6
48.371, 39884, 10336.6
48.372, 39884.6, 10336.5
48.373, 39885.2, 10336.4
48.374, 39885.8, 10336.3
48.375, 39886.4, 10336.3
48.376, 39887, 10336.2
48.377, 39887.6, 10336.1
48.378, 39888.2, 10336
48.379, 39888.8, 10336
48.38, 39889.4, 10335.9
48.381, 39890, 10335.8
48.382, 39890.6, 10335.7
48.383, 39891.2, 10335.7
48.384, 39891.8, 10335.6
48.385, 39892.4, 10335.5
48.386, 39893, 10335.4
48.387, 39893.6, 10335.4
48.388, 39894.2, 10335.3
48.389, 39894.8, 10335.2
48.39, 39895.4, 10335.1
48.391, 39896, 10335.1
48.392, 39896.6, 10335
48.393, 39897.3, 10334.9
48.394, 39897.9, 10334.8
48.395, 39898.5, 10334.7
48.396, 39899.1, 10334.7
48.397, 39899.7, 10334.6
48.398, 39900.3, 10334.5
48.399, 39900.9, 10334.4
48.4, 39901.5, 10334.4
48.401, 39902.1, 10334.3
48.402, 39902.7, 10334.2
48.403, 39903.3, 10334.1
48.404, 39903.9, 10334.1
48.405, 39904.5, 10334
48.406, 39905.1, 10333.9
48.407, 39905.7, 10333.8
48.408, 39906.3, 10333.8
48.409, 39906.9, 10333.7
48.41, 39907.5, 10333.6
48.411, 39908.1, 10333.5
48.412, 39908.7, 10333.5
48.413, 39909.3, 10333.4
48.414, 39909.9, 10333.3
48.415, 39910.5, 10333.2
48.416, 39911.1, 10333.2
48.417, 39911.7, 10333.1
48.418, 39912.3, 10333
48.419, 39912.9, 10332.9
48.42, 39913.5, 10332.9
48.421, 39914.1, 10332.8
48.422, 39914.7, 10332.7
48.423, 39915.3, 10332.6
48.424, 39915.9, 10332.5
48.425, 39916.5, 10332.5
48.426, 39917.1, 10332.4
48.427, 39917.7, 10332.3
48.428, 39918.3, 10332.2
48.429, 39918.9, 10332.2
48.43, 39919.5, 10332.1
48.431, 39920.2, 10332
48.432, 39920.8, 10331.9
48.433, 39921.4, 10331.9
48.434, 39922, 10331.8
48.435, 39922.6, 10331.7
48.436, 39923.2, 10331.6
48.437, 39923.8, 10331.6
48.438, 39924.4, 10331.5
48.439, 39925, 10331.4
48.44, 39925.6, 10331.3
48.441, 39926.2, 10331.3
48.442, 39926.8, 10331.2
48.443, 39927.4, 10331.1
48.444, 39928, 10331
48.445, 39928.6, 10331
48.446, 39929.2, 10330.9
48.447, 39929.8, 10330.8
48.448, 39930.4, 10330.7
48.449, 39931, 10330.6
48.45, 39931.6, 10330.6
48.451, 39932.2, 10330.5
48.452, 39932.8, 10330.4
48.453, 39933.4, 10330.3
48.454, 39934, 10330.3
48.455, 39934.6, 10330.2
48.456, 39935.2, 10330.1
48.457, 39935.8, 10330
48.458, 39936.4, 10330
48.459, 39937, 10329.9
48.46, 39937.6, 10329.8
48.461, 39938.2, 10329.7
48.462, 39938.8, 10329.7
48.463, 39939.4, 10329.6
48.464, 39940, 10329.5
48.465, 39940.6, 10329.4
48.466, 39941.2, 10329.4
48.467, 39941.8, 10329.3
48.468, 39942.4, 10329.2
48.469, 39943, 10329.1
48.47, 39943.6, 10329
48.471, 39944.2, 10329
48.472, 39944.8, 10328.9
48.473, 39945.5, 10328.8
48.474, 39946.1, 10328.7
48.475, 39946.7, 10328.7
48.476, 39947.3, 10328.6
48.477, 39947.9, 10328.5
48.478, 39948.5, 10328.4
48.479, 39949.1, 10328.4
48.48, 39949.7, 10328.3
48.481, 39950.3, 10328.2
48.482, 39950.9, 10328.1
48.483, 39951.5, 10328.1
48.484, 39952.1, 10328
48.485, 39952.7, 10327.9
48.486, 39953.3, 10327.8
48.487, 39953.9, 10327.7
48.488, 39954.5, 10327.7
48.489, 39955.1, 10327.6
48.49, 39955.7, 10327.5
48.491, 39956.3, 10327.4
48.492, 39956.9, 10327.4
48.493, 39957.5, 10327.3
48.494, 39958.1, 10327.2
48.495, 39958.7, 10327.1
48.496, 39959.3, 10327.1
48.497, 39959.9, 10327
48.498, 39960.5, 10326.9
48.499, 39961.1, 10326.8
48.5, 39961.7, 10326.7
48.501, 39962.3, 10326.7
48.502, 39962.9, 10326.6
48.503, 39963.5, 10326.5
48.504, 39964.1, 10326.4
48.505, 39964.7, 10326.4
48.506, 39965.3, 10326.3
48.507, 39965.9, 10326.2
48.508, 39966.5, 10326.1
48.509, 39967.1, 10326.1
48.51, 39967.7, 10326
48.511, 39968.3, 10325.9
48.512, 39968.9, 10325.8
48.513, 39969.5, 10325.7
48.514, 39970.1, 10325.7
48.515, 39970.7, 10325.6
48.516, 39971.3, 10325.5
48.517, 39971.9, 10325.4
48.518, 39972.6, 10325.4
48.519, 39973.2, 10325.3
48.52, 39973.8, 10325.2
48.521, 39974.4, 10325.1
48.522, 39975, 10325.1
48.523, 39975.6, 10325
48.524, 39976.2, 10324.9
48.525, 39976.8, 10324.8
48.526, 39977.4, 10324.7
48.527, 39978, 10324.7
48.528, 39978.6, 10324.6
48.529, 39979.2, 10324.5
48.53, 39979.8, 10324.4
48.531, 39980.4, 10324.4
48.532, 39981, 10324.3
48.533, 39981.6, 10324.2
48.534, 39982.2, 10324.1
48.535, 39982.8, 10324.1
48.536, 39983.4, 10324
48.537, 39984, 10323.9
48.538, 39984.6, 10323.8
48.539, 39985.2, 10323.7
48.54, 39985.8, 10323.7
48.541, 39986.4, 10323.6
48.542, 39987, 10323.5
48.543, 39987.6, 10323.4
48.544, 39988.2, 10323.4
48.545, 39988.8, 10323.3
48.546, 39989.4, 10323.2
48.547, 39990, 10323.1
48.548, 39990.6, 10323.1
48.549, 39991.2, 10323
48.55, 39991.8, 10322.9
48.551, 39992.4, 10322.8
48.552, 39993, 10322.7
48.553, 39993.6, 10322.7
48.554, 39994.2, 10322.6
48.555, 39994.8, 10322.5
48.556, 39995.4, 10322.4
48.557, 39996, 10322.4
48.558, 39996.6, 10322.3
48.559, 39997.2, 10322.2
48.56, 39997.8, 10322.1
48.561, 39998.4, 10322
48.562, 39999, 10322
48.563, 39999.6, 10321.9
48.564, 40000.2, 10321.8
48.565, 40000.8, 10321.7
48.566, 40001.4, 10321.7
48.567, 40002, 10321.6
48.568, 40002.6, 10321.5
48.569, 40003.3, 10321.4
48.57, 40003.9, 10321.4
48.571, 40004.5, 10321.3
48.572, 40005.1, 10321.2
48.573, 40005.7, 10321.1
48.574, 40006.3, 10321
48.575, 40006.9, 10321
48.576, 40007.5, 10320.9
48.577, 40008.1, 10320.8
48.578, 40008.7, 10320.7
48.579, 40009.3, 10320.7
48.58, 40009.9, 10320.6
48.581, 40010.5, 10320.5
48.582, 40011.1, 10320.4
48.583, 40011.7, 10320.3
48.584, 40012.3, 10320.3
48.585, 40012.9, 10320.2
48.586, 40013.5, 10320.1
48.587, 40014.1, 10320
48.588, 40014.7, 10320
48.589, 40015.3, 10319.9
48.59, 40015.9, 10319.8
48.591, 40016.5, 10319.7
48.592, 40017.1, 10319.6
48.593, 40017.7, 10319.6
48.594, 40018.3, 10319.5
48.595, 40018.9, 10319.4
48.596, 40019.5, 10319.3
48.597, 40020.1, 10319.3
48.598, 40020.7, 10319.2
48.599, 40021.3, 10319.1
48.6, 40021.9, 10319
48.601, 40022.5, 10318.9
48.602, 40023.1, 10318.9
48.603, 40023.7, 10318.8
48.604, 40024.3, 10318.7
48.605, 40024.9, 10318.6
48.606, 40025.5, 10318.6
48.607, 40026.1, 10318.5
48.608, 40026.7, 10318.4
48.609, 40027.3, 10318.3
48.61, 40027.9, 10318.2
48.611, 40028.5, 10318.2
48.612, 40029.1, 10318.1
48.613, 40029.7, 10318
48.614, 40030.3, 10317.9
48.615, 40030.9, 10317.9
48.616, 40031.5, 10317.8
48.617, 40032.1, 10317.7
48.618, 40032.7, 10317.6
48.619, 40033.3, 10317.5
48.62, 40033.9, 10317.5
48.621, 40034.5, 10317.4
48.622, 40035.1, 10317.3
48.623, 40035.7, 10317.2
48.624, 40036.3, 10317.2
48.625, 40036.9, 10317.1
48.626, 40037.5, 10317
48.627, 40038.1, 10316.9
48.628, 40038.8, 10316.8
48.629, 40039.4, 10316.8
48.63, 40040, 10316.7
48.631, 40040.6, 10316.6
48.632, 40041.2, 10316.5
48.633, 40041.8, 10316.4
48.634, 40042.4, 10316.4
48.635, 40043, 10316.3
48.636, 40043.6, 10316.2
48.637, 40044.2, 10316.1
48.638, 40044.8, 10316.1
48.639, 40045.4, 10316
48.64, 40046, 10315.9
48.641, 40046.6, 10315.8
48.642, 40047.2, 10315.7
48.643, 40047.8, 10315.7
48.644, 40048.4, 10315.6
48.645, 40049, 10315.5
48.646, 40049.6, 10315.4
48.647, 40050.2, 10315.4
48.648, 40050.8, 10315.3
48.649, 40051.4, 10315.2
48.65, 40052, 10315.1
48.651, 40052.6, 10315
48.652, 40053.2, 10315
48.653, 40053.8, 10314.9
48.654, 40054.4, 10314.8
48.655, 40055, 10314.7
48.656, 40055.6, 10314.6
48.657, 40056.2, 10314.6
48.658, 40056.8, 10314.5
48.659, 40057.4, 10314.4
48.66, 40058, 10314.3
48.661, 40058.6, 10314.3
48.662, 40059.2, 10314.2
48.663, 40059.8, 10314.1
48.664, 40060.4, 10314
48.665, 40061, 10313.9
48.666, 40061.6, 10313.9
48.667, 40062.2, 10313.8
48.668, 40062.8, 10313.7
48.669, 40063.4, 10313.6
48.67, 40064, 10313.6
48.671, 40064.6, 10313.5
48.672, 40065.2, 10313.4
48.673, 40065.8, 10313.3
48.674, 40066.4, 10313.2
48.675, 40067, 10313.2
48.676, 40067.6, 10313.1
48.677, 40068.2, 10313
48.678, 40068.8, 10312.9
48.679, 40069.4, 10312.8
48.68, 40070, 10312.8
48.681, 40070.6, 10312.7
48.682, 40071.2, 10312.6
48.683, 40071.8, 10312.5
48.684, 40072.4, 10312.5
48.685, 40073, 10312.4
48.686, 40073.6, 10312.3
48.687, 40074.2, 10312.2
48.688, 40074.8, 10312.1
48.689, 40075.4, 10312.1
48.69, 40076, 10312
48.691, 40076.6, 10311.9
48.692, 40077.2, 10311.8
48.693, 40077.8, 10311.7
48.694, 40078.4, 10311.7
48.695, 40079, 10311.6
48.696, 40079.6, 10311.5
48.697, 40080.2, 10311.4
48.698, 40080.8, 10311.3
48.699, 40081.4, 10311.3
48.7, 40082, 10311.2
48.701, 40082.7, 10311.1
48.702, 40083.3, 10311
48.703, 40083.9, 10311
48.704, 40084.5, 10310.9
48.705, 40085.1, 10310.8
48.706, 40085.7, 10310.7
48.707, 40086.3, 10310.6
48.708, 40086.9, 10310.6
48.709, 40087.5, 10310.5
48.71, 40088.1, 10310.4
48.711, 40088.7, 10310.3
48.712, 40089.3, 10310.2
48.713, 40089.9, 10310.2
48.714, 40090.5, 10310.1
48.715, 40091.1, 10310
48.716, 40091.7, 10309.9
48.717, 40092.3, 10309.8
48.718, 40092.9, 10309.8
48.719, 40093.5, 10309.7
48.72, 40094.1, 10309.6
48.721, 40094.7, 10309.5
48.722, 40095.3, 10309.5
48.723, 40095.9, 10309.4
48.724, 40096.5, 10309.3
48.725, 40097.1, 10309.2
48.726, 40097.7, 10309.1
48.727, 40098.3, 10309.1
48.728, 40098.9, 10309
48.729, 40099.5, 10308.9
48.73, 40100.1, 10308.8
48.731, 40100.7, 10308.7
48.732, 40101.3, 10308.7
48.733, 40101.9, 10308.6
48.734, 40102.5, 10308.5
48.735, 40103.1, 10308.4
48.736, 40103.7, 10308.3
48.737, 40104.3, 10308.3
48.738, 40104.9, 10308.2
48.739, 40105.5, 10308.1
48.74, 40106.1, 10308
48.741, 40106.7, 10307.9
48.742, 40107.3, 10307.9
48.743, 40107.9, 10307.8
48.744, 40108.5, 10307.7
48.745, 40109.1, 10307.6
48.746, 40109.7, 10307.6
48.747, 40110.3, 10307.5
48.748, 40110.9, 10307.4
48.749, 40111.5, 10307.3
48.75, 40112.1, 10307.2
48.751, 40112.7, 10307.2
48.752, 40113.3, 10307.1
48.753, 40113.9, 10307
48.754, 40114.5, 10306.9
48.755, 40115.1, 10306.8
48.756, 40115.7, 10306.8
48.757, 40116.3, 10306.7
48.758, 40116.9, 10306.6
48.759, 40117.5, 10306.5
48.76, 40118.1, 10306.4
48.761, 40118.7, 10306.4
48.762, 40119.3, 10306.3
48.763, 40119.9, 10306.2
48.764, 40120.5, 10306.1
48.765, 40121.1, 10306
48.766, 40121.7, 10306
48.767, 40122.3, 10305.9
48.768, 40122.9, 10305.8
48.769, 40123.5, 10305.7
48.77, 40124.1, 10305.6
48.771, 40124.7, 10305.6
48.772, 40125.3, 10305.5
48.773, 40125.9, 10305.4
48.774, 40126.5, 10305.3
48.775, 40127.1, 10305.2
48.776, 40127.7, 10305.2
48.777, 40128.3, 10305.1
48.778, 40128.9, 10305
48.779, 40129.5, 10304.9
48.78, 40130.1, 10304.9
48.781, 40130.7, 10304.8
48.782, 40131.3, 10304.7
48.783, 40131.9, 10304.6
48.784, 40132.5, 10304.5
48.785, 40133.1, 10304.5
48.786, 40133.7, 10304.4
48.787, 40134.3, 10304.3
48.788, 40134.9, 10304.2
48.789, 40135.5, 10304.1
48.79, 40136.1, 10304.1
48.791, 40136.7, 10304
48.792, 40137.3, 10303.9
48.793, 40137.9, 10303.8
48.794, 40138.5, 10303.7
48.795, 40139.1, 10303.7
48.796, 40139.7, 10303.6
48.797, 40140.3, 10303.5
48.798, 40140.9, 10303.4
48.799, 40141.5, 10303.3
48.8, 40142.1, 10303.3
48.801, 40142.7, 10303.2
48.802, 40143.3, 10303.1
48.803, 40143.9, 10303
48.804, 40144.5, 10302.9
48.805, 40145.1, 10302.9
48.806, 40145.7, 10302.8
48.807, 40146.3, 10302.7
48.808, 40146.9, 10302.6
48.809, 40147.5, 10302.5
48.81, 40148.1, 10302.5
48.811, 40148.8, 10302.4
48.812, 40149.4, 10302.3
48.813, 40150, 10302.2
48.814, 40150.6, 10302.1
48.815, 40151.2, 10302.1
48.816, 40151.8, 10302
48.817, 40152.4, 10301.9
48.818, 40153, 10301.8
48.819, 40153.6, 10301.7
48.82, 40154.2, 10301.7
48.821, 40154.8, 10301.6
48.822, 40155.4, 10301.5
48.823, 40156, 10301.4
48.824, 40156.6, 10301.3
48.825, 40157.2, 10301.3
48.826, 40157.8, 10301.2
48.827, 40158.4, 10301.1
48.828, 40159, 10301
48.829, 40159.6, 10300.9
48.83, 40160.2, 10300.9
48.831, 40160.8, 10300.8
48.832, 40161.4, 10300.7
48.833, 40162, 10300.6
48.834, 40162.6, 10300.5
48.835, 40163.2, 10300.5
48.836, 40163.8, 10300.4
48.837, 40164.4, 10300.3
48.838, 40165, 10300.2
48.839, 40165.6, 10300.1
48.84, 40166.2, 10300.1
48.841, 40166.8, 10300
48.842, 40167.4, 10299.9
48.843, 40168, 10299.8
48.844, 40168.6, 10299.7
48.845, 40169.2, 10299.6
48.846, 40169.8, 10299.6
48.847, 40170.4, 10299.5
48.848, 40171, 10299.4
48.849, 40171.6, 10299.3
48.85, 40172.2, 10299.2
48.851, 40172.8, 10299.2
48.852, 40173.4, 10299.1
48.853, 40174, 10299
48.854, 40174.6, 10298.9
48.855, 40175.2, 10298.8
48.856, 40175.8, 10298.8
48.857, 40176.4, 10298.7
48.858, 40177, 10298.6
48.859, 40177.6, 10298.5
48.86, 40178.2, 10298.4
48.861, 40178.8, 10298.4
48.862, 40179.4, 10298.3
48.863, 40180, 10298.2
48.864, 40180.6, 10298.1
48.865, 40181.2, 10298
48.866, 40181.8, 10298
48.867, 40182.4, 10297.9
48.868, 40183, 10297.8
48.869, 40183.6, 10297.7
48.87, 40184.2, 10297.6
48.871, 40184.8, 10297.6
48.872, 40185.4, 10297.5
48.873, 40186, 10297.4
48.874, 40186.6, 10297.3
48.875, 40187.2, 10297.2
48.876, 40187.8, 10297.2
48.877, 40188.4, 10297.1
48.878, 40189, 10297
48.879, 40189.6, 10296.9
48.88, 40190.2, 10296.8
48.881, 40190.8, 10296.8
48.882, 40191.4, 10296.7
48.883, 40192, 10296.6
48.884, 40192.6, 10296.5
48.885, 40193.2, 10296.4
48.886, 40193.8, 10296.3
48.887, 40194.4, 10296.3
48.888, 40195, 10296.2
48.889, 40195.6, 10296.1
48.89, 40196.2, 10296
48.891, 40196.8, 10295.9
48.892, 40197.4, 10295.9
48.893, 40198, 10295.8
48.894, 40198.6, 10295.7
48.895, 40199.2, 10295.6
48.896, 40199.8, 10295.5
48.897, 40200.4, 10295.5
48.898, 40201, 10295.4
48.899, 40201.6, 10295.3
48.9, 40202.2, 10295.2
48.901, 40202.8, 10295.1
48.902, 40203.4, 10295.1
48.903, 40204, 10295
48.904, 40204.6, 10294.9
48.905, 40205.2, 10294.8
48.906, 40205.8, 10294.7
48.907, 40206.4, 10294.6
48.908, 40207, 10294.6
48.909, 40207.6, 10294.5
48.91, 40208.2, 10294.4
48.911, 40208.8, 10294.3
48.912, 40209.4, 10294.2
48.913, 40210, 10294.2
48.914, 40210.6, 10294.1
48.915, 40211.2, 10294
48.916, 40211.8, 10293.9
48.917, 40212.4, 10293.8
48.918, 40213, 10293.8
48.919, 40213.6, 10293.7
48.92, 40214.2, 10293.6
48.921, 40214.8, 10293.5
48.922, 40215.4, 10293.4
48.923, 40216, 10293.4
48.924, 40216.6, 10293.3
48.925, 40217.2, 10293.2
48.926, 40217.8, 10293.1
48.927, 40218.4, 10293
48.928, 40219, 10292.9
48.929, 40219.6, 10292.9
48.93, 40220.2, 10292.8
48.931, 40220.8, 10292.7
48.932, 40221.4, 10292.6
48.933, 40222, 10292.5
48.934, 40222.6, 10292.5
48.935, 40223.2, 10292.4
48.936, 40223.8, 10292.3
48.937, 40224.4, 10292.2
48.938, 40225, 10292.1
48.939, 40225.6, 10292.1
48.94, 40226.2, 10292
48.941, 40226.8, 10291.9
48.942, 40227.4, 10291.8
48.943, 40228, 10291.7
48.944, 40228.6, 10291.6
48.945, 40229.2, 10291.6
48.946, 40229.8, 10291.5
48.947, 40230.4, 10291.4
48.948, 40231, 10291.3
48.949, 40231.6, 10291.2
48.95, 40232.2, 10291.2
48.951, 40232.8, 10291.1
48.952, 40233.4, 10291
48.953, 40234, 10290.9
48.954, 40234.6, 10290.8
48.955, 40235.2, 10290.7
48.956, 40235.8, 10290.7
48.957, 40236.4, 10290.6
48.958, 40237, 10290.5
48.959, 40237.6, 10290.4
48.96, 40238.2, 10290.3
48.961, 40238.8, 10290.3
48.962, 40239.4, 10290.2
48.963, 40240, 10290.1
48.964, 40240.6, 10290
48.965, 40241.2, 10289.9
48.966, 40241.8, 10289.9
48.967, 40242.4, 10289.8
48.968, 40243, 10289.7
48.969, 40243.6, 10289.6
48.97, 40244.2, 10289.5
48.971, 40244.8, 10289.4
48.972, 40245.4, 10289.4
48.973, 40246, 10289.3
48.974, 40246.6, 10289.2
48.975, 40247.2, 10289.1
48.976, 40247.8, 10289
48.977, 40248.4, 10289
48.978, 40249, 10288.9
48.979, 40249.6, 10288.8
48.98, 40250.2, 10288.7
48.981, 40250.8, 10288.6
48.982, 40251.4, 10288.5
48.983, 40252, 10288.5
48.984, 40252.6, 10288.4
48.985, 40253.2, 10288.3
48.986, 40253.8, 10288.2
48.987, 40254.4, 10288.1
48.988, 40255, 10288.1
48.989, 40255.6, 10288
48.99, 40256.2, 10287.9
48.991, 40256.8, 10287.8
48.992, 40257.4, 10287.7
48.993, 40258, 10287.6
48.994, 40258.6, 10287.6
48.995, 40259.2, 10287.5
48.996, 40259.8, 10287.4
48.997, 40260.4, 10287.3
48.998, 40261, 10287.2
48.999, 40261.6, 10287.2
49, 40262.2, 10287.1
49.001, 40262.8, 10287
49.002, 40263.4, 10286.9
49.003, 40264, 10286.8
49.004, 40264.6, 10286.7
49.005, 40265.2, 10286.7
49.006, 40265.8, 10286.6
49.007, 40266.4, 10286.5
49.008, 40267, 10286.4
49.009, 40267.6, 10286.3
49.01, 40268.2, 10286.2
49.011, 40268.8, 10286.2
49.012, 40269.4, 10286.1
49.013, 40270, 10286
49.014, 40270.6, 10285.9
49.015, 40271.2, 10285.8
49.016, 40271.8, 10285.8
49.017, 40272.4, 10285.7
49.018, 40273, 10285.6
49.019, 40273.6, 10285.5
49.02, 40274.2, 10285.4
49.021, 40274.8, 10285.3
49.022, 40275.4, 10285.3
49.023, 40276, 10285.2
49.024, 40276.6, 10285.1
49.025, 40277.2, 10285
49.026, 40277.8, 10284.9
49.027, 40278.4, 10284.9
49.028, 40279, 10284.8
49.029, 40279.6, 10284.7
49.03, 40280.2, 10284.6
49.031, 40280.8, 10284.5
49.032, 40281.4, 10284.4
49.033, 40282, 10284.4
49.034, 40282.6, 10284.3
49.035, 40283.2, 10284.2
49.036, 40283.8, 10284.1
49.037, 40284.4, 10284
49.038, 40285, 10283.9
49.039, 40285.6, 10283.9
49.04, 40286.2, 10283.8
49.041, 40286.8, 10283.7
49.042, 40287.4, 10283.6
49.043, 40288, 10283.5
49.044, 40288.6, 10283.5
49.045, 40289.2, 10283.4
49.046, 40289.8, 10283.3
49.047, 40290.4, 10283.2
49.048, 40291, 10283.1
49.049, 40291.6, 10283
49.05, 40292.2, 10283
49.051, 40292.8, 10282.9
49.052, 40293.4, 10282.8
49.053, 40294, 10282.7
49.054, 40294.6, 10282.6
49.055, 40295.2, 10282.5
49.056, 40295.8, 10282.5
49.057, 40296.4, 10282.4
49.058, 40297, 10282.3
49.059, 40297.6, 10282.2
49.06, 40298.2, 10282.1
49.061, 40298.8, 10282
49.062, 40299.4, 10282
49.063, 40299.9, 10281.9
49.064, 40300.5, 10281.8
49.065, 40301.1, 10281.7
49.066, 40301.7, 10281.6
49.067, 40302.3, 10281.6
49.068, 40302.9, 10281.5
49.069, 40303.5, 10281.4
49.07, 40304.1, 10281.3
49.071, 40304.7, 10281.2
49.072, 40305.3, 10281.1
49.073, 40305.9, 10281.1
49.074, 40306.5, 10281
49.075, 40307.1, 10280.9
49.076, 40307.7, 10280.8
49.077, 40308.3, 10280.7
49.078, 40308.9, 10280.6
49.079, 40309.5, 10280.6
49.08, 40310.1, 10280.5
49.081, 40310.7, 10280.4
49.082, 40311.3, 10280.3
49.083, 40311.9, 10280.2
49.084, 40312.5, 10280.1
49.085, 40313.1, 10280.1
49.086, 40313.7, 10280
49.087, 40314.3, 10279.9
49.088, 40314.9, 10279.8
49.089, 40315.5, 10279.7
49.09, 40316.1, 10279.6
49.091, 40316.7, 10279.6
49.092, 40317.3, 10279.5
49.093, 40317.9, 10279.4
49.094, 40318.5, 10279.3
49.095, 40319.1, 10279.2
49.096, 40319.7, 10279.2
49.097, 40320.3, 10279.1
49.098, 40320.9, 10279
49.099, 40321.5, 10278.9
49.1, 40322.1, 10278.8
49.101, 40322.7, 10278.7
49.102, 40323.3, 10278.7
49.103, 40323.9, 10278.6
49.104, 40324.5, 10278.5
49.105, 40325.1, 10278.4
49.106, 40325.7, 10278.3
49.107, 40326.3, 10278.2
49.108, 40326.9, 10278.2
49.109, 40327.5, 10278.1
49.11, 40328.1, 10278
49.111, 40328.7, 10277.9
49.112, 40329.3, 10277.8
49.113, 40329.9, 10277.7
49.114, 40330.5, 10277.7
49.115, 40331.1, 10277.6
49.116, 40331.7, 10277.5
49.117, 40332.3, 10277.4
49.118, 40332.9, 10277.3
49.119, 40333.5, 10277.2
49.12, 40334.1, 10277.2
49.121, 40334.7, 10277.1
49.122, 40335.3, 10277
49.123, 40335.9, 10276.9
49.124, 40336.5, 10276.8
49.125, 40337.1, 10276.7
49.126, 40337.7, 10276.7
49.127, 40338.3, 10276.6
49.128, 40338.9, 10276.5
49.129, 40339.5, 10276.4
49.13, 40340.1, 10276.3
49.131, 40340.7, 10276.2
49.132, 40341.3, 10276.2
49.133, 40341.9, 10276.1
49.134, 40342.5, 10276
49.135, 40343.1, 10275.9
49.136, 40343.7, 10275.8
49.137, 40344.3, 10275.7
49.138, 40344.9, 10275.7
49.139, 40345.5, 10275.6
49.14, 40346.1, 10275.5
49.141, 40346.7, 10275.4
49.142, 40347.3, 10275.3
49.143, 40347.9, 10275.2
49.144, 40348.5, 10275.2
49.145, 40349.1, 10275.1
49.146, 40349.7, 10275
49.147, 40350.3, 10274.9
49.148, 40350.9, 10274.8
49.149, 40351.5, 10274.7
49.15, 40352.1, 10274.7
49.151, 40352.7, 10274.6
49.152, 40353.3, 10274.5
49.153, 40353.9, 10274.4
49.154, 40354.5, 10274.3
49.155, 40355.1, 10274.2
49.156, 40355.7, 10274.2
49.157, 40356.3, 10274.1
49.158, 40356.9, 10274
49.159, 40357.5, 10273.9
49.16, 40358.1, 10273.8
49.161, 40358.7, 10273.7
49.162, 40359.3, 10273.7
49.163, 40359.9, 10273.6
49.164, 40360.5, 10273.5
49.165, 40361.1, 10273.4
49.166, 40361.7, 10273.3
49.167, 40362.3, 10273.2
49.168, 40362.9, 10273.1
49.169, 40363.5, 10273.1
49.17, 40364.1, 10273
49.171, 40364.7, 10272.9
49.172, 40365.3, 10272.8
49.173, 40365.8, 10272.7
49.174, 40366.4, 10272.6
49.175, 40367, 10272.6
49.176, 40367.6, 10272.5
49.177, 40368.2, 10272.4
49.178, 40368.8, 10272.3
49.179, 40369.4, 10272.2
49.18, 40370, 10272.1
49.181, 40370.6, 10272.1
49.182, 40371.2, 10272
49.183, 40371.8, 10271.9
49.184, 40372.4, 10271.8
49.185, 40373, 10271.7
49.186, 40373.6, 10271.6
49.187, 40374.2, 10271.6
49.188, 40374.8, 10271.5
49.189, 40375.4, 10271.4
49.19, 40376, 10271.3
49.191, 40376.6, 10271.2
49.192, 40377.2, 10271.1
49.193, 40377.8, 10271.1
49.194, 40378.4, 10271
49.195, 40379, 10270.9
49.196, 40379.6, 10270.8
49.197, 40380.2, 10270.7
49.198, 40380.8, 10270.6
49.199, 40381.4, 10270.5
49.2, 40382, 10270.5
49.201, 40382.6, 10270.4
49.202, 40383.2, 10270.3
49.203, 40383.8, 10270.2
49.204, 40384.4, 10270.1
49.205, 40385, 10270
49.206, 40385.6, 10270
49.207, 40386.2, 10269.9
49.208, 40386.8, 10269.8
49.209, 40387.4, 10269.7
49.21, 40388, 10269.6
49.211, 40388.6, 10269.5
49.212, 40389.2, 10269.5
49.213, 40389.8, 10269.4
49.214, 40390.4, 10269.3
49.215, 40391, 10269.2
49.216, 40391.6, 10269.1
49.217, 40392.2, 10269
49.218, 40392.8, 10268.9
49.219, 40393.4, 10268.9
49.22, 40394, 10268.8
49.221, 40394.6, 10268.7
49.222, 40395.2, 10268.6
49.223, 40395.8, 10268.5
49.224, 40396.4, 10268.4
49.225, 40397, 10268.4
49.226, 40397.6, 10268.3
49.227, 40398.2, 10268.2
49.228, 40398.8, 10268.1
49.229, 40399.4, 10268
49.23, 40400, 10267.9
49.231, 40400.6, 10267.9
49.232, 40401.2, 10267.8
49.233, 40401.8, 10267.7
49.234, 40402.4, 10267.6
49.235, 40403, 10267.5
49.236, 40403.6, 10267.4
49.237, 40404.2, 10267.3
49.238, 40404.8, 10267.3
49.239, 40405.4, 10267.2
49.24, 40406, 10267.1
49.241, 40406.6, 10267
49.242, 40407.2, 10266.9
49.243, 40407.8, 10266.8
49.244, 40408.4, 10266.8
49.245, 40409, 10266.7
49.246, 40409.6, 10266.6
49.247, 40410.1, 10266.5
49.248, 40410.7, 10266.4
49.249, 40411.3, 10266.3
49.25, 40411.9, 10266.2
49.251, 40412.5, 10266.2
49.252, 40413.1, 10266.1
49.253, 40413.7, 10266
49.254, 40414.3, 10265.9
49.255, 40414.9, 10265.8
49.256, 40415.5, 10265.7
49.257, 40416.1, 10265.7
49.258, 40416.7, 10265.6
49.259, 40417.3, 10265.5
49.26, 40417.9, 10265.4
49.261, 40418.5, 10265.3
49.262, 40419.1, 10265.2
49.263, 40419.7, 10265.1
49.264, 40420.3, 10265.1
49.265, 40420.9, 10265
49.266, 40421.5, 10264.9
49.267, 40422.1, 10264.8
49.268, 40422.7, 10264.7
49.269, 40423.3, 10264.6
49.27, 40423.9, 10264.6
49.271, 40424.5, 10264.5
49.272, 40425.1, 10264.4
49.273, 40425.7, 10264.3
49.274, 40426.3, 10264.2
49.275, 40426.9, 10264.1
49.276, 40427.5, 10264
49.277, 40428.1, 10264
49.278, 40428.7, 10263.9
49.279, 40429.3, 10263.8
49.28, 40429.9, 10263.7
49.281, 40430.5, 10263.6
49.282, 40431.1, 10263.5
49.283, 40431.7, 10263.5
49.284, 40432.3, 10263.4
49.285, 40432.9, 10263.3
49.286, 40433.5, 10263.2
49.287, 40434.1, 10263.1
49.288, 40434.7, 10263
49.289, 40435.3, 10262.9
49.29, 40435.9, 10262.9
49.291, 40436.5, 10262.8
49.292, 40437.1, 10262.7
49.293, 40437.7, 10262.6
49.294, 40438.3, 10262.5
49.295, 40438.9, 10262.4
49.296, 40439.5, 10262.3
49.297, 40440.1, 10262.3
49.298, 40440.7, 10262.2
49.299, 40441.3, 10262.1
49.3, 40441.9, 10262
49.301, 40442.5, 10261.9
49.302, 40443.1, 10261.8
49.303, 40443.7, 10261.7
49.304, 40444.3, 10261.7
49.305, 40444.9, 10261.6
49.306, 40445.4, 10261.5
49.307, 40446, 10261.4
49.308, 40446.6, 10261.3
49.309, 40447.2, 10261.2
49.31, 40447.8, 10261.2
49.311, 40448.4, 10261.1
49.312, 40449, 10261
49.313, 40449.6, 10260.9
49.314, 40450.2, 10260.8
49.315, 40450.8, 10260.7
49.316, 40451.4, 10260.6
49.317, 40452, 10260.6
49.318, 40452.6, 10260.5
49.319, 40453.2, 10260.4
49.32, 40453.8, 10260.3
49.321, 40454.4, 10260.2
49.322, 40455, 10260.1
49.323, 40455.6, 10260
49.324, 40456.2, 10260
49.325, 40456.8, 10259.9
49.326, 40457.4, 10259.8
49.327, 40458, 10259.7
49.328, 40458.6, 10259.6
49.329, 40459.2, 10259.5
49.33, 40459.8, 10259.4
49.331, 40460.4, 10259.4
49.332, 40461, 10259.3
49.333, 40461.6, 10259.2
49.334, 40462.2, 10259.1
49.335, 40462.8, 10259
49.336, 40463.4, 10258.9
49.337, 40464, 10258.8
49.338, 40464.6, 10258.8
49.339, 40465.2, 10258.7
49.34, 40465.8, 10258.6
49.341, 40466.4, 10258.5
49.342, 40467, 10258.4
49.343, 40467.6, 10258.3
49.344, 40468.2, 10258.2
49.345, 40468.8, 10258.2
49.346, 40469.4, 10258.1
49.347, 40470, 10258
49.348, 40470.6, 10257.9
49.349, 40471.2, 10257.8
49.35, 40471.8, 10257.7
49.351, 40472.4, 10257.6
49.352, 40473, 10257.6
49.353, 40473.6, 10257.5
49.354, 40474.2, 10257.4
49.355, 40474.8, 10257.3
49.356, 40475.4, 10257.2
49.357, 40475.9, 10257.1
49.358, 40476.5, 10257
49.359, 40477.1, 10257
49.36, 40477.7, 10256.9
49.361, 40478.3, 10256.8
49.362, 40478.9, 10256.7
49.363, 40479.5, 10256.6
49.364, 40480.1, 10256.5
49.365, 40480.7, 10256.4
49.366, 40481.3, 10256.4
49.367, 40481.9, 10256.3
49.368, 40482.5, 10256.2
49.369, 40483.1, 10256.1
49.37, 40483.7, 10256
49.371, 40484.3, 10255.9
49.372, 40484.9, 10255.8
49.373, 40485.5, 10255.8
49.374, 40486.1, 10255.7
49.375, 40486.7, 10255.6
49.376, 40487.3, 10255.5
49.377, 40487.9, 10255.4
49.378, 40488.5, 10255.3
49.379, 40489.1, 10255.2
49.38, 40489.7, 10255.2
49.381, 40490.3, 10255.1
49.382, 40490.9, 10255
49.383, 40491.5, 10254.9
49.384, 40492.1, 10254.8
49.385, 40492.7, 10254.7
49.386, 40493.3, 10254.6
49.387, 40493.9, 10254.6
49.388, 40494.5, 10254.5
49.389, 40495.1, 10254.4
49.39, 40495.7, 10254.3
49.391, 40496.3, 10254.2
49.392, 40496.9, 10254.1
49.393, 40497.5, 10254
49.394, 40498.1, 10254
49.395, 40498.7, 10253.9
49.396, 40499.3, 10253.8
49.397, 40499.9, 10253.7
49.398, 40500.5, 10253.6
49.399, 40501.1, 10253.5
49.4, 40501.7, 10253.4
49.401, 40502.3, 10253.4
49.402, 40502.8, 10253.3
49.403, 40503.4, 10253.2
49.404, 40504, 10253.1
49.405, 40504.6, 10253
49.406, 40505.2, 10252.9
49.407, 40505.8, 10252.8
49.408, 40506.4, 10252.7
49.409, 40507, 10252.7
49.41, 40507.6, 10252.6
49.411, 40508.2, 10252.5
49.412, 40508.8, 10252.4
49.413, 40509.4, 10252.3
49.414, 40510, 10252.2
49.415, 40510.6, 10252.1
49.416, 40511.2, 10252.1
49.417, 40511.8, 10252
49.418, 40512.4, 10251.9
49.419, 40513, 10251.8
49.42, 40513.6, 10251.7
49.421, 40514.2, 10251.6
49.422, 40514.8, 10251.5
49.423, 40515.4, 10251.5
49.424, 40516, 10251.4
49.425, 40516.6, 10251.3
49.426, 40517.2, 10251.2
49.427, 40517.8, 10251.1
49.428, 40518.4, 10251
49.429, 40519, 10250.9
49.43, 40519.6, 10250.8
49.431, 40520.2, 10250.8
49.432, 40520.8, 10250.7
49.433, 40521.4, 10250.6
49.434, 40522, 10250.5
49.435, 40522.6, 10250.4
49.436, 40523.2, 10250.3
49.437, 40523.8, 10250.2
49.438, 40524.4, 10250.2
49.439, 40525, 10250.1
49.44, 40525.6, 10250
49.441, 40526.2, 10249.9
49.442, 40526.8, 10249.8
49.443, 40527.3, 10249.7
49.444, 40527.9, 10249.6
49.445, 40528.5, 10249.6
49.446, 40529.1, 10249.5
49.447, 40529.7, 10249.4
49.448, 40530.3, 10249.3
49.449, 40530.9, 10249.2
49.45, 40531.5, 10249.1
49.451, 40532.1, 10249
49.452, 40532.7, 10248.9
49.453, 40533.3, 10248.9
49.454, 40533.9, 10248.8
49.455, 40534.5, 10248.7
49.456, 40535.1, 10248.6
49.457, 40535.7, 10248.5
49.458, 40536.3, 10248.4
49.459, 40536.9, 10248.3
49.46, 40537.5, 10248.2
49.461, 40538.1, 10248.2
49.462, 40538.7, 10248.1
49.463, 40539.3, 10248
49.464, 40539.9, 10247.9
49.465, 40540.5, 10247.8
49.466, 40541.1, 10247.7
49.467, 40541.7, 10247.6
49.468, 40542.3, 10247.6
49.469, 40542.9, 10247.5
49.47, 40543.5, 10247.4
49.471, 40544.1, 10247.3
49.472, 40544.7, 10247.2
49.473, 40545.3, 10247.1
49.474, 40545.9, 10247
49.475, 40546.5, 10246.9
49.476, 40547.1, 10246.9
49.477, 40547.7, 10246.8
49.478, 40548.3, 10246.7
49.479, 40548.9, 10246.6
49.48, 40549.5, 10246.5
49.481, 40550, 10246.4
49.482, 40550.6, 10246.3
49.483, 40551.2, 10246.3
49.484, 40551.8, 10246.2
49.485, 40552.4, 10246.1
49.486, 40553, 10246
49.487, 40553.6, 10245.9
49.488, 40554.2, 10245.8
49.489, 40554.8, 10245.7
49.49, 40555.4, 10245.6
49.491, 40556, 10245.6
49.492, 40556.6, 10245.5
49.493, 40557.2, 10245.4
49.494, 40557.8, 10245.3
49.495, 40558.4, 10245.2
49.496, 40559, 10245.1
49.497, 40559.6, 10245
49.498, 40560.2, 10244.9
49.499, 40560.8, 10244.9
49.5, 40561.4, 10244.8
49.501, 40562, 10244.7
49.502, 40562.6, 10244.6
49.503, 40563.2, 10244.5
49.504, 40563.8, 10244.4
49.505, 40564.4, 10244.3
49.506, 40565, 10244.2
49.507, 40565.6, 10244.2
49.508, 40566.2, 10244.1
49.509, 40566.8, 10244
49.51, 40567.4, 10243.9
49.511, 40568, 10243.8
49.512, 40568.6, 10243.7
49.513, 40569.2, 10243.6
49.514, 40569.8, 10243.5
49.515, 40570.4, 10243.5
49.516, 40571, 10243.4
49.517, 40571.5, 10243.3
49.518, 40572.1, 10243.2
49.519, 40572.7, 10243.1
49.52, 40573.3, 10243
49.521, 40573.9, 10242.9
49.522, 40574.5, 10242.8
49.523, 40575.1, 10242.8
49.524, 40575.7, 10242.7
49.525, 40576.3, 10242.6
49.526, 40576.9, 10242.5
49.527, 40577.5, 10242.4
49.528, 40578.1, 10242.3
49.529, 40578.7, 10242.2
49.53, 40579.3, 10242.1
49.531, 40579.9, 10242.1
49.532, 40580.5, 10242
49.533, 40581.1, 10241.9
49.534, 40581.7, 10241.8
49.535, 40582.3, 10241.7
49.536, 40582.9, 10241.6
49.537, 40583.5, 10241.5
49.538, 40584.1, 10241.4
49.539, 40584.7, 10241.4
49.54, 40585.3, 10241.3
49.541, 40585.9, 10241.2
49.542, 40586.5, 10241.1
49.543, 40587.1, 10241
49.544, 40587.7, 10240.9
49.545, 40588.3, 10240.8
49.546, 40588.9, 10240.7
49.547, 40589.5, 10240.7
49.548, 40590.1, 10240.6
49.549, 40590.7, 10240.5
49.55, 40591.2, 10240.4
49.551, 40591.8, 10240.3
49.552, 40592.4, 10240.2
49.553, 40593, 10240.1
49.554, 40593.6, 10240
49.555, 40594.2, 10240
49.556, 40594.8, 10239.9
49.557, 40595.4, 10239.8
49.558, 40596, 10239.7
49.559, 40596.6, 10239.6
49.56, 40597.2, 10239.5
49.561, 40597.8, 10239.4
49.562, 40598.4, 10239.3
49.563, 40599, 10239.3
49.564, 40599.6, 10239.2
49.565, 40600.2, 10239.1
49.566, 40600.8, 10239
49.567, 40601.4, 10238.9
49.568, 40602, 10238.8
49.569, 40602.6, 10238.7
49.57, 40603.2, 10238.6
49.571, 40603.8, 10238.5
49.572, 40604.4, 10238.5
49.573, 40605, 10238.4
49.574, 40605.6, 10238.3
49.575, 40606.2, 10238.2
49.576, 40606.8, 10238.1
49.577, 40607.4, 10238
49.578, 40608, 10237.9
49.579, 40608.6, 10237.8
49.58, 40609.2, 10237.8
49.581, 40609.8, 10237.7
49.582, 40610.3, 10237.6
49.583, 40610.9, 10237.5
49.584, 40611.5, 10237.4
49.585, 40612.1, 10237.3
49.586, 40612.7, 10237.2
49.587, 40613.3, 10237.1
49.588, 40613.9, 10237.1
49.589, 40614.5, 10237
49.59, 40615.1, 10236.9
49.591, 40615.7, 10236.8
49.592, 40616.3, 10236.7
49.593, 40616.9, 10236.6
49.594, 40617.5, 10236.5
49.595, 40618.1, 10236.4
49.596, 40618.7, 10236.3
49.597, 40619.3, 10236.3
49.598, 40619.9, 10236.2
49.599, 40620.5, 10236.1
49.6, 40621.1, 10236
49.601, 40621.7, 10235.9
49.602, 40622.3, 10235.8
49.603, 40622.9, 10235.7
49.604, 40623.5, 10235.6
49.605, 40624.1, 10235.6
49.606, 40624.7, 10235.5
49.607, 40625.3, 10235.4
49.608, 40625.9, 10235.3
49.609, 40626.5, 10235.2
49.61, 40627.1, 10235.1
49.611, 40627.7, 10235
49.612, 40628.3, 10234.9
49.613, 40628.8, 10234.8
49.614, 40629.4, 10234.8
49.615, 40630, 10234.7
49.616, 40630.6, 10234.6
49.617, 40631.2, 10234.5
49.618, 40631.8, 10234.4
49.619, 40632.4, 10234.3
49.62, 40633, 10234.2
49.621, 40633.6, 10234.1
49.622, 40634.2, 10234
49.623, 40634.8, 10234
49.624, 40635.4, 10233.9
49.625, 40636, 10233.8
49.626, 40636.6, 10233.7
49.627, 40637.2, 10233.6
49.628, 40637.8, 10233.5
49.629, 40638.4, 10233.4
49.63, 40639, 10233.3
49.631, 40639.6, 10233.3
49.632, 40640.2, 10233.2
49.633, 40640.8, 10233.1
49.634, 40641.4, 10233
49.635, 40642, 10232.9
49.636, 40642.6, 10232.8
49.637, 40643.2, 10232.7
49.638, 40643.8, 10232.6
49.639, 40644.4, 10232.5
49.64, 40645, 10232.5
49.641, 40645.6, 10232.4
49.642, 40646.1, 10232.3
49.643, 40646.7, 10232.2
49.644, 40647.3, 10232.1
49.645, 40647.9, 10232
49.646, 40648.5, 10231.9
49.647, 40649.1, 10231.8
49.648, 40649.7, 10231.7
49.649, 40650.3, 10231.7
49.65, 40650.9, 10231.6
49.651, 40651.5, 10231.5
49.652, 40652.1, 10231.4
49.653, 40652.7, 10231.3
49.654, 40653.3, 10231.2
49.655, 40653.9, 10231.1
49.656, 40654.5, 10231
49.657, 40655.1, 10230.9
49.658, 40655.7, 10230.9
49.659, 40656.3, 10230.8
49.66, 40656.9, 10230.7
49.661, 40657.5, 10230.6
49.662, 40658.1, 10230.5
49.663, 40658.7, 10230.4
49.664, 40659.3, 10230.3
49.665, 40659.9, 10230.2
49.666, 40660.5, 10230.1
49.667, 40661.1, 10230.1
49.668, 40661.7, 10230
49.669, 40662.2, 10229.9
49.67, 40662.8, 10229.8
49.671, 40663.4, 10229.7
49.672, 40664, 10229.6
49.673, 40664.6, 10229.5
49.674, 40665.2, 10229.4
49.675, 40665.8, 10229.3
49.676, 40666.4, 10229.3
49.677, 40667, 10229.2
49.678, 40667.6, 10229.1
49.679, 40668.2, 10229
49.68, 40668.8, 10228.9
49.681, 40669.4, 10228.8
49.682, 40670, 10228.7
49.683, 40670.6, 10228.6
49.684, 40671.2, 10228.5
49.685, 40671.8, 10228.5
49.686, 40672.4, 10228.4
49.687, 40673, 10228.3
49.688, 40673.6, 10228.2
49.689, 40674.2, 10228.1
49.69, 40674.8, 10228
49.691, 40675.4, 10227.9
49.692, 40676, 10227.8
49.693, 40676.6, 10227.7
49.694, 40677.2, 10227.6
49.695, 40677.8, 10227.6
49.696, 40678.3, 10227.5
49.697, 40678.9, 10227.4
49.698, 40679.5, 10227.3
49.699, 40680.1, 10227.2
49.7, 40680.7, 10227.1
49.701, 40681.3, 10227
49.702, 40681.9, 10226.9
49.703, 40682.5, 10226.8
49.704, 40683.1, 10226.8
49.705, 40683.7, 10226.7
49.706, 40684.3, 10226.6
49.707, 40684.9, 10226.5
49.708, 40685.5, 10226.4
49.709, 40686.1, 10226.3
49.71, 40686.7, 10226.2
49.711, 40687.3, 10226.1
49.712, 40687.9, 10226
49.713, 40688.5, 10225.9
49.714, 40689.1, 10225.9
49.715, 40689.7, 10225.8
49.716, 40690.3, 10225.7
49.717, 40690.9, 10225.6
49.718, 40691.5, 10225.5
49.719, 40692.1, 10225.4
49.72, 40692.7, 10225.3
49.721, 40693.3, 10225.2
49.722, 40693.8, 10225.1
49.723, 40694.4, 10225.1
49.724, 40695, 10225
49.725, 40695.6, 10224.9
49.726, 40696.2, 10224.8
49.727, 40696.8, 10224.7
49.728, 40697.4, 10224.6
49.729, 40698, 10224.5
49.73, 40698.6, 10224.4
49.731, 40699.2, 10224.3
49.732, 40699.8, 10224.2
49.733, 40700.4, 10224.2
49.734, 40701, 10224.1
49.735, 40701.6, 10224
49.736, 40702.2, 10223.9
49.737, 40702.8, 10223.8
49.738, 40703.4, 10223.7
49.739, 40704, 10223.6
49.74, 40704.6, 10223.5
49.741, 40705.2, 10223.4
49.742, 40705.8, 10223.4
49.743, 40706.4, 10223.3
49.744, 40707, 10223.2
49.745, 40707.6, 10223.1
49.746, 40708.2, 10223
49.747, 40708.7, 10222.9
49.748, 40709.3, 10222.8
49.749, 40709.9, 10222.7
49.75, 40710.5, 10222.6
49.751, 40711.1, 10222.5
49.752, 40711.7, 10222.5
49.753, 40712.3, 10222.4
49.754, 40712.9, 10222.3
49.755, 40713.5, 10222.2
49.756, 40714.1, 10222.1
49.757, 40714.7, 10222
49.758, 40715.3, 10221.9
49.759, 40715.9, 10221.8
49.76, 40716.5, 10221.7
49.761, 40717.1, 10221.6
49.762, 40717.7, 10221.6
49.763, 40718.3, 10221.5
49.764, 40718.9, 10221.4
49.765, 40719.5, 10221.3
49.766, 40720.1, 10221.2
49.767, 40720.7, 10221.1
49.768, 40721.3, 10221
49.769, 40721.9, 10220.9
49.77, 40722.5, 10220.8
49.771, 40723.1, 10220.7
49.772, 40723.6, 10220.7
49.773, 40724.2, 10220.6
49.774, 40724.8, 10220.5
49.775, 40725.4, 10220.4
49.776, 40726, 10220.3
49.777, 40726.6, 10220.2
49.778, 40727.2, 10220.1
49.779, 40727.8, 10220
49.78, 40728.4, 10219.9
49.781, 40729, 10219.8
49.782, 40729.6, 10219.8
49.783, 40730.2, 10219.7
49.784, 40730.8, 10219.6
49.785, 40731.4, 10219.5
49.786, 40732, 10219.4
49.787, 40732.6, 10219.3
49.788, 40733.2, 10219.2
49.789, 40733.8, 10219.1
49.79, 40734.4, 10219
49.791, 40735, 10218.9
49.792, 40735.6, 10218.8
49.793, 40736.2, 10218.8
49.794, 40736.8, 10218.7
49.795, 40737.3, 10218.6
49.796, 40737.9, 10218.5
49.797, 40738.5, 10218.4
49.798, 40739.1, 10218.3
49.799, 40739.7, 10218.2
49.8, 40740.3, 10218.1
49.801, 40740.9, 10218
49.802, 40741.5, 10217.9
49.803, 40742.1, 10217.9
49.804, 40742.7, 10217.8
49.805, 40743.3, 10217.7
49.806, 40743.9, 10217.6
49.807, 40744.5, 10217.5
49.808, 40745.1, 10217.4
49.809, 40745.7, 10217.3
49.81, 40746.3, 10217.2
49.811, 40746.9, 10217.1
49.812, 40747.5, 10217
49.813, 40748.1, 10216.9
49.814, 40748.7, 10216.9
49.815, 40749.3, 10216.8
49.816, 40749.9, 10216.7
49.817, 40750.5, 10216.6
49.818, 40751, 10216.5
49.819, 40751.6, 10216.4
49.82, 40752.2, 10216.3
49.821, 40752.8, 10216.2
49.822, 40753.4, 10216.1
49.823, 40754, 10216
49.824, 40754.6, 10216
49.825, 40755.2, 10215.9
49.826, 40755.8, 10215.8
49.827, 40756.4, 10215.7
49.828, 40757, 10215.6
49.829, 40757.6, 10215.5
49.83, 40758.2, 10215.4
49.831, 40758.8, 10215.3
49.832, 40759.4, 10215.2
49.833, 40760, 10215.1
49.834, 40760.6, 10215
49.835, 40761.2, 10215
49.836, 40761.8, 10214.9
49.837, 40762.4, 10214.8
49.838, 40763, 10214.7
49.839, 40763.6, 10214.6
49.84, 40764.2, 10214.5
49.841, 40764.7, 10214.4
49.842, 40765.3, 10214.3
49.843, 40765.9, 10214.2
49.844, 40766.5, 10214.1
49.845, 40767.1, 10214
49.846, 40767.7, 10214
49.847, 40768.3, 10213.9
49.848, 40768.9, 10213.8
49.849, 40769.5, 10213.7
49.85, 40770.1, 10213.6
49.851, 40770.7, 10213.5
49.852, 40771.3, 10213.4
49.853, 40771.9, 10213.3
49.854, 40772.5, 10213.2
49.855, 40773.1, 10213.1
49.856, 40773.7, 10213
49.857, 40774.3, 10213
49.858, 40774.9, 10212.9
49.859, 40775.5, 10212.8
49.86, 40776.1, 10212.7
49.861, 40776.7, 10212.6
49.862, 40777.3, 10212.5
49.863, 40777.8, 10212.4
49.864, 40778.4, 10212.3
49.865, 40779, 10212.2
49.866, 40779.6, 10212.1
49.867, 40780.2, 10212
49.868, 40780.8, 10212
49.869, 40781.4, 10211.9
49.87, 40782, 10211.8
49.871, 40782.6, 10211.7
49.872, 40783.2, 10211.6
49.873, 40783.8, 10211.5
49.874, 40784.4, 10211.4
49.875, 40785, 10211.3
49.876, 40785.6, 10211.2
49.877, 40786.2, 10211.1
49.878, 40786.8, 10211
49.879, 40787.4, 10211
49.88, 40788, 10210.9
49.881, 40788.6, 10210.8
49.882, 40789.2, 10210.7
49.883, 40789.8, 10210.6
49.884, 40790.3, 10210.5
49.885, 40790.9, 10210.4
49.886, 40791.5, 10210.3
49.887, 40792.1, 10210.2
49.888, 40792.7, 10210.1
49.889, 40793.3, 10210
49.89, 40793.9, 10209.9
49.891, 40794.5, 10209.9
49.892, 40795.1, 10209.8
49.893, 40795.7, 10209.7
49.894, 40796.3, 10209.6
49.895, 40796.9, 10209.5
49.896, 40797.5, 10209.4
49.897, 40798.1, 10209.3
49.898, 40798.7, 10209.2
49.899, 40799.3, 10209.1
49.9, 40799.9, 10209
49.901, 40800.5, 10208.9
49.902, 40801.1, 10208.9
49.903, 40801.7, 10208.8
49.904, 40802.3, 10208.7
49.905, 40802.8, 10208.6
49.906, 40803.4, 10208.5
49.907, 40804, 10208.4
49.908, 40804.6, 10208.3
49.909, 40805.2, 10208.2
49.91, 40805.8, 10208.1
49.911, 40806.4, 10208
49.912, 40807, 10207.9
49.913, 40807.6, 10207.8
49.914, 40808.2, 10207.8
49.915, 40808.8, 10207.7
49.916, 40809.4, 10207.6
49.917, 40810, 10207.5
49.918, 40810.6, 10207.4
49.919, 40811.2, 10207.3
49.92, 40811.8, 10207.2
49.921, 40812.4, 10207.1
49.922, 40813, 10207
49.923, 40813.6, 10206.9
49.924, 40814.2, 10206.8
49.925, 40814.8, 10206.7
49.926, 40815.3, 10206.7
49.927, 40815.9, 10206.6
49.928, 40816.5, 10206.5
49.929, 40817.1, 10206.4
49.93, 40817.7, 10206.3
49.931, 40818.3, 10206.2
49.932, 40818.9, 10206.1
49.933, 40819.5, 10206
49.934, 40820.1, 10205.9
49.935, 40820.7, 10205.8
49.936, 40821.3, 10205.7
49.937, 40821.9, 10205.6
49.938, 40822.5, 10205.6
49.939, 40823.1, 10205.5
49.94, 40823.7, 10205.4
49.941, 40824.3, 10205.3
49.942, 40824.9, 10205.2
49.943, 40825.5, 10205.1
49.944, 40826.1, 10205
49.945, 40826.7, 10204.9
49.946, 40827.2, 10204.8
49.947, 40827.8, 10204.7
49.948, 40828.4, 10204.6
49.949, 40829, 10204.5
49.95, 40829.6, 10204.4
49.951, 40830.2, 10204.4
49.952, 40830.8, 10204.3
49.953, 40831.4, 10204.2
49.954, 40832, 10204.1
49.955, 40832.6, 10204
49.956, 40833.2, 10203.9
49.957, 40833.8, 10203.8
49.958, 40834.4, 10203.7
49.959, 40835, 10203.6
49.96, 40835.6, 10203.5
49.961, 40836.2, 10203.4
49.962, 40836.8, 10203.3
49.963, 40837.4, 10203.3
49.964, 40838, 10203.2
49.965, 40838.5, 10203.1
49.966, 40839.1, 10203
49.967, 40839.7, 10202.9
49.968, 40840.3, 10202.8
49.969, 40840.9, 10202.7
49.97, 40841.5, 10202.6
49.971, 40842.1, 10202.5
49.972, 40842.7, 10202.4
49.973, 40843.3, 10202.3
49.974, 40843.9, 10202.2
49.975, 40844.5, 10202.1
49.976, 40845.1, 10202.1
49.977, 40845.7, 10202
49.978, 40846.3, 10201.9
49.979, 40846.9, 10201.8
49.98, 40847.5, 10201.7
49.981, 40848.1, 10201.6
49.982, 40848.7, 10201.5
49.983, 40849.3, 10201.4
49.984, 40849.9, 10201.3
49.985, 40850.4, 10201.2
49.986, 40851, 10201.1
49.987, 40851.6, 10201
49.988, 40852.2, 10200.9
49.989, 40852.8, 10200.9
49.99, 40853.4, 10200.8
49.991, 40854, 10200.7
49.992, 40854.6, 10200.6
49.993, 40855.2, 10200.5
49.994, 40855.8, 10200.4
49.995, 40856.4, 10200.3
49.996, 40857, 10200.2
49.997, 40857.6, 10200.1
49.998, 40858.2, 10200
49.999, 40858.8, 10199.9
50, 40859.4, 10199.8
50.001, 40860, 10199.7
50.002, 40860.6, 10199.6
50.003, 40861.2, 10199.6
50.004, 40861.7, 10199.5
50.005, 40862.3, 10199.4
50.006, 40862.9, 10199.3
50.007, 40863.5, 10199.2
50.008, 40864.1, 10199.1
50.009, 40864.7, 10199
50.01, 40865.3, 10198.9
50.011, 40865.9, 10198.8
50.012, 40866.5, 10198.7
50.013, 40867.1, 10198.6
50.014, 40867.7, 10198.5
50.015, 40868.3, 10198.4
50.016, 40868.9, 10198.4
50.017, 40869.5, 10198.3
50.018, 40870.1, 10198.2
50.019, 40870.7, 10198.1
50.02, 40871.3, 10198
50.021, 40871.9, 10197.9
50.022, 40872.4, 10197.8
50.023, 40873, 10197.7
50.024, 40873.6, 10197.6
50.025, 40874.2, 10197.5
50.026, 40874.8, 10197.4
50.027, 40875.4, 10197.3
50.028, 40876, 10197.2
50.029, 40876.6, 10197.1
50.03, 40877.2, 10197.1
50.031, 40877.8, 10197
50.032, 40878.4, 10196.9
50.033, 40879, 10196.8
50.034, 40879.6, 10196.7
50.035, 40880.2, 10196.6
50.036, 40880.8, 10196.5
50.037, 40881.4, 10196.4
50.038, 40882, 10196.3
50.039, 40882.6, 10196.2
50.04, 40883.2, 10196.1
50.041, 40883.7, 10196
50.042, 40884.3, 10195.9
50.043, 40884.9, 10195.8
50.044, 40885.5, 10195.8
50.045, 40886.1, 10195.7
50.046, 40886.7, 10195.6
50.047, 40887.3, 10195.5
50.048, 40887.9, 10195.4
50.049, 40888.5, 10195.3
50.05, 40889.1, 10195.2
50.051, 40889.7, 10195.1
50.052, 40890.3, 10195
50.053, 40890.9, 10194.9
50.054, 40891.5, 10194.8
50.055, 40892.1, 10194.7
50.056, 40892.7, 10194.6
50.057, 40893.3, 10194.5
50.058, 40893.9, 10194.5
50.059, 40894.4, 10194.4
50.06, 40895, 10194.3
50.061, 40895.6, 10194.2
50.062, 40896.2, 10194.1
50.063, 40896.8, 10194
50.064, 40897.4, 10193.9
50.065, 40898, 10193.8
50.066, 40898.6, 10193.7
50.067, 40899.2, 10193.6
50.068, 40899.8, 10193.5
50.069, 40900.4, 10193.4
50.07, 40901, 10193.3
50.071, 40901.6, 10193.2
50.072, 40902.2, 10193.1
50.073, 40902.8, 10193.1
50.074, 40903.4, 10193
50.075, 40904, 10192.9
50.076, 40904.5, 10192.8
50.077, 40905.1, 10192.7
50.078, 40905.7, 10192.6
50.079, 40906.3, 10192.5
50.08, 40906.9, 10192.4
50.081, 40907.5, 10192.3
50.082, 40908.1, 10192.2
50.083, 40908.7, 10192.1
50.084, 40909.3, 10192
50.085, 40909.9, 10191.9
50.086, 40910.5, 10191.8
50.087, 40911.1, 10191.7
50.088, 40911.7, 10191.7
50.089, 40912.3, 10191.6
50.09, 40912.9, 10191.5
50.091, 40913.5, 10191.4
50.092, 40914.1, 10191.3
50.093, 40914.7, 10191.2
50.094, 40915.2, 10191.1
50.095, 40915.8, 10191
50.096, 40916.4, 10190.9
50.097, 40917, 10190.8
50.098, 40917.6, 10190.7
50.099, 40918.2, 10190.6
50.1, 40918.8, 10190.5
50.101, 40919.4, 10190.4
50.102, 40920, 10190.3
50.103, 40920.6, 10190.3
50.104, 40921.2, 10190.2
50.105, 40921.8, 10190.1
50.106, 40922.4, 10190
50.107, 40923, 10189.9
50.108, 40923.6, 10189.8
50.109, 40924.2, 10189.7
50.11, 40924.8, 10189.6
50.111, 40925.3, 10189.5
50.112, 40925.9, 10189.4
50.113, 40926.5, 10189.3
50.114, 40927.1, 10189.2
50.115, 40927.7, 10189.1
50.116, 40928.3, 10189
50.117, 40928.9, 10188.9
50.118, 40929.5, 10188.8
50.119, 40930.1, 10188.8
50.12, 40930.7, 10188.7
50.121, 40931.3, 10188.6
50.122, 40931.9, 10188.5
50.123, 40932.5, 10188.4
50.124, 40933.1, 10188.3
50.125, 40933.7, 10188.2
50.126, 40934.3, 10188.1
50.127, 40934.9, 10188
50.128, 40935.4, 10187.9
50.129, 40936, 10187.8
50.13, 40936.6, 10187.7
50.131, 40937.2, 10187.6
50.132, 40937.8, 10187.5
50.133, 40938.4, 10187.4
50.134, 40939, 10187.3
50.135, 40939.6, 10187.2
50.136, 40940.2, 10187.2
50.137, 40940.8, 10187.1
50.138, 40941.4, 10187
50.139, 40942, 10186.9
50.14, 40942.6, 10186.8
50.141, 40943.2, 10186.7
50.142, 40943.8, 10186.6
50.143, 40944.4, 10186.5
50.144, 40945, 10186.4
50.145, 40945.5, 10186.3
50.146, 40946.1, 10186.2
50.147, 40946.7, 10186.1
50.148, 40947.3, 10186
50.149, 40947.9, 10185.9
50.15, 40948.5, 10185.8
50.151, 40949.1, 10185.7
50.152, 40949.7, 10185.7
50.153, 40950.3, 10185.6
50.154, 40950.9, 10185.5
50.155, 40951.5, 10185.4
50.156, 40952.1, 10185.3
50.157, 40952.7, 10185.2
50.158, 40953.3, 10185.1
50.159, 40953.9, 10185
50.16, 40954.5, 10184.9
50.161, 40955, 10184.8
50.162, 40955.6, 10184.7
50.163, 40956.2, 10184.6
50.164, 40956.8, 10184.5
50.165, 40957.4, 10184.4
50.166, 40958, 10184.3
50.167, 40958.6, 10184.2
50.168, 40959.2, 10184.1
50.169, 40959.8, 10184
50.17, 40960.4, 10184
50.171, 40961, 10183.9
50.172, 40961.6, 10183.8
50.173, 40962.2, 10183.7
50.174, 40962.8, 10183.6
50.175, 40963.4, 10183.5
50.176, 40964, 10183.4
50.177, 40964.5, 10183.3
50.178, 40965.1, 10183.2
50.179, 40965.7, 10183.1
50.18, 40966.3, 10183
50.181, 40966.9, 10182.9
50.182, 40967.5, 10182.8
50.183, 40968.1, 10182.7
50.184, 40968.7, 10182.6
50.185, 40969.3, 10182.5
50.186, 40969.9, 10182.4
50.187, 40970.5, 10182.4
50.188, 40971.1, 10182.3
50.189, 40971.7, 10182.2
50.19, 40972.3, 10182.1
50.191, 40972.9, 10182
50.192, 40973.5, 10181.9
50.193, 40974.1, 10181.8
50.194, 40974.6, 10181.7
50.195, 40975.2, 10181.6
50.196, 40975.8, 10181.5
50.197, 40976.4, 10181.4
50.198, 40977, 10181.3
50.199, 40977.6, 10181.2
50.2, 40978.2, 10181.1
50.201, 40978.8, 10181
50.202, 40979.4, 10180.9
50.203, 40980, 10180.8
50.204, 40980.6, 10180.7
50.205, 40981.2, 10180.6
50.206, 40981.8, 10180.6
50.207, 40982.4, 10180.5
50.208, 40983, 10180.4
50.209, 40983.5, 10180.3
50.21, 40984.1, 10180.2
50.211, 40984.7, 10180.1
50.212, 40985.3, 10180
50.213, 40985.9, 10179.9
50.214, 40986.5, 10179.8
50.215, 40987.1, 10179.7
50.216, 40987.7, 10179.6
50.217, 40988.3, 10179.5
50.218, 40988.9, 10179.4
50.219, 40989.5, 10179.3
50.22, 40990.1, 10179.2
50.221, 40990.7, 10179.1
50.222, 40991.3, 10179
50.223, 40991.9, 10178.9
50.224, 40992.5, 10178.8
50.225, 40993, 10178.8
50.226, 40993.6, 10178.7
50.227, 40994.2, 10178.6
50.228, 40994.8, 10178.5
50.229, 40995.4, 10178.4
50.23, 40996, 10178.3
50.231, 40996.6, 10178.2
50.232, 40997.2, 10178.1
50.233, 40997.8, 10178
50.234, 40998.4, 10177.9
50.235, 40999, 10177.8
50.236, 40999.6, 10177.7
50.237, 41000.2, 10177.6
50.238, 41000.8, 10177.5
50.239, 41001.4, 10177.4
50.24, 41002, 10177.3
50.241, 41002.5, 10177.2
50.242, 41003.1, 10177.1
50.243, 41003.7, 10177
50.244, 41004.3, 10176.9
50.245, 41004.9, 10176.9
50.246, 41005.5, 10176.8
50.247, 41006.1, 10176.7
50.248, 41006.7, 10176.6
50.249, 41007.3, 10176.5
50.25, 41007.9, 10176.4
50.251, 41008.5, 10176.3
50.252, 41009.1, 10176.2
50.253, 41009.7, 10176.1
50.254, 41010.3, 10176
50.255, 41010.9, 10175.9
50.256, 41011.4, 10175.8
50.257, 41012, 10175.7
50.258, 41012.6, 10175.6
50.259, 41013.2, 10175.5
50.26, 41013.8, 10175.4
50.261, 41014.4, 10175.3
50.262, 41015, 10175.2
50.263, 41015.6, 10175.1
50.264, 41016.2, 10175
50.265, 41016.8, 10174.9
50.266, 41017.4, 10174.9
50.267, 41018, 10174.8
50.268, 41018.6, 10174.7
50.269, 41019.2, 10174.6
50.27, 41019.8, 10174.5
50.271, 41020.3, 10174.4
50.272, 41020.9, 10174.3
50.273, 41021.5, 10174.2
50.274, 41022.1, 10174.1
50.275, 41022.7, 10174
50.276, 41023.3, 10173.9
50.277, 41023.9, 10173.8
50.278, 41024.5, 10173.7
50.279, 41025.1, 10173.6
50.28, 41025.7, 10173.5
50.281, 41026.3, 10173.4
50.282, 41026.9, 10173.3
50.283, 41027.5, 10173.2
50.284, 41028.1, 10173.1
50.285, 41028.7, 10173
50.286, 41029.2, 10172.9
50.287, 41029.8, 10172.8
50.288, 41030.4, 10172.8
50.289, 41031, 10172.7
50.29, 41031.6, 10172.6
50.291, 41032.2, 10172.5
50.292, 41032.8, 10172.4
50.293, 41033.4, 10172.3
50.294, 41034, 10172.2
50.295, 41034.6, 10172.1
50.296, 41035.2, 10172
50.297, 41035.8, 10171.9
50.298, 41036.4, 10171.8
50.299, 41037, 10171.7
50.3, 41037.6, 10171.6
50.301, 41038.1, 10171.5
50.302, 41038.7, 10171.4
50.303, 41039.3, 10171.3
50.304, 41039.9, 10171.2
50.305, 41040.5, 10171.1
50.306, 41041.1, 10171
50.307, 41041.7, 10170.9
50.308, 41042.3, 10170.8
50.309, 41042.9, 10170.7
50.31, 41043.5, 10170.6
50.311, 41044.1, 10170.6
50.312, 41044.7, 10170.5
50.313, 41045.3, 10170.4
50.314, 41045.9, 10170.3
50.315, 41046.4, 10170.2
50.316, 41047, 10170.1
50.317, 41047.6, 10170
50.318, 41048.2, 10169.9
50.319, 41048.8, 10169.8
50.32, 41049.4, 10169.7
50.321, 41050, 10169.6
50.322, 41050.6, 10169.5
50.323, 41051.2, 10169.4
50.324, 41051.8, 10169.3
50.325, 41052.4, 10169.2
50.326, 41053, 10169.1
50.327, 41053.6, 10169
50.328, 41054.2, 10168.9
50.329, 41054.8, 10168.8
50.33, 41055.3, 10168.7
50.331, 41055.9, 10168.6
50.332, 41056.5, 10168.5
50.333, 41057.1, 10168.4
50.334, 41057.7, 10168.3
50.335, 41058.3, 10168.2
50.336, 41058.9, 10168.2
50.337, 41059.5, 10168.1
50.338, 41060.1, 10168
50.339, 41060.7, 10167.9
50.34, 41061.3, 10167.8
50.341, 41061.9, 10167.7
50.342, 41062.5, 10167.6
50.343, 41063.1, 10167.5
50.344, 41063.6, 10167.4
50.345, 41064.2, 10167.3
50.346, 41064.8, 10167.2
50.347, 41065.4, 10167.1
50.348, 41066, 10167
50.349, 41066.6, 10166.9
50.35, 41067.2, 10166.8
50.351, 41067.8, 10166.7
50.352, 41068.4, 10166.6
50.353, 41069, 10166.5
50.354, 41069.6, 10166.4
50.355, 41070.2, 10166.3
50.356, 41070.8, 10166.2
50.357, 41071.4, 10166.1
50.358, 41071.9, 10166
50.359, 41072.5, 10165.9
50.36, 41073.1, 10165.8
50.361, 41073.7, 10165.7
50.362, 41074.3, 10165.7
50.363, 41074.9, 10165.6
50.364, 41075.5, 10165.5
50.365, 41076.1, 10165.4
50.366, 41076.7, 10165.3
50.367, 41077.3, 10165.2
50.368, 41077.9, 10165.1
50.369, 41078.5, 10165
50.37, 41079.1, 10164.9
50.371, 41079.7, 10164.8
50.372, 41080.2, 10164.7
50.373, 41080.8, 10164.6
50.374, 41081.4, 10164.5
50.375, 41082, 10164.4
50.376, 41082.6, 10164.3
50.377, 41083.2, 10164.2
50.378, 41083.8, 10164.1
50.379, 41084.4, 10164
50.38, 41085, 10163.9
50.381, 41085.6, 10163.8
50.382, 41086.2, 10163.7
50.383, 41086.8, 10163.6
50.384, 41087.4, 10163.5
50.385, 41088, 10163.4
50.386, 41088.5, 10163.3
50.387, 41089.1, 10163.2
50.388, 41089.7, 10163.1
50.389, 41090.3, 10163
50.39, 41090.9, 10163
50.391, 41091.5, 10162.9
50.392, 41092.1, 10162.8
50.393, 41092.7, 10162.7
50.394, 41093.3, 10162.6
50.395, 41093.9, 10162.5
50.396, 41094.5, 10162.4
50.397, 41095.1, 10162.3
50.398, 41095.7, 10162.2
50.399, 41096.3, 10162.1
50.4, 41096.8, 10162
50.401, 41097.4, 10161.9
50.402, 41098, 10161.8
50.403, 41098.6, 10161.7
50.404, 41099.2, 10161.6
50.405, 41099.8, 10161.5
50.406, 41100.4, 10161.4
50.407, 41101, 10161.3
50.408, 41101.6, 10161.2
50.409, 41102.2, 10161.1
50.41, 41102.8, 10161
50.411, 41103.4, 10160.9
50.412, 41104, 10160.8
50.413, 41104.6, 10160.7
50.414, 41105.1, 10160.6
50.415, 41105.7, 10160.5
50.416, 41106.3, 10160.4
50.417, 41106.9, 10160.3
50.418, 41107.5, 10160.2
50.419, 41108.1, 10160.1
50.42, 41108.7, 10160
50.421, 41109.3, 10159.9
50.422, 41109.9, 10159.9
50.423, 41110.5, 10159.8
50.424, 41111.1, 10159.7
50.425, 41111.7, 10159.6
50.426, 41112.3, 10159.5
50.427, 41112.8, 10159.4
50.428, 41113.4, 10159.3
50.429, 41114, 10159.2
50.43, 41114.6, 10159.1
50.431, 41115.2, 10159
50.432, 41115.8, 10158.9
50.433, 41116.4, 10158.8
50.434, 41117, 10158.7
50.435, 41117.6, 10158.6
50.436, 41118.2, 10158.5
50.437, 41118.8, 10158.4
50.438, 41119.4, 10158.3
50.439, 41120, 10158.2
50.44, 41120.6, 10158.1
50.441, 41121.1, 10158
50.442, 41121.7, 10157.9
50.443, 41122.3, 10157.8
50.444, 41122.9, 10157.7
50.445, 41123.5, 10157.6
50.446, 41124.1, 10157.5
50.447, 41124.7, 10157.4
50.448, 41125.3, 10157.3
50.449, 41125.9, 10157.2
50.45, 41126.5, 10157.1
50.451, 41127.1, 10157
50.452, 41127.7, 10156.9
50.453, 41128.3, 10156.8
50.454, 41128.8, 10156.7
50.455, 41129.4, 10156.6
50.456, 41130, 10156.5
50.457, 41130.6, 10156.5
50.458, 41131.2, 10156.4
50.459, 41131.8, 10156.3
50.46, 41132.4, 10156.2
50.461, 41133, 10156.1
50.462, 41133.6, 10156
50.463, 41134.2, 10155.9
50.464, 41134.8, 10155.8
50.465, 41135.4, 10155.7
50.466, 41136, 10155.6
50.467, 41136.5, 10155.5
50.468, 41137.1, 10155.4
50.469, 41137.7, 10155.3
50.47, 41138.3, 10155.2
50.471, 41138.9, 10155.1
50.472, 41139.5, 10155
50.473, 41140.1, 10154.9
50.474, 41140.7, 10154.8
50.475, 41141.3, 10154.7
50.476, 41141.9, 10154.6
50.477, 41142.5, 10154.5
50.478, 41143.1, 10154.4
50.479, 41143.7, 10154.3
50.48, 41144.2, 10154.2
50.481, 41144.8, 10154.1
50.482, 41145.4, 10154
50.483, 41146, 10153.9
50.484, 41146.6, 10153.8
50.485, 41147.2, 10153.7
50.486, 41147.8, 10153.6
50.487, 41148.4, 10153.5
50.488, 41149, 10153.4
50.489, 41149.6, 10153.3
50.49, 41150.2, 10153.2
50.491, 41150.8, 10153.1
50.492, 41151.4, 10153
50.493, 41151.9, 10152.9
50.494, 41152.5, 10152.8
50.495, 41153.1, 10152.7
50.496, 41153.7, 10152.6
50.497, 41154.3, 10152.5
50.498, 41154.9, 10152.5
50.499, 41155.5, 10152.4
50.5, 41156.1, 10152.3
50.501, 41156.7, 10152.2
50.502, 41157.3, 10152.1
50.503, 41157.9, 10152
50.504, 41158.5, 10151.9
50.505, 41159.1, 10151.8
50.506, 41159.6, 10151.7
50.507, 41160.2, 10151.6
50.508, 41160.8, 10151.5
50.509, 41161.4, 10151.4
50.51, 41162, 10151.3
50.511, 41162.6, 10151.2
50.512, 41163.2, 10151.1
50.513, 41163.8, 10151
50.514, 41164.4, 10150.9
50.515, 41165, 10150.8
50.516, 41165.6, 10150.7
50.517, 41166.2, 10150.6
50.518, 41166.8, 10150.5
50.519, 41167.3, 10150.4
50.52, 41167.9, 10150.3
50.521, 41168.5, 10150.2
50.522, 41169.1, 10150.1
50.523, 41169.7, 10150
50.524, 41170.3, 10149.9
50.525, 41170.9, 10149.8
50.526, 41171.5, 10149.7
50.527, 41172.1, 10149.6
50.528, 41172.7, 10149.5
50.529, 41173.3, 10149.4
50.53, 41173.9, 10149.3
50.531, 41174.4, 10149.2
50.532, 41175, 10149.1
50.533, 41175.6, 10149
50.534, 41176.2, 10148.9
50.535, 41176.8, 10148.8
50.536, 41177.4, 10148.7
50.537, 41178, 10148.6
50.538, 41178.6, 10148.5
50.539, 41179.2, 10148.4
50.54, 41179.8, 10148.3
50.541, 41180.4, 10148.2
50.542, 41181, 10148.1
50.543, 41181.6, 10148
50.544, 41182.1, 10147.9
50.545, 41182.7, 10147.8
50.546, 41183.3, 10147.7
50.547, 41183.9, 10147.6
50.548, 41184.5, 10147.5
50.549, 41185.1, 10147.4
50.55, 41185.7, 10147.4
50.551, 41186.3, 10147.3
50.552, 41186.9, 10147.2
50.553, 41187.5, 10147.1
50.554, 41188.1, 10147
50.555, 41188.7, 10146.9
50.556, 41189.2, 10146.8
50.557, 41189.8, 10146.7
50.558, 41190.4, 10146.6
50.559, 41191, 10146.5
50.56, 41191.6, 10146.4
50.561, 41192.2, 10146.3
50.562, 41192.8, 10146.2
50.563, 41193.4, 10146.1
50.564, 41194, 10146
50.565, 41194.6, 10145.9
50.566, 41195.2, 10145.8
50.567, 41195.8, 10145.7
50.568, 41196.4, 10145.6
50.569, 41196.9, 10145.5
50.57, 41197.5, 10145.4
50.571, 41198.1, 10145.3
50.572, 41198.7, 10145.2
50.573, 41199.3, 10145.1
50.574, 41199.9, 10145
50.575, 41200.5, 10144.9
50.576, 41201.1, 10144.8
50.577, 41201.7, 10144.7
50.578, 41202.3, 10144.6
50.579, 41202.9, 10144.5
50.58, 41203.5, 10144.4
50.581, 41204, 10144.3
50.582, 41204.6, 10144.2
50.583, 41205.2, 10144.1
50.584, 41205.8, 10144
50.585, 41206.4, 10143.9
50.586, 41207, 10143.8
50.587, 41207.6, 10143.7
50.588, 41208.2, 10143.6
50.589, 41208.8, 10143.5
50.59, 41209.4, 10143.4
50.591, 41210, 10143.3
50.592, 41210.6, 10143.2
50.593, 41211.1, 10143.1
50.594, 41211.7, 10143
50.595, 41212.3, 10142.9
50.596, 41212.9, 10142.8
50.597, 41213.5, 10142.7
50.598, 41214.1, 10142.6
50.599, 41214.7, 10142.5
50.6, 41215.3, 10142.4
50.601, 41215.9, 10142.3
50.602, 41216.5, 10142.2
50.603, 41217.1, 10142.1
50.604, 41217.7, 10142
50.605, 41218.2, 10141.9
50.606, 41218.8, 10141.8
50.607, 41219.4, 10141.7
50.608, 41220, 10141.6
50.609, 41220.6, 10141.5
50.61, 41221.2, 10141.4
50.611, 41221.8, 10141.3
50.612, 41222.4, 10141.2
50.613, 41223, 10141.1
50.614, 41223.6, 10141
50.615, 41224.2, 10140.9
50.616, 41224.8, 10140.8
50.617, 41225.3, 10140.7
50.618, 41225.9, 10140.6
50.619, 41226.5, 10140.5
50.62, 41227.1, 10140.4
50.621, 41227.7, 10140.3
50.622, 41228.3, 10140.2
50.623, 41228.9, 10140.1
50.624, 41229.5, 10140
50.625, 41230.1, 10139.9
50.626, 41230.7, 10139.8
50.627, 41231.3, 10139.7
50.628, 41231.9, 10139.6
50.629, 41232.4, 10139.5
50.63, 41233, 10139.4
50.631, 41233.6, 10139.4
50.632, 41234.2, 10139.3
50.633, 41234.8, 10139.2
50.634, 41235.4, 10139.1
50.635, 41236, 10139
50.636, 41236.6, 10138.9
50.637, 41237.2, 10138.8
50.638, 41237.8, 10138.7
50.639, 41238.4, 10138.6
50.64, 41239, 10138.5
50.641, 41239.5, 10138.4
50.642, 41240.1, 10138.3
50.643, 41240.7, 10138.2
50.644, 41241.3, 10138.1
50.645, 41241.9, 10138
50.646, 41242.5, 10137.9
50.647, 41243.1, 10137.8
50.648, 41243.7, 10137.7
50.649, 41244.3, 10137.6
50.65, 41244.9, 10137.5
50.651, 41245.5, 10137.4
50.652, 41246, 10137.3
50.653, 41246.6, 10137.2
50.654, 41247.2, 10137.1
50.655, 41247.8, 10137
50.656, 41248.4, 10136.9
50.657, 41249, 10136.8
50.658, 41249.6, 10136.7
50.659, 41250.2, 10136.6
50.66, 41250.8, 10136.5
50.661, 41251.4, 10136.4
50.662, 41252, 10136.3
50.663, 41252.6, 10136.2
50.664, 41253.1, 10136.1
50.665, 41253.7, 10136
50.666, 41254.3, 10135.9
50.667, 41254.9, 10135.8
50.668, 41255.5, 10135.7
50.669, 41256.1, 10135.6
50.67, 41256.7, 10135.5
50.671, 41257.3, 10135.4
50.672, 41257.9, 10135.3
50.673, 41258.5, 10135.2
50.674, 41259.1, 10135.1
50.675, 41259.7, 10135
50.676, 41260.2, 10134.9
50.677, 41260.8, 10134.8
50.678, 41261.4, 10134.7
50.679, 41262, 10134.6
50.68, 41262.6, 10134.5
50.681, 41263.2, 10134.4
50.682, 41263.8, 10134.3
50.683, 41264.4, 10134.2
50.684, 41265, 10134.1
50.685, 41265.6, 10134
50.686, 41266.2, 10133.9
50.687, 41266.7, 10133.8
50.688, 41267.3, 10133.7
50.689, 41267.9, 10133.6
50.69, 41268.5, 10133.5
50.691, 41269.1, 10133.4
50.692, 41269.7, 10133.3
50.693, 41270.3, 10133.2
50.694, 41270.9, 10133.1
50.695, 41271.5, 10133
50.696, 41272.1, 10132.9
50.697, 41272.7, 10132.8
50.698, 41273.3, 10132.7
50.699, 41273.8, 10132.6
50.7, 41274.4, 10132.5
50.701, 41275, 10132.4
50.702, 41275.6, 10132.3
50.703, 41276.2, 10132.2
50.704, 41276.8, 10132.1
50.705, 41277.4, 10132
50.706, 41278, 10131.9
50.707, 41278.6, 10131.8
50.708, 41279.2, 10131.7
50.709, 41279.8, 10131.6
50.71, 41280.3, 10131.5
50.711, 41280.9, 10131.4
50.712, 41281.5, 10131.3
50.713, 41282.1, 10131.2
50.714, 41282.7, 10131.1
50.715, 41283.3, 10131
50.716, 41283.9, 10130.9
50.717, 41284.5, 10130.8
50.718, 41285.1, 10130.7
50.719, 41285.7, 10130.6
50.72, 41286.3, 10130.5
50.721, 41286.8, 10130.4
50.722, 41287.4, 10130.3
50.723, 41288, 10130.2
50.724, 41288.6, 10130.1
50.725, 41289.2, 10130
50.726, 41289.8, 10129.9
50.727, 41290.4, 10129.8
50.728, 41291, 10129.7
50.729, 41291.6, 10129.6
50.73, 41292.2, 10129.5
50.731, 41292.8, 10129.4
50.732, 41293.3, 10129.3
50.733, 41293.9, 10129.2
50.734, 41294.5, 10129.1
50.735, 41295.1, 10129
50.736, 41295.7, 10128.9
50.737, 41296.3, 10128.8
50.738, 41296.9, 10128.7
50.739, 41297.5, 10128.6
50.74, 41298.1, 10128.5
50.741, 41298.7, 10128.4
50.742, 41299.3, 10128.3
50.743, 41299.9, 10128.2
50.744, 41300.4, 10128.1
50.745, 41301, 10128
50.746, 41301.6, 10127.9
50.747, 41302.2, 10127.8
50.748, 41302.8, 10127.7
50.749, 41303.4, 10127.6
50.75, 41304, 10127.5
50.751, 41304.6, 10127.4
50.752, 41305.2, 10127.3
50.753, 41305.8, 10127.2
50.754, 41306.4, 10127.1
50.755, 41306.9, 10127
50.756, 41307.5, 10126.9
50.757, 41308.1, 10126.8
50.758, 41308.7, 10126.7
50.759, 41309.3, 10126.6
50.76, 41309.9, 10126.5
50.761, 41310.5, 10126.4
50.762, 41311.1, 10126.3
50.763, 41311.7, 10126.2
50.764, 41312.3, 10126.1
50.765, 41312.9, 10126
50.766, 41313.4, 10125.9
50.767, 41314, 10125.8
50.768, 41314.6, 10125.7
50.769, 41315.2, 10125.6
50.77, 41315.8, 10125.5
50.771, 41316.4, 10125.4
50.772, 41317, 10125.3
50.773, 41317.6, 10125.2
50.774, 41318.2, 10125.1
50.775, 41318.8, 10125
50.776, 41319.4, 10124.9
50.777, 41319.9, 10124.8
50.778, 41320.5, 10124.7
50.779, 41321.1, 10124.6
50.78, 41321.7, 10124.5
50.781, 41322.3, 10124.3
50.782, 41322.9, 10124.2
50.783, 41323.5, 10124.1
50.784, 41324.1, 10124
50.785, 41324.7, 10123.9
50.786, 41325.3, 10123.8
50.787, 41325.8, 10123.7
50.788, 41326.4, 10123.6
50.789, 41327, 10123.5
50.79, 41327.6, 10123.4
50.791, 41328.2, 10123.3
50.792, 41328.8, 10123.2
50.793, 41329.4, 10123.1
50.794, 41330, 10123
50.795, 41330.6, 10122.9
50.796, 41331.2, 10122.8
50.797, 41331.8, 10122.7
50.798, 41332.3, 10122.6
50.799, 41332.9, 10122.5
50.8, 41333.5, 10122.4
50.801, 41334.1, 10122.3
50.802, 41334.7, 10122.2
50.803, 41335.3, 10122.1
50.804, 41335.9, 10122
50.805, 41336.5, 10121.9
50.806, 41337.1, 10121.8
50.807, 41337.7, 10121.7
50.808, 41338.3, 10121.6
50.809, 41338.8, 10121.5
50.81, 41339.4, 10121.4
50.811, 41340, 10121.3
50.812, 41340.6, 10121.2
50.813, 41341.2, 10121.1
50.814, 41341.8, 10121
50.815, 41342.4, 10120.9
50.816, 41343, 10120.8
50.817, 41343.6, 10120.7
50.818, 41344.2, 10120.6
50.819, 41344.8, 10120.5
50.82, 41345.3, 10120.4
50.821, 41345.9, 10120.3
50.822, 41346.5, 10120.2
50.823, 41347.1, 10120.1
50.824, 41347.7, 10120
50.825, 41348.3, 10119.9
50.826, 41348.9, 10119.8
50.827, 41349.5, 10119.7
50.828, 41350.1, 10119.6
50.829, 41350.7, 10119.5
50.83, 41351.2, 10119.4
50.831, 41351.8, 10119.3
50.832, 41352.4, 10119.2
50.833, 41353, 10119.1
50.834, 41353.6, 10119
50.835, 41354.2, 10118.9
50.836, 41354.8, 10118.8
50.837, 41355.4, 10118.7
50.838, 41356, 10118.6
50.839, 41356.6, 10118.5
50.84, 41357.2, 10118.4
50.841, 41357.7, 10118.3
50.842, 41358.3, 10118.2
50.843, 41358.9, 10118.1
50.844, 41359.5, 10118
50.845, 41360.1, 10117.9
50.846, 41360.7, 10117.8
50.847, 41361.3, 10117.7
50.848, 41361.9, 10117.6
50.849, 41362.5, 10117.5
50.85, 41363.1, 10117.4
50.851, 41363.6, 10117.3
50.852, 41364.2, 10117.2
50.853, 41364.8, 10117.1
50.854, 41365.4, 10117
50.855, 41366, 10116.9
50.856, 41366.6, 10116.8
50.857, 41367.2, 10116.7
50.858, 41367.8, 10116.6
50.859, 41368.4, 10116.5
50.86, 41369, 10116.4
50.861, 41369.6, 10116.3
50.862, 41370.1, 10116.1
50.863, 41370.7, 10116
50.864, 41371.3, 10115.9
50.865, 41371.9, 10115.8
50.866, 41372.5, 10115.7
50.867, 41373.1, 10115.6
50.868, 41373.7, 10115.5
50.869, 41374.3, 10115.4
50.87, 41374.9, 10115.3
50.871, 41375.5, 10115.2
50.872, 41376, 10115.1
50.873, 41376.6, 10115
50.874, 41377.2, 10114.9
50.875, 41377.8, 10114.8
50.876, 41378.4, 10114.7
50.877, 41379, 10114.6
50.878, 41379.6, 10114.5
50.879, 41380.2, 10114.4
50.88, 41380.8, 10114.3
50.881, 41381.4, 10114.2
50.882, 41382, 10114.1
50.883, 41382.5, 10114
50.884, 41383.1, 10113.9
50.885, 41383.7, 10113.8
50.886, 41384.3, 10113.7
50.887, 41384.9, 10113.6
50.888, 41385.5, 10113.5
50.889, 41386.1, 10113.4
50.89, 41386.7, 10113.3
50.891, 41387.3, 10113.2
50.892, 41387.9, 10113.1
50.893, 41388.4, 10113
50.894, 41389, 10112.9
50.895, 41389.6, 10112.8
50.896, 41390.2, 10112.7
50.897, 41390.8, 10112.6
50.898, 41391.4, 10112.5
50.899, 41392, 10112.4
50.9, 41392.6, 10112.3
50.901, 41393.2, 10112.2
50.902, 41393.8, 10112.1
50.903, 41394.3, 10112
50.904, 41394.9, 10111.9
50.905, 41395.5, 10111.8
50.906, 41396.1, 10111.7
50.907, 41396.7, 10111.6
50.908, 41397.3, 10111.5
50.909, 41397.9, 10111.4
50.91, 41398.5, 10111.3
50.911, 41399.1, 10111.2
50.912, 41399.7, 10111.1
50.913, 41400.2, 10111
50.914, 41400.8, 10110.8
50.915, 41401.4, 10110.7
50.916, 41402, 10110.6
50.917, 41402.6, 10110.5
50.918, 41403.2, 10110.4
50.919, 41403.8, 10110.3
50.92, 41404.4, 10110.2
50.921, 41405, 10110.1
50.922, 41405.6, 10110
50.923, 41406.1, 10109.9
50.924, 41406.7, 10109.8
50.925, 41407.3, 10109.7
50.926, 41407.9, 10109.6
50.927, 41408.5, 10109.5
50.928, 41409.1, 10109.4
50.929, 41409.7, 10109.3
50.93, 41410.3, 10109.2
50.931, 41410.9, 10109.1
50.932, 41411.5, 10109
50.933, 41412.1, 10108.9
50.934, 41412.6, 10108.8
50.935, 41413.2, 10108.7
50.936, 41413.8, 10108.6
50.937, 41414.4, 10108.5
50.938, 41415, 10108.4
50.939, 41415.6, 10108.3
50.94, 41416.2, 10108.2
50.941, 41416.8, 10108.1
50.942, 41417.4, 10108
50.943, 41418, 10107.9
50.944, 41418.5, 10107.8
50.945, 41419.1, 10107.7
50.946, 41419.7, 10107.6
50.947, 41420.3, 10107.5
50.948, 41420.9, 10107.4
50.949, 41421.5, 10107.3
50.95, 41422.1, 10107.2
50.951, 41422.7, 10107.1
50.952, 41423.3, 10107
50.953, 41423.9, 10106.9
50.954, 41424.4, 10106.8
50.955, 41425, 10106.6
50.956, 41425.6, 10106.5
50.957, 41426.2, 10106.4
50.958, 41426.8, 10106.3
50.959, 41427.4, 10106.2
50.96, 41428, 10106.1
50.961, 41428.6, 10106
50.962, 41429.2, 10105.9
50.963, 41429.7, 10105.8
50.964, 41430.3, 10105.7
50.965, 41430.9, 10105.6
50.966, 41431.5, 10105.5
50.967, 41432.1, 10105.4
50.968, 41432.7, 10105.3
50.969, 41433.3, 10105.2
50.97, 41433.9, 10105.1
50.971, 41434.5, 10105
50.972, 41435.1, 10104.9
50.973, 41435.6, 10104.8
50.974, 41436.2, 10104.7
50.975, 41436.8, 10104.6
50.976, 41437.4, 10104.5
50.977, 41438, 10104.4
50.978, 41438.6, 10104.3
50.979, 41439.2, 10104.2
50.98, 41439.8, 10104.1
50.981, 41440.4, 10104
50.982, 41441, 10103.9
50.983, 41441.5, 10103.8
50.984, 41442.1, 10103.7
50.985, 41442.7, 10103.6
50.986, 41443.3, 10103.5
50.987, 41443.9, 10103.4
50.988, 41444.5, 10103.3
50.989, 41445.1, 10103.2
50.99, 41445.7, 10103
50.991, 41446.3, 10102.9
50.992, 41446.9, 10102.8
50.993, 41447.4, 10102.7
50.994, 41448, 10102.6
50.995, 41448.6, 10102.5
50.996, 41449.2, 10102.4
50.997, 41449.8, 10102.3
50.998, 41450.4, 10102.2
50.999, 41451, 10102.1
51, 41451.6, 10102
51.001, 41452.2, 10101.9
51.002, 41452.8, 10101.8
51.003, 41453.3, 10101.7
51.004, 41453.9, 10101.6
51.005, 41454.5, 10101.5
51.006, 41455.1, 10101.4
51.007, 41455.7, 10101.3
51.008, 41456.3, 10101.2
51.009, 41456.9, 10101.1
51.01, 41457.5, 10101
51.011, 41458.1, 10100.9
51.012, 41458.6, 10100.8
51.013, 41459.2, 10100.7
51.014, 41459.8, 10100.6
51.015, 41460.4, 10100.5
51.016, 41461, 10100.4
51.017, 41461.6, 10100.3
51.018, 41462.2, 10100.2
51.019, 41462.8, 10100.1
51.02, 41463.4, 10100
51.021, 41464, 10099.9
51.022, 41464.5, 10099.7
51.023, 41465.1, 10099.6
51.024, 41465.7, 10099.5
51.025, 41466.3, 10099.4
51.026, 41466.9, 10099.3
51.027, 41467.5, 10099.2
51.028, 41468.1, 10099.1
51.029, 41468.7, 10099
51.03, 41469.3, 10098.9
51.031, 41469.9, 10098.8
51.032, 41470.4, 10098.7
51.033, 41471, 10098.6
51.034, 41471.6, 10098.5
51.035, 41472.2, 10098.4
51.036, 41472.8, 10098.3
51.037, 41473.4, 10098.2
51.038, 41474, 10098.1
51.039, 41474.6, 10098
51.04, 41475.2, 10097.9
51.041, 41475.7, 10097.8
51.042, 41476.3, 10097.7
51.043, 41476.9, 10097.6
51.044, 41477.5, 10097.5
51.045, 41478.1, 10097.4
51.046, 41478.7, 10097.3
51.047, 41479.3, 10097.2
51.048, 41479.9, 10097.1
51.049, 41480.5, 10097
51.05, 41481.1, 10096.8
51.051, 41481.6, 10096.7
51.052, 41482.2, 10096.6
51.053, 41482.8, 10096.5
51.054, 41483.4, 10096.4
51.055, 41484, 10096.3
51.056, 41484.6, 10096.2
51.057, 41485.2, 10096.1
51.058, 41485.8, 10096
51.059, 41486.4, 10095.9
51.06, 41486.9, 10095.8
51.061, 41487.5, 10095.7
51.062, 41488.1, 10095.6
51.063, 41488.7, 10095.5
51.064, 41489.3, 10095.4
51.065, 41489.9, 10095.3
51.066, 41490.5, 10095.2
51.067, 41491.1, 10095.1
51.068, 41491.7, 10095
51.069, 41492.3, 10094.9
51.07, 41492.8, 10094.8
51.071, 41493.4, 10094.7
51.072, 41494, 10094.6
51.073, 41494.6, 10094.5
51.074, 41495.2, 10094.4
51.075, 41495.8, 10094.3
51.076, 41496.4, 10094.1
51.077, 41497, 10094
51.078, 41497.6, 10093.9
51.079, 41498.1, 10093.8
51.08, 41498.7, 10093.7
51.081, 41499.3, 10093.6
51.082, 41499.9, 10093.5
51.083, 41500.5, 10093.4
51.084, 41501.1, 10093.3
51.085, 41501.7, 10093.2
51.086, 41502.3, 10093.1
51.087, 41502.9, 10093
51.088, 41503.4, 10092.9
51.089, 41504, 10092.8
51.09, 41504.6, 10092.7
51.091, 41505.2, 10092.6
51.092, 41505.8, 10092.5
51.093, 41506.4, 10092.4
51.094, 41507, 10092.3
51.095, 41507.6, 10092.2
51.096, 41508.2, 10092.1
51.097, 41508.8, 10092
51.098, 41509.3, 10091.9
51.099, 41509.9, 10091.8
51.1, 41510.5, 10091.7
51.101, 41511.1, 10091.5
51.102, 41511.7, 10091.4
51.103, 41512.3, 10091.3
51.104, 41512.9, 10091.2
51.105, 41513.5, 10091.1
51.106, 41514.1, 10091
51.107, 41514.6, 10090.9
51.108, 41515.2, 10090.8
51.109, 41515.8, 10090.7
51.11, 41516.4, 10090.6
51.111, 41517, 10090.5
51.112, 41517.6, 10090.4
51.113, 41518.2, 10090.3
51.114, 41518.8, 10090.2
51.115, 41519.4, 10090.1
51.116, 41519.9, 10090
51.117, 41520.5, 10089.9
51.118, 41521.1, 10089.8
51.119, 41521.7, 10089.7
51.12, 41522.3, 10089.6
51.121, 41522.9, 10089.5
51.122, 41523.5, 10089.4
51.123, 41524.1, 10089.3
51.124, 41524.7, 10089.1
51.125, 41525.2, 10089
51.126, 41525.8, 10088.9
51.127, 41526.4, 10088.8
51.128, 41527, 10088.7
51.129, 41527.6, 10088.6
51.13, 41528.2, 10088.5
51.131, 41528.8, 10088.4
51.132, 41529.4, 10088.3
51.133, 41530, 10088.2
51.134, 41530.5, 10088.1
51.135, 41531.1, 10088
51.136, 41531.7, 10087.9
51.137, 41532.3, 10087.8
51.138, 41532.9, 10087.7
51.139, 41533.5, 10087.6
51.14, 41534.1, 10087.5
51.141, 41534.7, 10087.4
51.142, 41535.3, 10087.3
51.143, 41535.9, 10087.2
51.144, 41536.4, 10087.1
51.145, 41537, 10087
51.146, 41537.6, 10086.8
51.147, 41538.2, 10086.7
51.148, 41538.8, 10086.6
51.149, 41539.4, 10086.5
51.15, 41540, 10086.4
51.151, 41540.6, 10086.3
51.152, 41541.2, 10086.2
51.153, 41541.7, 10086.1
51.154, 41542.3, 10086
51.155, 41542.9, 10085.9
51.156, 41543.5, 10085.8
51.157, 41544.1, 10085.7
51.158, 41544.7, 10085.6
51.159, 41545.3, 10085.5
51.16, 41545.9, 10085.4
51.161, 41546.5, 10085.3
51.162, 41547, 10085.2
51.163, 41547.6, 10085.1
51.164, 41548.2, 10085
51.165, 41548.8, 10084.9
51.166, 41549.4, 10084.8
51.167, 41550, 10084.6
51.168, 41550.6, 10084.5
51.169, 41551.2, 10084.4
51.17, 41551.8, 10084.3
51.171, 41552.3, 10084.2
51.172, 41552.9, 10084.1
51.173, 41553.5, 10084
51.174, 41554.1, 10083.9
51.175, 41554.7, 10083.8
51.176, 41555.3, 10083.7
51.177, 41555.9, 10083.6
51.178, 41556.5, 10083.5
51.179, 41557.1, 10083.4
51.18, 41557.6, 10083.3
51.181, 41558.2, 10083.2
51.182, 41558.8, 10083.1
51.183, 41559.4, 10083
51.184, 41560, 10082.9
51.185, 41560.6, 10082.8
51.186, 41561.2, 10082.6
51.187, 41561.8, 10082.5
51.188, 41562.4, 10082.4
51.189, 41562.9, 10082.3
51.19, 41563.5, 10082.2
51.191, 41564.1, 10082.1
51.192, 41564.7, 10082
51.193, 41565.3, 10081.9
51.194, 41565.9, 10081.8
51.195, 41566.5, 10081.7
51.196, 41567.1, 10081.6
51.197, 41567.7, 10081.5
51.198, 41568.2, 10081.4
51.199, 41568.8, 10081.3
51.2, 41569.4, 10081.2
51.201, 41570, 10081.1
51.202, 41570.6, 10081
51.203, 41571.2, 10080.9
51.204, 41571.8, 10080.8
51.205, 41572.4, 10080.7
51.206, 41572.9, 10080.5
51.207, 41573.5, 10080.4
51.208, 41574.1, 10080.3
51.209, 41574.7, 10080.2
51.21, 41575.3, 10080.1
51.211, 41575.9, 10080
51.212, 41576.5, 10079.9
51.213, 41577.1, 10079.8
51.214, 41577.7, 10079.7
51.215, 41578.2, 10079.6
51.216, 41578.8, 10079.5
51.217, 41579.4, 10079.4
51.218, 41580, 10079.3
51.219, 41580.6, 10079.2
51.22, 41581.2, 10079.1
51.221, 41581.8, 10079
51.222, 41582.4, 10078.9
51.223, 41583, 10078.8
51.224, 41583.5, 10078.6
51.225, 41584.1, 10078.5
51.226, 41584.7, 10078.4
51.227, 41585.3, 10078.3
51.228, 41585.9, 10078.2
51.229, 41586.5, 10078.1
51.23, 41587.1, 10078
51.231, 41587.7, 10077.9
51.232, 41588.3, 10077.8
51.233, 41588.8, 10077.7
51.234, 41589.4, 10077.6
51.235, 41590, 10077.5
51.236, 41590.6, 10077.4
51.237, 41591.2, 10077.3
51.238, 41591.8, 10077.2
51.239, 41592.4, 10077.1
51.24, 41593, 10077
51.241, 41593.5, 10076.9
51.242, 41594.1, 10076.7
51.243, 41594.7, 10076.6
51.244, 41595.3, 10076.5
51.245, 41595.9, 10076.4
51.246, 41596.5, 10076.3
51.247, 41597.1, 10076.2
51.248, 41597.7, 10076.1
51.249, 41598.3, 10076
51.25, 41598.8, 10075.9
51.251, 41599.4, 10075.8
51.252, 41600, 10075.7
51.253, 41600.6, 10075.6
51.254, 41601.2, 10075.5
51.255, 41601.8, 10075.4
51.256, 41602.4, 10075.3
51.257, 41603, 10075.2
51.258, 41603.6, 10075.1
51.259, 41604.1, 10074.9
51.26, 41604.7, 10074.8
51.261, 41605.3, 10074.7
51.262, 41605.9, 10074.6
51.263, 41606.5, 10074.5
51.264, 41607.1, 10074.4
51.265, 41607.7, 10074.3
51.266, 41608.3, 10074.2
51.267, 41608.8, 10074.1
51.268, 41609.4, 10074
51.269, 41610, 10073.9
51.27, 41610.6, 10073.8
51.271, 41611.2, 10073.7
51.272, 41611.8, 10073.6
51.273, 41612.4, 10073.5
51.274, 41613, 10073.4
51.275, 41613.6, 10073.3
51.276, 41614.1, 10073.1
51.277, 41614.7, 10073
51.278, 41615.3, 10072.9
51.279, 41615.9, 10072.8
51.28, 41616.5, 10072.7
51.281, 41617.1, 10072.6
51.282, 41617.7, 10072.5
51.283, 41618.3, 10072.4
51.284, 41618.9, 10072.3
51.285, 41619.4, 10072.2
51.286, 41620, 10072.1
51.287, 41620.6, 10072
51.288, 41621.2, 10071.9
51.289, 41621.8, 10071.8
51.29, 41622.4, 10071.7
51.291, 41623, 10071.6
51.292, 41623.6, 10071.4
51.293, 41624.1, 10071.3
51.294, 41624.7, 10071.2
51.295, 41625.3, 10071.1
51.296, 41625.9, 10071
51.297, 41626.5, 10070.9
51.298, 41627.1, 10070.8
51.299, 41627.7, 10070.7
51.3, 41628.3, 10070.6
51.301, 41628.9, 10070.5
51.302, 41629.4, 10070.4
51.303, 41630, 10070.3
51.304, 41630.6, 10070.2
51.305, 41631.2, 10070.1
51.306, 41631.8, 10070
51.307, 41632.4, 10069.9
51.308, 41633, 10069.7
51.309, 41633.6, 10069.6
51.31, 41634.1, 10069.5
51.311, 41634.7, 10069.4
51.312, 41635.3, 10069.3
51.313, 41635.9, 10069.2
51.314, 41636.5, 10069.1
51.315, 41637.1, 10069
51.316, 41637.7, 10068.9
51.317, 41638.3, 10068.8
51.318, 41638.9, 10068.7
51.319, 41639.4, 10068.6
51.32, 41640, 10068.5
51.321, 41640.6, 10068.4
51.322, 41641.2, 10068.3
51.323, 41641.8, 10068.1
51.324, 41642.4, 10068
51.325, 41643, 10067.9
51.326, 41643.6, 10067.8
51.327, 41644.1, 10067.7
51.328, 41644.7, 10067.6
51.329, 41645.3, 10067.5
51.33, 41645.9, 10067.4
51.331, 41646.5, 10067.3
51.332, 41647.1, 10067.2
51.333, 41647.7, 10067.1
51.334, 41648.3, 10067
51.335, 41648.8, 10066.9
51.336, 41649.4, 10066.8
51.337, 41650, 10066.7
51.338, 41650.6, 10066.5
51.339, 41651.2, 10066.4
51.34, 41651.8, 10066.3
51.341, 41652.4, 10066.2
51.342, 41653, 10066.1
51.343, 41653.6, 10066
51.344, 41654.1, 10065.9
51.345, 41654.7, 10065.8
51.346, 41655.3, 10065.7
51.347, 41655.9, 10065.6
51.348, 41656.5, 10065.5
51.349, 41657.1, 10065.4
51.35, 41657.7, 10065.3
51.351, 41658.3, 10065.2
51.352, 41658.8, 10065.1
51.353, 41659.4, 10064.9
51.354, 41660, 10064.8
51.355, 41660.6, 10064.7
51.356, 41661.2, 10064.6
51.357, 41661.8, 10064.5
51.358, 41662.4, 10064.4
51.359, 41663, 10064.3
51.36, 41663.5, 10064.2
51.361, 41664.1, 10064.1
51.362, 41664.7, 10064
51.363, 41665.3, 10063.9
51.364, 41665.9, 10063.8
51.365, 41666.5, 10063.7
51.366, 41667.1, 10063.6
51.367, 41667.7, 10063.4
51.368, 41668.3, 10063.3
51.369, 41668.8, 10063.2
51.37, 41669.4, 10063.1
51.371, 41670, 10063
51.372, 41670.6, 10062.9
51.373, 41671.2, 10062.8
51.374, 41671.8, 10062.7
51.375, 41672.4, 10062.6
51.376, 41673, 10062.5
51.377, 41673.5, 10062.4
51.378, 41674.1, 10062.3
51.379, 41674.7, 10062.2
51.38, 41675.3, 10062.1
51.381, 41675.9, 10061.9
51.382, 41676.5, 10061.8
51.383, 41677.1, 10061.7
51.384, 41677.7, 10061.6
51.385, 41678.2, 10061.5
51.386, 41678.8, 10061.4
51.387, 41679.4, 10061.3
51.388, 41680, 10061.2
51.389, 41680.6, 10061.1
51.39, 41681.2, 10061
51.391, 41681.8, 10060.9
51.392, 41682.4, 10060.8
51.393, 41682.9, 10060.7
51.394, 41683.5, 10060.6
51.395, 41684.1, 10060.4
51.396, 41684.7, 10060.3
51.397, 41685.3, 10060.2
51.398, 41685.9, 10060.1
51.399, 41686.5, 10060
51.4, 41687.1, 10059.9
51.401, 41687.6, 10059.8
51.402, 41688.2, 10059.7
51.403, 41688.8, 10059.6
51.404, 41689.4, 10059.5
51.405, 41690, 10059.4
51.406, 41690.6, 10059.3
51.407, 41691.2, 10059.2
51.408, 41691.8, 10059
51.409, 41692.4, 10058.9
51.41, 41692.9, 10058.8
51.411, 41693.5, 10058.7
51.412, 41694.1, 10058.6
51.413, 41694.7, 10058.5
51.414, 41695.3, 10058.4
51.415, 41695.9, 10058.3
51.416, 41696.5, 10058.2
51.417, 41697.1, 10058.1
51.418, 41697.6, 10058
51.419, 41698.2, 10057.9
51.42, 41698.8, 10057.8
51.421, 41699.4, 10057.6
51.422, 41700, 10057.5
51.423, 41700.6, 10057.4
51.424, 41701.2, 10057.3
51.425, 41701.8, 10057.2
51.426, 41702.3, 10057.1
51.427, 41702.9, 10057
51.428, 41703.5, 10056.9
51.429, 41704.1, 10056.8
51.43, 41704.7, 10056.7
51.431, 41705.3, 10056.6
51.432, 41705.9, 10056.5
51.433, 41706.5, 10056.4
51.434, 41707, 10056.2
51.435, 41707.6, 10056.1
51.436, 41708.2, 10056
51.437, 41708.8, 10055.9
51.438, 41709.4, 10055.8
51.439, 41710, 10055.7
51.44, 41710.6, 10055.6
51.441, 41711.2, 10055.5
51.442, 41711.7, 10055.4
51.443, 41712.3, 10055.3
51.444, 41712.9, 10055.2
51.445, 41713.5, 10055.1
51.446, 41714.1, 10055
51.447, 41714.7, 10054.8
51.448, 41715.3, 10054.7
51.449, 41715.9, 10054.6
51.45, 41716.4, 10054.5
51.451, 41717, 10054.4
51.452, 41717.6, 10054.3
51.453, 41718.2, 10054.2
51.454, 41718.8, 10054.1
51.455, 41719.4, 10054
51.456, 41720, 10053.9
51.457, 41720.6, 10053.8
51.458, 41721.1, 10053.7
51.459, 41721.7, 10053.6
51.46, 41722.3, 10053.4
51.461, 41722.9, 10053.3
51.462, 41723.5, 10053.2
51.463, 41724.1, 10053.1
51.464, 41724.7, 10053
51.465, 41725.3, 10052.9
51.466, 41725.8, 10052.8
51.467, 41726.4, 10052.7
51.468, 41727, 10052.6
51.469, 41727.6, 10052.5
51.47, 41728.2, 10052.4
51.471, 41728.8, 10052.3
51.472, 41729.4, 10052.1
51.473, 41730, 10052
51.474, 41730.5, 10051.9
51.475, 41731.1, 10051.8
51.476, 41731.7, 10051.7
51.477, 41732.3, 10051.6
51.478, 41732.9, 10051.5
51.479, 41733.5, 10051.4
51.48, 41734.1, 10051.3
51.481, 41734.7, 10051.2
51.482, 41735.2, 10051.1
51.483, 41735.8, 10051
51.484, 41736.4, 10050.8
51.485, 41737, 10050.7
51.486, 41737.6, 10050.6
51.487, 41738.2, 10050.5
51.488, 41738.8, 10050.4
51.489, 41739.3, 10050.3
51.49, 41739.9, 10050.2
51.491, 41740.5, 10050.1
51.492, 41741.1, 10050
51.493, 41741.7, 10049.9
51.494, 41742.3, 10049.8
51.495, 41742.9, 10049.7
51.496, 41743.5, 10049.5
51.497, 41744, 10049.4
51.498, 41744.6, 10049.3
51.499, 41745.2, 10049.2
51.5, 41745.8, 10049.1
51.501, 41746.4, 10049
51.502, 41747, 10048.9
51.503, 41747.6, 10048.8
51.504, 41748.2, 10048.7
51.505, 41748.7, 10048.6
51.506, 41749.3, 10048.5
51.507, 41749.9, 10048.4
51.508, 41750.5, 10048.2
51.509, 41751.1, 10048.1
51.51, 41751.7, 10048
51.511, 41752.3, 10047.9
51.512, 41752.9, 10047.8
51.513, 41753.4, 10047.7
51.514, 41754, 10047.6
51.515, 41754.6, 10047.5
51.516, 41755.2, 10047.4
51.517, 41755.8, 10047.3
51.518, 41756.4, 10047.2
51.519, 41757, 10047
51.52, 41757.6, 10046.9
51.521, 41758.1, 10046.8
51.522, 41758.7, 10046.7
51.523, 41759.3, 10046.6
51.524, 41759.9, 10046.5
51.525, 41760.5, 10046.4
51.526, 41761.1, 10046.3
51.527, 41761.7, 10046.2
51.528, 41762.3, 10046.1
51.529, 41762.8, 10046
51.53, 41763.4, 10045.9
51.531, 41764, 10045.7
51.532, 41764.6, 10045.6
51.533, 41765.2, 10045.5
51.534, 41765.8, 10045.4
51.535, 41766.4, 10045.3
51.536, 41766.9, 10045.2
51.537, 41767.5, 10045.1
51.538, 41768.1, 10045
51.539, 41768.7, 10044.9
51.54, 41769.3, 10044.8
51.541, 41769.9, 10044.7
51.542, 41770.5, 10044.5
51.543, 41771.1, 10044.4
51.544, 41771.6, 10044.3
51.545, 41772.2, 10044.2
51.546, 41772.8, 10044.1
51.547, 41773.4, 10044
51.548, 41774, 10043.9
51.549, 41774.6, 10043.8
51.55, 41775.2, 10043.7
51.551, 41775.8, 10043.6
51.552, 41776.3, 10043.5
51.553, 41776.9, 10043.3
51.554, 41777.5, 10043.2
51.555, 41778.1, 10043.1
51.556, 41778.7, 10043
51.557, 41779.3, 10042.9
51.558, 41779.9, 10042.8
51.559, 41780.4, 10042.7
51.56, 41781, 10042.6
51.561, 41781.6, 10042.5
51.562, 41782.2, 10042.4
51.563, 41782.8, 10042.3
51.564, 41783.4, 10042.1
51.565, 41784, 10042
51.566, 41784.6, 10041.9
51.567, 41785.1, 10041.8
51.568, 41785.7, 10041.7
51.569, 41786.3, 10041.6
51.57, 41786.9, 10041.5
51.571, 41787.5, 10041.4
51.572, 41788.1, 10041.3
51.573, 41788.7, 10041.2
51.574, 41789.3, 10041.1
51.575, 41789.8, 10040.9
51.576, 41790.4, 10040.8
51.577, 41791, 10040.7
51.578, 41791.6, 10040.6
51.579, 41792.2, 10040.5
51.58, 41792.8, 10040.4
51.581, 41793.4, 10040.3
51.582, 41793.9, 10040.2
51.583, 41794.5, 10040.1
51.584, 41795.1, 10040
51.585, 41795.7, 10039.9
51.586, 41796.3, 10039.7
51.587, 41796.9, 10039.6
51.588, 41797.5, 10039.5
51.589, 41798.1, 10039.4
51.59, 41798.6, 10039.3
51.591, 41799.2, 10039.2
51.592, 41799.8, 10039.1
51.593, 41800.4, 10039
51.594, 41801, 10038.9
51.595, 41801.6, 10038.8
51.596, 41802.2, 10038.6
51.597, 41802.7, 10038.5
51.598, 41803.3, 10038.4
51.599, 41803.9, 10038.3
51.6, 41804.5, 10038.2
51.601, 41805.1, 10038.1
51.602, 41805.7, 10038
51.603, 41806.3, 10037.9
51.604, 41806.9, 10037.8
51.605, 41807.4, 10037.7
51.606, 41808, 10037.6
51.607, 41808.6, 10037.4
51.608, 41809.2, 10037.3
51.609, 41809.8, 10037.2
51.61, 41810.4, 10037.1
51.611, 41811, 10037
51.612, 41811.5, 10036.9
51.613, 41812.1, 10036.8
51.614, 41812.7, 10036.7
51.615, 41813.3, 10036.6
51.616, 41813.9, 10036.5
51.617, 41814.5, 10036.3
51.618, 41815.1, 10036.2
51.619, 41815.7, 10036.1
51.62, 41816.2, 10036
51.621, 41816.8, 10035.9
51.622, 41817.4, 10035.8
51.623, 41818, 10035.7
51.624, 41818.6, 10035.6
51.625, 41819.2, 10035.5
51.626, 41819.8, 10035.4
51.627, 41820.3, 10035.2
51.628, 41820.9, 10035.1
51.629, 41821.5, 10035
51.63, 41822.1, 10034.9
51.631, 41822.7, 10034.8
51.632, 41823.3, 10034.7
51.633, 41823.9, 10034.6
51.634, 41824.5, 10034.5
51.635, 41825, 10034.4
51.636, 41825.6, 10034.3
51.637, 41826.2, 10034.1
51.638, 41826.8, 10034
51.639, 41827.4, 10033.9
51.64, 41828, 10033.8
51.641, 41828.6, 10033.7
51.642, 41829.1, 10033.6
51.643, 41829.7, 10033.5
51.644, 41830.3, 10033.4
51.645, 41830.9, 10033.3
51.646, 41831.5, 10033.2
51.647, 41832.1, 10033
51.648, 41832.7, 10032.9
51.649, 41833.3, 10032.8
51.65, 41833.8, 10032.7
51.651, 41834.4, 10032.6
51.652, 41835, 10032.5
51.653, 41835.6, 10032.4
51.654, 41836.2, 10032.3
51.655, 41836.8, 10032.2
51.656, 41837.4, 10032.1
51.657, 41837.9, 10031.9
51.658, 41838.5, 10031.8
51.659, 41839.1, 10031.7
51.66, 41839.7, 10031.6
51.661, 41840.3, 10031.5
51.662, 41840.9, 10031.4
51.663, 41841.5, 10031.3
51.664, 41842, 10031.2
51.665, 41842.6, 10031.1
51.666, 41843.2, 10031
51.667, 41843.8, 10030.8
51.668, 41844.4, 10030.7
51.669, 41845, 10030.6
51.67, 41845.6, 10030.5
51.671, 41846.2, 10030.4
51.672, 41846.7, 10030.3
51.673, 41847.3, 10030.2
51.674, 41847.9, 10030.1
51.675, 41848.5, 10030
51.676, 41849.1, 10029.9
51.677, 41849.7, 10029.7
51.678, 41850.3, 10029.6
51.679, 41850.8, 10029.5
51.68, 41851.4, 10029.4
51.681, 41852, 10029.3
51.682, 41852.6, 10029.2
51.683, 41853.2, 10029.1
51.684, 41853.8, 10029
51.685, 41854.4, 10028.9
51.686, 41854.9, 10028.7
51.687, 41855.5, 10028.6
51.688, 41856.1, 10028.5
51.689, 41856.7, 10028.4
51.69, 41857.3, 10028.3
51.691, 41857.9, 10028.2
51.692, 41858.5, 10028.1
51.693, 41859.1, 10028
51.694, 41859.6, 10027.9
51.695, 41860.2, 10027.8
51.696, 41860.8, 10027.6
51.697, 41861.4, 10027.5
51.698, 41862, 10027.4
51.699, 41862.6, 10027.3
51.7, 41863.2, 10027.2
51.701, 41863.7, 10027.1
51.702, 41864.3, 10027
51.703, 41864.9, 10026.9
51.704, 41865.5, 10026.8
51.705, 41866.1, 10026.6
51.706, 41866.7, 10026.5
51.707, 41867.3, 10026.4
51.708, 41867.8, 10026.3
51.709, 41868.4, 10026.2
51.71, 41869, 10026.1
51.711, 41869.6, 10026
51.712, 41870.2, 10025.9
51.713, 41870.8, 10025.8
51.714, 41871.4, 10025.7
51.715, 41871.9, 10025.5
51.716, 41872.5, 10025.4
51.717, 41873.1, 10025.3
51.718, 41873.7, 10025.2
51.719, 41874.3, 10025.1
51.72, 41874.9, 10025
51.721, 41875.5, 10024.9
51.722, 41876.1, 10024.8
51.723, 41876.6, 10024.7
51.724, 41877.2, 10024.5
51.725, 41877.8, 10024.4
51.726, 41878.4, 10024.3
51.727, 41879, 10024.2
51.728, 41879.6, 10024.1
51.729, 41880.2, 10024
51.73, 41880.7, 10023.9
51.731, 41881.3, 10023.8
51.732, 41881.9, 10023.7
51.733, 41882.5, 10023.5
51.734, 41883.1, 10023.4
51.735, 41883.7, 10023.3
51.736, 41884.3, 10023.2
51.737, 41884.8, 10023.1
51.738, 41885.4, 10023
51.739, 41886, 10022.9
51.74, 41886.6, 10022.8
51.741, 41887.2, 10022.7
51.742, 41887.8, 10022.5
51.743, 41888.4, 10022.4
51.744, 41888.9, 10022.3
51.745, 41889.5, 10022.2
51.746, 41890.1, 10022.1
51.747, 41890.7, 10022
51.748, 41891.3, 10021.9
51.749, 41891.9, 10021.8
51.75, 41892.5, 10021.7
51.751, 41893, 10021.5
51.752, 41893.6, 10021.4
51.753, 41894.2, 10021.3
51.754, 41894.8, 10021.2
51.755, 41895.4, 10021.1
51.756, 41896, 10021
51.757, 41896.6, 10020.9
51.758, 41897.1, 10020.8
51.759, 41897.7, 10020.7
51.76, 41898.3, 10020.5
51.761, 41898.9, 10020.4
51.762, 41899.5, 10020.3
51.763, 41900.1, 10020.2
51.764, 41900.7, 10020.1
51.765, 41901.3, 10020
51.766, 41901.8, 10019.9
51.767, 41902.4, 10019.8
51.768, 41903, 10019.7
51.769, 41903.6, 10019.5
51.77, 41904.2, 10019.4
51.771, 41904.8, 10019.3
51.772, 41905.4, 10019.2
51.773, 41905.9, 10019.1
51.774, 41906.5, 10019
51.775, 41907.1, 10018.9
51.776, 41907.7, 10018.8
51.777, 41908.3, 10018.6
51.778, 41908.9, 10018.5
51.779, 41909.5, 10018.4
51.78, 41910, 10018.3
51.781, 41910.6, 10018.2
51.782, 41911.2, 10018.1
51.783, 41911.8, 10018
51.784, 41912.4, 10017.9
51.785, 41913, 10017.8
51.786, 41913.6, 10017.6
51.787, 41914.1, 10017.5
51.788, 41914.7, 10017.4
51.789, 41915.3, 10017.3
51.79, 41915.9, 10017.2
51.791, 41916.5, 10017.1
51.792, 41917.1, 10017
51.793, 41917.7, 10016.9
51.794, 41918.2, 10016.8
51.795, 41918.8, 10016.6
51.796, 41919.4, 10016.5
51.797, 41920, 10016.4
51.798, 41920.6, 10016.3
51.799, 41921.2, 10016.2
51.8, 41921.8, 10016.1
51.801, 41922.3, 10016
51.802, 41922.9, 10015.9
51.803, 41923.5, 10015.7
51.804, 41924.1, 10015.6
51.805, 41924.7, 10015.5
51.806, 41925.3, 10015.4
51.807, 41925.9, 10015.3
51.808, 41926.4, 10015.2
51.809, 41927, 10015.1
51.81, 41927.6, 10015
51.811, 41928.2, 10014.9
51.812, 41928.8, 10014.7
51.813, 41929.4, 10014.6
51.814, 41930, 10014.5
51.815, 41930.5, 10014.4
51.816, 41931.1, 10014.3
51.817, 41931.7, 10014.2
51.818, 41932.3, 10014.1
51.819, 41932.9, 10014
51.82, 41933.5, 10013.8
51.821, 41934.1, 10013.7
51.822, 41934.6, 10013.6
51.823, 41935.2, 10013.5
51.824, 41935.8, 10013.4
51.825, 41936.4, 10013.3
51.826, 41937, 10013.2
51.827, 41937.6, 10013.1
51.828, 41938.2, 10013
51.829, 41938.7, 10012.8
51.83, 41939.3, 10012.7
51.831, 41939.9, 10012.6
51.832, 41940.5, 10012.5
51.833, 41941.1, 10012.4
51.834, 41941.7, 10012.3
51.835, 41942.3, 10012.2
51.836, 41942.8, 10012.1
51.837, 41943.4, 10011.9
51.838, 41944, 10011.8
51.839, 41944.6, 10011.7
51.84, 41945.2, 10011.6
51.841, 41945.8, 10011.5
51.842, 41946.4, 10011.4
51.843, 41946.9, 10011.3
51.844, 41947.5, 10011.2
51.845, 41948.1, 10011
51.846, 41948.7, 10010.9
51.847, 41949.3, 10010.8
51.848, 41949.9, 10010.7
51.849, 41950.5, 10010.6
51.85, 41951, 10010.5
51.851, 41951.6, 10010.4
51.852, 41952.2, 10010.3
51.853, 41952.8, 10010.1
51.854, 41953.4, 10010
51.855, 41954, 10009.9
51.856, 41954.5, 10009.8
51.857, 41955.1, 10009.7
51.858, 41955.7, 10009.6
51.859, 41956.3, 10009.5
51.86, 41956.9, 10009.4
51.861, 41957.5, 10009.2
51.862, 41958.1, 10009.1
51.863, 41958.6, 10009
51.864, 41959.2, 10008.9
51.865, 41959.8, 10008.8
51.866, 41960.4, 10008.7
51.867, 41961, 10008.6
51.868, 41961.6, 10008.5
51.869, 41962.2, 10008.3
51.87, 41962.7, 10008.2
51.871, 41963.3, 10008.1
51.872, 41963.9, 10008
51.873, 41964.5, 10007.9
51.874, 41965.1, 10007.8
51.875, 41965.7, 10007.7
51.876, 41966.3, 10007.6
51.877, 41966.8, 10007.4
51.878, 41967.4, 10007.3
51.879, 41968, 10007.2
51.88, 41968.6, 10007.1
51.881, 41969.2, 10007
51.882, 41969.8, 10006.9
51.883, 41970.4, 10006.8
51.884, 41970.9, 10006.7
51.885, 41971.5, 10006.5
51.886, 41972.1, 10006.4
51.887, 41972.7, 10006.3
51.888, 41973.3, 10006.2
51.889, 41973.9, 10006.1
51.89, 41974.5, 10006
51.891, 41975, 10005.9
51.892, 41975.6, 10005.8
51.893, 41976.2, 10005.6
51.894, 41976.8, 10005.5
51.895, 41977.4, 10005.4
51.896, 41978, 10005.3
51.897, 41978.5, 10005.2
51.898, 41979.1, 10005.1
51.899, 41979.7, 10005
51.9, 41980.3, 10004.9
51.901, 41980.9, 10004.7
51.902, 41981.5, 10004.6
51.903, 41982.1, 10004.5
51.904, 41982.6, 10004.4
51.905, 41983.2, 10004.3
51.906, 41983.8, 10004.2
51.907, 41984.4, 10004.1
51.908, 41985, 10004
51.909, 41985.6, 10003.8
51.91, 41986.2, 10003.7
51.911, 41986.7, 10003.6
51.912, 41987.3, 10003.5
51.913, 41987.9, 10003.4
51.914, 41988.5, 10003.3
51.915, 41989.1, 10003.2
51.916, 41989.7, 10003.1
51.917, 41990.3, 10002.9
51.918, 41990.8, 10002.8
51.919, 41991.4, 10002.7
51.92, 41992, 10002.6
51.921, 41992.6, 10002.5
51.922, 41993.2, 10002.4
51.923, 41993.8, 10002.3
51.924, 41994.3, 10002.1
51.925, 41994.9, 10002
51.926, 41995.5, 10001.9
51.927, 41996.1, 10001.8
51.928, 41996.7, 10001.7
51.929, 41997.3, 10001.6
51.93, 41997.9, 10001.5
51.931, 41998.4, 10001.4
51.932, 41999, 10001.2
51.933, 41999.6, 10001.1
51.934, 42000.2, 10001
51.935, 42000.8, 10000.9
51.936, 42001.4, 10000.8
51.937, 42002, 10000.7
51.938, 42002.5, 10000.6
51.939, 42003.1, 10000.5
51.94, 42003.7, 10000.3
51.941, 42004.3, 10000.2
51.942, 42004.9, 10000.1
51.943, 42005.5, 10000
51.944, 42006.1, 9999.88
51.945, 42006.6, 9999.77
51.946, 42007.2, 9999.66
51.947, 42007.8, 9999.54
51.948, 42008.4, 9999.43
51.949, 42009, 9999.32
51.95, 42009.6, 9999.2
51.951, 42010.1, 9999.09
51.952, 42010.7, 9998.98
51.953, 42011.3, 9998.86
51.954, 42011.9, 9998.75
51.955, 42012.5, 9998.64
51.956, 42013.1, 9998.52
51.957, 42013.7, 9998.41
51.958, 42014.2, 9998.3
51.959, 42014.8, 9998.18
51.96, 42015.4, 9998.07
51.961, 42016, 9997.96
51.962, 42016.6, 9997.84
51.963, 42017.2, 9997.73
51.964, 42017.7, 9997.62
51.965, 42018.3, 9997.5
51.966, 42018.9, 9997.39
51.967, 42019.5, 9997.28
51.968, 42020.1, 9997.16
51.969, 42020.7, 9997.05
51.97, 42021.3, 9996.94
51.971, 42021.8, 9996.82
51.972, 42022.4, 9996.71
51.973, 42023, 9996.6
51.974, 42023.6, 9996.48
51.975, 42024.2, 9996.37
51.976, 42024.8, 9996.25
51.977, 42025.4, 9996.14
51.978, 42025.9, 9996.03
51.979, 42026.5, 9995.91
51.98, 42027.1, 9995.8
51.981, 42027.7, 9995.69
51.982, 42028.3, 9995.57
51.983, 42028.9, 9995.46
51.984, 42029.4, 9995.35
51.985, 42030, 9995.23
51.986, 42030.6, 9995.12
51.987, 42031.2, 9995
51.988, 42031.8, 9994.89
51.989, 42032.4, 9994.78
51.99, 42033, 9994.66
51.991, 42033.5, 9994.55
51.992, 42034.1, 9994.44
51.993, 42034.7, 9994.32
51.994, 42035.3, 9994.21
51.995, 42035.9, 9994.09
51.996, 42036.5, 9993.98
51.997, 42037, 9993.87
51.998, 42037.6, 9993.75
51.999, 42038.2, 9993.64
52, 42038.8, 9993.53
52.001, 42039.4, 9993.41
52.002, 42040, 9993.3
52.003, 42040.6, 9993.18
52.004, 42041.1, 9993.07
52.005, 42041.7, 9992.96
52.006, 42042.3, 9992.84
52.007, 42042.9, 9992.73
52.008, 42043.5, 9992.61
52.009, 42044.1, 9992.5
52.01, 42044.7, 9992.39
52.011, 42045.2, 9992.27
52.012, 42045.8, 9992.16
52.013, 42046.4, 9992.04
52.014, 42047, 9991.93
52.015, 42047.6, 9991.82
52.016, 42048.2, 9991.7
52.017, 42048.7, 9991.59
52.018, 42049.3, 9991.47
52.019, 42049.9, 9991.36
52.02, 42050.5, 9991.25
52.021, 42051.1, 9991.13
52.022, 42051.7, 9991.02
52.023, 42052.3, 9990.9
52.024, 42052.8, 9990.79
52.025, 42053.4, 9990.68
52.026, 42054, 9990.56
52.027, 42054.6, 9990.45
52.028, 42055.2, 9990.33
52.029, 42055.8, 9990.22
52.03, 42056.3, 9990.1
52.031, 42056.9, 9989.99
52.032, 42057.5, 9989.88
52.033, 42058.1, 9989.76
52.034, 42058.7, 9989.65
52.035, 42059.3, 9989.53
52.036, 42059.9, 9989.42
52.037, 42060.4, 9989.3
52.038, 42061, 9989.19
52.039, 42061.6, 9989.08
52.04, 42062.2, 9988.96
52.041, 42062.8, 9988.85
52.042, 42063.4, 9988.73
52.043, 42063.9, 9988.62
52.044, 42064.5, 9988.5
52.045, 42065.1, 9988.39
52.046, 42065.7, 9988.28
52.047, 42066.3, 9988.16
52.048, 42066.9, 9988.05
52.049, 42067.5, 9987.93
52.05, 42068, 9987.82
52.051, 42068.6, 9987.7
52.052, 42069.2, 9987.59
52.053, 42069.8, 9987.48
52.054, 42070.4, 9987.36
52.055, 42071, 9987.25
52.056, 42071.5, 9987.13
52.057, 42072.1, 9987.02
52.058, 42072.7, 9986.9
52.059, 42073.3, 9986.79
52.06, 42073.9, 9986.67
52.061, 42074.5, 9986.56
52.062, 42075, 9986.44
52.063, 42075.6, 9986.33
52.064, 42076.2, 9986.22
52.065, 42076.8, 9986.1
52.066, 42077.4, 9985.99
52.067, 42078, 9985.87
52.068, 42078.6, 9985.76
52.069, 42079.1, 9985.64
52.07, 42079.7, 9985.53
52.071, 42080.3, 9985.41
52.072, 42080.9, 9985.3
52.073, 42081.5, 9985.18
52.074, 42082.1, 9985.07
52.075, 42082.6, 9984.96
52.076, 42083.2, 9984.84
52.077, 42083.8, 9984.73
52.078, 42084.4, 9984.61
52.079, 42085, 9984.5
52.08, 42085.6, 9984.38
52.081, 42086.2, 9984.27
52.082, 42086.7, 9984.15
52.083, 42087.3, 9984.04
52.084, 42087.9, 9983.92
52.085, 42088.5, 9983.81
52.086, 42089.1, 9983.69
52.087, 42089.7, 9983.58
52.088, 42090.2, 9983.46
52.089, 42090.8, 9983.35
52.09, 42091.4, 9983.23
52.091, 42092, 9983.12
52.092, 42092.6, 9983
52.093, 42093.2, 9982.89
52.094, 42093.7, 9982.77
52.095, 42094.3, 9982.66
52.096, 42094.9, 9982.54
52.097, 42095.5, 9982.43
52.098, 42096.1, 9982.31
52.099, 42096.7, 9982.2
52.1, 42097.3, 9982.08
52.101, 42097.8, 9981.97
52.102, 42098.4, 9981.85
52.103, 42099, 9981.74
52.104, 42099.6, 9981.63
52.105, 42100.2, 9981.51
52.106, 42100.8, 9981.4
52.107, 42101.3, 9981.28
52.108, 42101.9, 9981.17
52.109, 42102.5, 9981.05
52.11, 42103.1, 9980.93
52.111, 42103.7, 9980.82
52.112, 42104.3, 9980.7
52.113, 42104.8, 9980.59
52.114, 42105.4, 9980.47
52.115, 42106, 9980.36
52.116, 42106.6, 9980.24
52.117, 42107.2, 9980.13
52.118, 42107.8, 9980.01
52.119, 42108.4, 9979.9
52.12, 42108.9, 9979.78
52.121, 42109.5, 9979.67
52.122, 42110.1, 9979.55
52.123, 42110.7, 9979.44
52.124, 42111.3, 9979.32
52.125, 42111.9, 9979.21
52.126, 42112.4, 9979.09
52.127, 42113, 9978.98
52.128, 42113.6, 9978.86
52.129, 42114.2, 9978.75
52.13, 42114.8, 9978.63
52.131, 42115.4, 9978.52
52.132, 42115.9, 9978.4
52.133, 42116.5, 9978.29
52.134, 42117.1, 9978.17
52.135, 42117.7, 9978.06
52.136, 42118.3, 9977.94
52.137, 42118.9, 9977.82
52.138, 42119.5, 9977.71
52.139, 42120, 9977.59
52.14, 42120.6, 9977.48
52.141, 42121.2, 9977.36
52.142, 42121.8, 9977.25
52.143, 42122.4, 9977.13
52.144, 42123, 9977.02
52.145, 42123.5, 9976.9
52.146, 42124.1, 9976.79
52.147, 42124.7, 9976.67
52.148, 42125.3, 9976.56
52.149, 42125.9, 9976.44
52.15, 42126.5, 9976.32
52.151, 42127, 9976.21
52.152, 42127.6, 9976.09
52.153, 42128.2, 9975.98
52.154, 42128.8, 9975.86
52.155, 42129.4, 9975.75
52.156, 42130, 9975.63
52.157, 42130.5, 9975.52
52.158, 42131.1, 9975.4
52.159, 42131.7, 9975.28
52.16, 42132.3, 9975.17
52.161, 42132.9, 9975.05
52.162, 42133.5, 9974.94
52.163, 42134.1, 9974.82
52.164, 42134.6, 9974.71
52.165, 42135.2, 9974.59
52.166, 42135.8, 9974.48
52.167, 42136.4, 9974.36
52.168, 42137, 9974.24
52.169, 42137.6, 9974.13
52.17, 42138.1, 9974.01
52.171, 42138.7, 9973.9
52.172, 42139.3, 9973.78
52.173, 42139.9, 9973.67
52.174, 42140.5, 9973.55
52.175, 42141.1, 9973.43
52.176, 42141.6, 9973.32
52.177, 42142.2, 9973.2
52.178, 42142.8, 9973.09
52.179, 42143.4, 9972.97
52.18, 42144, 9972.85
52.181, 42144.6, 9972.74
52.182, 42145.1, 9972.62
52.183, 42145.7, 9972.51
52.184, 42146.3, 9972.39
52.185, 42146.9, 9972.28
52.186, 42147.5, 9972.16
52.187, 42148.1, 9972.04
52.188, 42148.6, 9971.93
52.189, 42149.2, 9971.81
52.19, 42149.8, 9971.7
52.191, 42150.4, 9971.58
52.192, 42151, 9971.46
52.193, 42151.6, 9971.35
52.194, 42152.2, 9971.23
52.195, 42152.7, 9971.12
52.196, 42153.3, 9971
52.197, 42153.9, 9970.88
52.198, 42154.5, 9970.77
52.199, 42155.1, 9970.65
52.2, 42155.7, 9970.54
52.201, 42156.2, 9970.42
52.202, 42156.8, 9970.3
52.203, 42157.4, 9970.19
52.204, 42158, 9970.07
52.205, 42158.6, 9969.96
52.206, 42159.2, 9969.84
52.207, 42159.7, 9969.72
52.208, 42160.3, 9969.61
52.209, 42160.9, 9969.49
52.21, 42161.5, 9969.38
52.211, 42162.1, 9969.26
52.212, 42162.7, 9969.14
52.213, 42163.2, 9969.03
52.214, 42163.8, 9968.91
52.215, 42164.4, 9968.8
52.216, 42165, 9968.68
52.217, 42165.6, 9968.56
52.218, 42166.2, 9968.45
52.219, 42166.7, 9968.33
52.22, 42167.3, 9968.21
52.221, 42167.9, 9968.1
52.222, 42168.5, 9967.98
52.223, 42169.1, 9967.87
52.224, 42169.7, 9967.75
52.225, 42170.2, 9967.63
52.226, 42170.8, 9967.52
52.227, 42171.4, 9967.4
52.228, 42172, 9967.28
52.229, 42172.6, 9967.17
52.23, 42173.2, 9967.05
52.231, 42173.7, 9966.93
52.232, 42174.3, 9966.82
52.233, 42174.9, 9966.7
52.234, 42175.5, 9966.59
52.235, 42176.1, 9966.47
52.236, 42176.7, 9966.35
52.237, 42177.2, 9966.24
52.238, 42177.8, 9966.12
52.239, 42178.4, 9966
52.24, 42179, 9965.89
52.241, 42179.6, 9965.77
52.242, 42180.2, 9965.65
52.243, 42180.7, 9965.54
52.244, 42181.3, 9965.42
52.245, 42181.9, 9965.3
52.246, 42182.5, 9965.19
52.247, 42183.1, 9965.07
52.248, 42183.7, 9964.96
52.249, 42184.3, 9964.84
52.25, 42184.8, 9964.72
52.251, 42185.4, 9964.61
52.252, 42186, 9964.49
52.253, 42186.6, 9964.37
52.254, 42187.2, 9964.26
52.255, 42187.8, 9964.14
52.256, 42188.3, 9964.02
52.257, 42188.9, 9963.91
52.258, 42189.5, 9963.79
52.259, 42190.1, 9963.67
52.26, 42190.7, 9963.56
52.261, 42191.3, 9963.44
52.262, 42191.8, 9963.32
52.263, 42192.4, 9963.21
52.264, 42193, 9963.09
52.265, 42193.6, 9962.97
52.266, 42194.2, 9962.86
52.267, 42194.8, 9962.74
52.268, 42195.3, 9962.62
52.269, 42195.9, 9962.51
52.27, 42196.5, 9962.39
52.271, 42197.1, 9962.27
52.272, 42197.7, 9962.16
52.273, 42198.3, 9962.04
52.274, 42198.8, 9961.92
52.275, 42199.4, 9961.8
52.276, 42200, 9961.69
52.277, 42200.6, 9961.57
52.278, 42201.2, 9961.45
52.279, 42201.8, 9961.34
52.28, 42202.3, 9961.22
52.281, 42202.9, 9961.1
52.282, 42203.5, 9960.99
52.283, 42204.1, 9960.87
52.284, 42204.7, 9960.75
52.285, 42205.3, 9960.64
52.286, 42205.8, 9960.52
52.287, 42206.4, 9960.4
52.288, 42207, 9960.29
52.289, 42207.6, 9960.17
52.29, 42208.2, 9960.05
52.291, 42208.8, 9959.93
52.292, 42209.3, 9959.82
52.293, 42209.9, 9959.7
52.294, 42210.5, 9959.58
52.295, 42211.1, 9959.47
52.296, 42211.7, 9959.35
52.297, 42212.3, 9959.23
52.298, 42212.8, 9959.11
52.299, 42213.4, 9959
52.3, 42214, 9958.88
52.301, 42214.6, 9958.76
52.302, 42215.2, 9958.65
52.303, 42215.8, 9958.53
52.304, 42216.3, 9958.41
52.305, 42216.9, 9958.29
52.306, 42217.5, 9958.18
52.307, 42218.1, 9958.06
52.308, 42218.7, 9957.94
52.309, 42219.3, 9957.83
52.31, 42219.8, 9957.71
52.311, 42220.4, 9957.59
52.312, 42221, 9957.47
52.313, 42221.6, 9957.36
52.314, 42222.2, 9957.24
52.315, 42222.8, 9957.12
52.316, 42223.3, 9957.01
52.317, 42223.9, 9956.89
52.318, 42224.5, 9956.77
52.319, 42225.1, 9956.65
52.32, 42225.7, 9956.54
52.321, 42226.3, 9956.42
52.322, 42226.8, 9956.3
52.323, 42227.4, 9956.18
52.324, 42228, 9956.07
52.325, 42228.6, 9955.95
52.326, 42229.2, 9955.83
52.327, 42229.7, 9955.71
52.328, 42230.3, 9955.6
52.329, 42230.9, 9955.48
52.33, 42231.5, 9955.36
52.331, 42232.1, 9955.25
52.332, 42232.7, 9955.13
52.333, 42233.2, 9955.01
52.334, 42233.8, 9954.89
52.335, 42234.4, 9954.78
52.336, 42235, 9954.66
52.337, 42235.6, 9954.54
52.338, 42236.2, 9954.42
52.339, 42236.7, 9954.31
52.34, 42237.3, 9954.19
52.341, 42237.9, 9954.07
52.342, 42238.5, 9953.95
52.343, 42239.1, 9953.84
52.344, 42239.7, 9953.72
52.345, 42240.2, 9953.6
52.346, 42240.8, 9953.48
52.347, 42241.4, 9953.36
52.348, 42242, 9953.25
52.349, 42242.6, 9953.13
52.35, 42243.2, 9953.01
52.351, 42243.7, 9952.89
52.352, 42244.3, 9952.78
52.353, 42244.9, 9952.66
52.354, 42245.5, 9952.54
52.355, 42246.1, 9952.42
52.356, 42246.7, 9952.31
52.357, 42247.2, 9952.19
52.358, 42247.8, 9952.07
52.359, 42248.4, 9951.95
52.36, 42249, 9951.84
52.361, 42249.6, 9951.72
52.362, 42250.2, 9951.6
52.363, 42250.7, 9951.48
52.364, 42251.3, 9951.36
52.365, 42251.9, 9951.25
52.366, 42252.5, 9951.13
52.367, 42253.1, 9951.01
52.368, 42253.7, 9950.89
52.369, 42254.2, 9950.77
52.37, 42254.8, 9950.66
52.371, 42255.4, 9950.54
52.372, 42256, 9950.42
52.373, 42256.6, 9950.3
52.374, 42257.2, 9950.19
52.375, 42257.7, 9950.07
52.376, 42258.3, 9949.95
52.377, 42258.9, 9949.83
52.378, 42259.5, 9949.71
52.379, 42260.1, 9949.6
52.38, 42260.6, 9949.48
52.381, 42261.2, 9949.36
52.382, 42261.8, 9949.24
52.383, 42262.4, 9949.12
52.384, 42263, 9949.01
52.385, 42263.6, 9948.89
52.386, 42264.1, 9948.77
52.387, 42264.7, 9948.65
52.388, 42265.3, 9948.53
52.389, 42265.9, 9948.42
52.39, 42266.5, 9948.3
52.391, 42267.1, 9948.18
52.392, 42267.6, 9948.06
52.393, 42268.2, 9947.94
52.394, 42268.8, 9947.83
52.395, 42269.4, 9947.71
52.396, 42270, 9947.59
52.397, 42270.6, 9947.47
52.398, 42271.1, 9947.35
52.399, 42271.7, 9947.23
52.4, 42272.3, 9947.12
52.401, 42272.9, 9947
52.402, 42273.5, 9946.88
52.403, 42274.1, 9946.76
52.404, 42274.6, 9946.64
52.405, 42275.2, 9946.53
52.406, 42275.8, 9946.41
52.407, 42276.4, 9946.29
52.408, 42277, 9946.17
52.409, 42277.5, 9946.05
52.41, 42278.1, 9945.93
52.411, 42278.7, 9945.82
52.412, 42279.3, 9945.7
52.413, 42279.9, 9945.58
52.414, 42280.5, 9945.46
52.415, 42281, 9945.34
52.416, 42281.6, 9945.22
52.417, 42282.2, 9945.11
52.418, 42282.8, 9944.99
52.419, 42283.4, 9944.87
52.42, 42284, 9944.75
52.421, 42284.5, 9944.63
52.422, 42285.1, 9944.51
52.423, 42285.7, 9944.4
52.424, 42286.3, 9944.28
52.425, 42286.9, 9944.16
52.426, 42287.5, 9944.04
52.427, 42288, 9943.92
52.428, 42288.6, 9943.8
52.429, 42289.2, 9943.68
52.43, 42289.8, 9943.57
52.431, 42290.4, 9943.45
52.432, 42290.9, 9943.33
52.433, 42291.5, 9943.21
52.434, 42292.1, 9943.09
52.435, 42292.7, 9942.97
52.436, 42293.3, 9942.85
52.437, 42293.9, 9942.74
52.438, 42294.4, 9942.62
52.439, 42295, 9942.5
52.44, 42295.6, 9942.38
52.441, 42296.2, 9942.26
52.442, 42296.8, 9942.14
52.443, 42297.4, 9942.02
52.444, 42297.9, 9941.91
52.445, 42298.5, 9941.79
52.446, 42299.1, 9941.67
52.447, 42299.7, 9941.55
52.448, 42300.3, 9941.43
52.449, 42300.9, 9941.31
52.45, 42301.4, 9941.19
52.451, 42302, 9941.08
52.452, 42302.6, 9940.96
52.453, 42303.2, 9940.84
52.454, 42303.8, 9940.72
52.455, 42304.3, 9940.6
52.456, 42304.9, 9940.48
52.457, 42305.5, 9940.36
52.458, 42306.1, 9940.24
52.459, 42306.7, 9940.12
52.46, 42307.3, 9940.01
52.461, 42307.8, 9939.89
52.462, 42308.4, 9939.77
52.463, 42309, 9939.65
52.464, 42309.6, 9939.53
52.465, 42310.2, 9939.41
52.466, 42310.8, 9939.29
52.467, 42311.3, 9939.17
52.468, 42311.9, 9939.06
52.469, 42312.5, 9938.94
52.47, 42313.1, 9938.82
52.471, 42313.7, 9938.7
52.472, 42314.2, 9938.58
52.473, 42314.8, 9938.46
52.474, 42315.4, 9938.34
52.475, 42316, 9938.22
52.476, 42316.6, 9938.1
52.477, 42317.2, 9937.98
52.478, 42317.7, 9937.87
52.479, 42318.3, 9937.75
52.48, 42318.9, 9937.63
52.481, 42319.5, 9937.51
52.482, 42320.1, 9937.39
52.483, 42320.7, 9937.27
52.484, 42321.2, 9937.15
52.485, 42321.8, 9937.03
52.486, 42322.4, 9936.91
52.487, 42323, 9936.79
52.488, 42323.6, 9936.67
52.489, 42324.1, 9936.56
52.49, 42324.7, 9936.44
52.491, 42325.3, 9936.32
52.492, 42325.9, 9936.2
52.493, 42326.5, 9936.08
52.494, 42327.1, 9935.96
52.495, 42327.6, 9935.84
52.496, 42328.2, 9935.72
52.497, 42328.8, 9935.6
52.498, 42329.4, 9935.48
52.499, 42330, 9935.36
52.5, 42330.6, 9935.24
52.501, 42331.1, 9935.12
52.502, 42331.7, 9935.01
52.503, 42332.3, 9934.89
52.504, 42332.9, 9934.77
52.505, 42333.5, 9934.65
52.506, 42334, 9934.53
52.507, 42334.6, 9934.41
52.508, 42335.2, 9934.29
52.509, 42335.8, 9934.17
52.51, 42336.4, 9934.05
52.511, 42337, 9933.93
52.512, 42337.5, 9933.81
52.513, 42338.1, 9933.69
52.514, 42338.7, 9933.57
52.515, 42339.3, 9933.45
52.516, 42339.9, 9933.33
52.517, 42340.5, 9933.22
52.518, 42341, 9933.1
52.519, 42341.6, 9932.98
52.52, 42342.2, 9932.86
52.521, 42342.8, 9932.74
52.522, 42343.4, 9932.62
52.523, 42343.9, 9932.5
52.524, 42344.5, 9932.38
52.525, 42345.1, 9932.26
52.526, 42345.7, 9932.14
52.527, 42346.3, 9932.02
52.528, 42346.9, 9931.9
52.529, 42347.4, 9931.78
52.53, 42348, 9931.66
52.531, 42348.6, 9931.54
52.532, 42349.2, 9931.42
52.533, 42349.8, 9931.3
52.534, 42350.3, 9931.18
52.535, 42350.9, 9931.06
52.536, 42351.5, 9930.94
52.537, 42352.1, 9930.82
52.538, 42352.7, 9930.7
52.539, 42353.3, 9930.58
52.54, 42353.8, 9930.46
52.541, 42354.4, 9930.35
52.542, 42355, 9930.23
52.543, 42355.6, 9930.11
52.544, 42356.2, 9929.99
52.545, 42356.8, 9929.87
52.546, 42357.3, 9929.75
52.547, 42357.9, 9929.63
52.548, 42358.5, 9929.51
52.549, 42359.1, 9929.39
52.55, 42359.7, 9929.27
52.551, 42360.2, 9929.15
52.552, 42360.8, 9929.03
52.553, 42361.4, 9928.91
52.554, 42362, 9928.79
52.555, 42362.6, 9928.67
52.556, 42363.2, 9928.55
52.557, 42363.7, 9928.43
52.558, 42364.3, 9928.31
52.559, 42364.9, 9928.19
52.56, 42365.5, 9928.07
52.561, 42366.1, 9927.95
52.562, 42366.6, 9927.83
52.563, 42367.2, 9927.71
52.564, 42367.8, 9927.59
52.565, 42368.4, 9927.47
52.566, 42369, 9927.35
52.567, 42369.6, 9927.23
52.568, 42370.1, 9927.11
52.569, 42370.7, 9926.99
52.57, 42371.3, 9926.87
52.571, 42371.9, 9926.75
52.572, 42372.5, 9926.63
52.573, 42373, 9926.51
52.574, 42373.6, 9926.39
52.575, 42374.2, 9926.27
52.576, 42374.8, 9926.15
52.577, 42375.4, 9926.03
52.578, 42376, 9925.91
52.579, 42376.5, 9925.79
52.58, 42377.1, 9925.67
52.581, 42377.7, 9925.55
52.582, 42378.3, 9925.43
52.583, 42378.9, 9925.31
52.584, 42379.4, 9925.19
52.585, 42380, 9925.07
52.586, 42380.6, 9924.95
52.587, 42381.2, 9924.83
52.588, 42381.8, 9924.71
52.589, 42382.4, 9924.59
52.59, 42382.9, 9924.47
52.591, 42383.5, 9924.35
52.592, 42384.1, 9924.23
52.593, 42384.7, 9924.11
52.594, 42385.3, 9923.99
52.595, 42385.8, 9923.87
52.596, 42386.4, 9923.74
52.597, 42387, 9923.62
52.598, 42387.6, 9923.5
52.599, 42388.2, 9923.38
52.6, 42388.8, 9923.26
52.601, 42389.3, 9923.14
52.602, 42389.9, 9923.02
52.603, 42390.5, 9922.9
52.604, 42391.1, 9922.78
52.605, 42391.7, 9922.66
52.606, 42392.2, 9922.54
52.607, 42392.8, 9922.42
52.608, 42393.4, 9922.3
52.609, 42394, 9922.18
52.61, 42394.6, 9922.06
52.611, 42395.2, 9921.94
52.612, 42395.7, 9921.82
52.613, 42396.3, 9921.7
52.614, 42396.9, 9921.58
52.615, 42397.5, 9921.46
52.616, 42398.1, 9921.34
52.617, 42398.6, 9921.22
52.618, 42399.2, 9921.1
52.619, 42399.8, 9920.97
52.62, 42400.4, 9920.85
52.621, 42401, 9920.73
52.622, 42401.6, 9920.61
52.623, 42402.1, 9920.49
52.624, 42402.7, 9920.37
52.625, 42403.3, 9920.25
52.626, 42403.9, 9920.13
52.627, 42404.5, 9920.01
52.628, 42405, 9919.89
52.629, 42405.6, 9919.77
52.63, 42406.2, 9919.65
52.631, 42406.8, 9919.53
52.632, 42407.4, 9919.41
52.633, 42408, 9919.29
52.634, 42408.5, 9919.17
52.635, 42409.1, 9919.04
52.636, 42409.7, 9918.92
52.637, 42410.3, 9918.8
52.638, 42410.9, 9918.68
52.639, 42411.4, 9918.56
52.64, 42412, 9918.44
52.641, 42412.6, 9918.32
52.642, 42413.2, 9918.2
52.643, 42413.8, 9918.08
52.644, 42414.3, 9917.96
52.645, 42414.9, 9917.84
52.646, 42415.5, 9917.72
52.647, 42416.1, 9917.6
52.648, 42416.7, 9917.47
52.649, 42417.3, 9917.35
52.65, 42417.8, 9917.23
52.651, 42418.4, 9917.11
52.652, 42419, 9916.99
52.653, 42419.6, 9916.87
52.654, 42420.2, 9916.75
52.655, 42420.7, 9916.63
52.656, 42421.3, 9916.51
52.657, 42421.9, 9916.39
52.658, 42422.5, 9916.27
52.659, 42423.1, 9916.14
52.66, 42423.7, 9916.02
52.661, 42424.2, 9915.9
52.662, 42424.8, 9915.78
52.663, 42425.4, 9915.66
52.664, 42426, 9915.54
52.665, 42426.6, 9915.42
52.666, 42427.1, 9915.3
52.667, 42427.7, 9915.18
52.668, 42428.3, 9915.05
52.669, 42428.9, 9914.93
52.67, 42429.5, 9914.81
52.671, 42430, 9914.69
52.672, 42430.6, 9914.57
52.673, 42431.2, 9914.45
52.674, 42431.8, 9914.33
52.675, 42432.4, 9914.21
52.676, 42433, 9914.09
52.677, 42433.5, 9913.96
52.678, 42434.1, 9913.84
52.679, 42434.7, 9913.72
52.68, 42435.3, 9913.6
52.681, 42435.9, 9913.48
52.682, 42436.4, 9913.36
52.683, 42437, 9913.24
52.684, 42437.6, 9913.12
52.685, 42438.2, 9912.99
52.686, 42438.8, 9912.87
52.687, 42439.3, 9912.75
52.688, 42439.9, 9912.63
52.689, 42440.5, 9912.51
52.69, 42441.1, 9912.39
52.691, 42441.7, 9912.27
52.692, 42442.3, 9912.15
52.693, 42442.8, 9912.02
52.694, 42443.4, 9911.9
52.695, 42444, 9911.78
52.696, 42444.6, 9911.66
52.697, 42445.2, 9911.54
52.698, 42445.7, 9911.42
52.699, 42446.3, 9911.3
52.7, 42446.9, 9911.17
52.701, 42447.5, 9911.05
52.702, 42448.1, 9910.93
52.703, 42448.6, 9910.81
52.704, 42449.2, 9910.69
52.705, 42449.8, 9910.57
52.706, 42450.4, 9910.45
52.707, 42451, 9910.32
52.708, 42451.6, 9910.2
52.709, 42452.1, 9910.08
52.71, 42452.7, 9909.96
52.711, 42453.3, 9909.84
52.712, 42453.9, 9909.72
52.713, 42454.5, 9909.6
52.714, 42455, 9909.47
52.715, 42455.6, 9909.35
52.716, 42456.2, 9909.23
52.717, 42456.8, 9909.11
52.718, 42457.4, 9908.99
52.719, 42457.9, 9908.87
52.72, 42458.5, 9908.74
52.721, 42459.1, 9908.62
52.722, 42459.7, 9908.5
52.723, 42460.3, 9908.38
52.724, 42460.9, 9908.26
52.725, 42461.4, 9908.14
52.726, 42462, 9908.01
52.727, 42462.6, 9907.89
52.728, 42463.2, 9907.77
52.729, 42463.8, 9907.65
52.73, 42464.3, 9907.53
52.731, 42464.9, 9907.4
52.732, 42465.5, 9907.28
52.733, 42466.1, 9907.16
52.734, 42466.7, 9907.04
52.735, 42467.2, 9906.92
52.736, 42467.8, 9906.8
52.737, 42468.4, 9906.67
52.738, 42469, 9906.55
52.739, 42469.6, 9906.43
52.74, 42470.2, 9906.31
52.741, 42470.7, 9906.19
52.742, 42471.3, 9906.06
52.743, 42471.9, 9905.94
52.744, 42472.5, 9905.82
52.745, 42473.1, 9905.7
52.746, 42473.6, 9905.58
52.747, 42474.2, 9905.46
52.748, 42474.8, 9905.33
52.749, 42475.4, 9905.21
52.75, 42476, 9905.09
52.751, 42476.5, 9904.97
52.752, 42477.1, 9904.85
52.753, 42477.7, 9904.72
52.754, 42478.3, 9904.6
52.755, 42478.9, 9904.48
52.756, 42479.4, 9904.36
52.757, 42480, 9904.24
52.758, 42480.6, 9904.11
52.759, 42481.2, 9903.99
52.76, 42481.8, 9903.87
52.761, 42482.4, 9903.75
52.762, 42482.9, 9903.62
52.763, 42483.5, 9903.5
52.764, 42484.1, 9903.38
52.765, 42484.7, 9903.26
52.766, 42485.3, 9903.14
52.767, 42485.8, 9903.01
52.768, 42486.4, 9902.89
52.769, 42487, 9902.77
52.77, 42487.6, 9902.65
52.771, 42488.2, 9902.53
52.772, 42488.7, 9902.4
52.773, 42489.3, 9902.28
52.774, 42489.9, 9902.16
52.775, 42490.5, 9902.04
52.776, 42491.1, 9901.91
52.777, 42491.6, 9901.79
52.778, 42492.2, 9901.67
52.779, 42492.8, 9901.55
52.78, 42493.4, 9901.43
52.781, 42494, 9901.3
52.782, 42494.6, 9901.18
52.783, 42495.1, 9901.06
52.784, 42495.7, 9900.94
52.785, 42496.3, 9900.81
52.786, 42496.9, 9900.69
52.787, 42497.5, 9900.57
52.788, 42498, 9900.45
52.789, 42498.6, 9900.32
52.79, 42499.2, 9900.2
52.791, 42499.8, 9900.08
52.792, 42500.4, 9899.96
52.793, 42500.9, 9899.83
52.794, 42501.5, 9899.71
52.795, 42502.1, 9899.59
52.796, 42502.7, 9899.47
52.797, 42503.3, 9899.34
52.798, 42503.8, 9899.22
52.799, 42504.4, 9899.1
52.8, 42505, 9898.98
52.801, 42505.6, 9898.85
52.802, 42506.2, 9898.73
52.803, 42506.7, 9898.61
52.804, 42507.3, 9898.49
52.805, 42507.9, 9898.36
52.806, 42508.5, 9898.24
52.807, 42509.1, 9898.12
52.808, 42509.7, 9898
52.809, 42510.2, 9897.87
52.81, 42510.8, 9897.75
52.811, 42511.4, 9897.63
52.812, 42512, 9897.51
52.813, 42512.6, 9897.38
52.814, 42513.1, 9897.26
52.815, 42513.7, 9897.14
52.816, 42514.3, 9897.02
52.817, 42514.9, 9896.89
52.818, 42515.5, 9896.77
52.819, 42516, 9896.65
52.82, 42516.6, 9896.52
52.821, 42517.2, 9896.4
52.822, 42517.8, 9896.28
52.823, 42518.4, 9896.16
52.824, 42518.9, 9896.03
52.825, 42519.5, 9895.91
52.826, 42520.1, 9895.79
52.827, 42520.7, 9895.67
52.828, 42521.3, 9895.54
52.829, 42521.8, 9895.42
52.83, 42522.4, 9895.3
52.831, 42523, 9895.17
52.832, 42523.6, 9895.05
52.833, 42524.2, 9894.93
52.834, 42524.8, 9894.81
52.835, 42525.3, 9894.68
52.836, 42525.9, 9894.56
52.837, 42526.5, 9894.44
52.838, 42527.1, 9894.31
52.839, 42527.7, 9894.19
52.84, 42528.2, 9894.07
52.841, 42528.8, 9893.94
52.842, 42529.4, 9893.82
52.843, 42530, 9893.7
52.844, 42530.6, 9893.58
52.845, 42531.1, 9893.45
52.846, 42531.7, 9893.33
52.847, 42532.3, 9893.21
52.848, 42532.9, 9893.08
52.849, 42533.5, 9892.96
52.85, 42534, 9892.84
52.851, 42534.6, 9892.71
52.852, 42535.2, 9892.59
52.853, 42535.8, 9892.47
52.854, 42536.4, 9892.35
52.855, 42536.9, 9892.22
52.856, 42537.5, 9892.1
52.857, 42538.1, 9891.98
52.858, 42538.7, 9891.85
52.859, 42539.3, 9891.73
52.86, 42539.8, 9891.61
52.861, 42540.4, 9891.48
52.862, 42541, 9891.36
52.863, 42541.6, 9891.24
52.864, 42542.2, 9891.11
52.865, 42542.7, 9890.99
52.866, 42543.3, 9890.87
52.867, 42543.9, 9890.74
52.868, 42544.5, 9890.62
52.869, 42545.1, 9890.5
52.87, 42545.6, 9890.37
52.871, 42546.2, 9890.25
52.872, 42546.8, 9890.13
52.873, 42547.4, 9890
52.874, 42548, 9889.88
52.875, 42548.6, 9889.76
52.876, 42549.1, 9889.63
52.877, 42549.7, 9889.51
52.878, 42550.3, 9889.39
52.879, 42550.9, 9889.26
52.88, 42551.5, 9889.14
52.881, 42552, 9889.02
52.882, 42552.6, 9888.89
52.883, 42553.2, 9888.77
52.884, 42553.8, 9888.65
52.885, 42554.4, 9888.52
52.886, 42554.9, 9888.4
52.887, 42555.5, 9888.28
52.888, 42556.1, 9888.15
52.889, 42556.7, 9888.03
52.89, 42557.3, 9887.91
52.891, 42557.8, 9887.78
52.892, 42558.4, 9887.66
52.893, 42559, 9887.54
52.894, 42559.6, 9887.41
52.895, 42560.2, 9887.29
52.896, 42560.7, 9887.17
52.897, 42561.3, 9887.04
52.898, 42561.9, 9886.92
52.899, 42562.5, 9886.79
52.9, 42563.1, 9886.67
52.901, 42563.6, 9886.55
52.902, 42564.2, 9886.42
52.903, 42564.8, 9886.3
52.904, 42565.4, 9886.18
52.905, 42566, 9886.05
52.906, 42566.5, 9885.93
52.907, 42567.1, 9885.81
52.908, 42567.7, 9885.68
52.909, 42568.3, 9885.56
52.91, 42568.9, 9885.43
52.911, 42569.4, 9885.31
52.912, 42570, 9885.19
52.913, 42570.6, 9885.06
52.914, 42571.2, 9884.94
52.915, 42571.8, 9884.82
52.916, 42572.3, 9884.69
52.917, 42572.9, 9884.57
52.918, 42573.5, 9884.44
52.919, 42574.1, 9884.32
52.92, 42574.7, 9884.2
52.921, 42575.2, 9884.07
52.922, 42575.8, 9883.95
52.923, 42576.4, 9883.83
52.924, 42577, 9883.7
52.925, 42577.6, 9883.58
52.926, 42578.1, 9883.45
52.927, 42578.7, 9883.33
52.928, 42579.3, 9883.21
52.929, 42579.9, 9883.08
52.93, 42580.5, 9882.96
52.931, 42581, 9882.83
52.932, 42581.6, 9882.71
52.933, 42582.2, 9882.59
52.934, 42582.8, 9882.46
52.935, 42583.4, 9882.34
52.936, 42583.9, 9882.21
52.937, 42584.5, 9882.09
52.938, 42585.1, 9881.97
52.939, 42585.7, 9881.84
52.94, 42586.3, 9881.72
52.941, 42586.8, 9881.59
52.942, 42587.4, 9881.47
52.943, 42588, 9881.35
52.944, 42588.6, 9881.22
52.945, 42589.2, 9881.1
52.946, 42589.7, 9880.97
52.947, 42590.3, 9880.85
52.948, 42590.9, 9880.73
52.949, 42591.5, 9880.6
52.95, 42592.1, 9880.48
52.951, 42592.6, 9880.35
52.952, 42593.2, 9880.23
52.953, 42593.8, 9880.1
52.954, 42594.4, 9879.98
52.955, 42595, 9879.86
52.956, 42595.5, 9879.73
52.957, 42596.1, 9879.61
52.958, 42596.7, 9879.48
52.959, 42597.3, 9879.36
52.96, 42597.9, 9879.24
52.961, 42598.4, 9879.11
52.962, 42599, 9878.99
52.963, 42599.6, 9878.86
52.964, 42600.2, 9878.74
52.965, 42600.8, 9878.61
52.966, 42601.3, 9878.49
52.967, 42601.9, 9878.37
52.968, 42602.5, 9878.24
52.969, 42603.1, 9878.12
52.97, 42603.7, 9877.99
52.971, 42604.2, 9877.87
52.972, 42604.8, 9877.74
52.973, 42605.4, 9877.62
52.974, 42606, 9877.49
52.975, 42606.6, 9877.37
52.976, 42607.1, 9877.25
52.977, 42607.7, 9877.12
52.978, 42608.3, 9877
52.979, 42608.9, 9876.87
52.98, 42609.5, 9876.75
52.981, 42610, 9876.62
52.982, 42610.6, 9876.5
52.983, 42611.2, 9876.37
52.984, 42611.8, 9876.25
52.985, 42612.4, 9876.13
52.986, 42612.9, 9876
52.987, 42613.5, 9875.88
52.988, 42614.1, 9875.75
52.989, 42614.7, 9875.63
52.99, 42615.3, 9875.5
52.991, 42615.8, 9875.38
52.992, 42616.4, 9875.25
52.993, 42617, 9875.13
52.994, 42617.6, 9875
52.995, 42618.2, 9874.88
52.996, 42618.7, 9874.76
52.997, 42619.3, 9874.63
52.998, 42619.9, 9874.51
52.999, 42620.5, 9874.38
53, 42621.1, 9874.26
53.001, 42621.6, 9874.13
53.002, 42622.2, 9874.01
53.003, 42622.8, 9873.88
53.004, 42623.4, 9873.76
53.005, 42624, 9873.63
53.006, 42624.5, 9873.51
53.007, 42625.1, 9873.38
53.008, 42625.7, 9873.26
53.009, 42626.3, 9873.13
53.01, 42626.9, 9873.01
53.011, 42627.4, 9872.88
53.012, 42628, 9872.76
53.013, 42628.6, 9872.63
53.014, 42629.2, 9872.51
53.015, 42629.8, 9872.38
53.016, 42630.3, 9872.26
53.017, 42630.9, 9872.14
53.018, 42631.5, 9872.01
53.019, 42632.1, 9871.89
53.02, 42632.7, 9871.76
53.021, 42633.2, 9871.64
53.022, 42633.8, 9871.51
53.023, 42634.4, 9871.39
53.024, 42635, 9871.26
53.025, 42635.6, 9871.14
53.026, 42636.1, 9871.01
53.027, 42636.7, 9870.89
53.028, 42637.3, 9870.76
53.029, 42637.9, 9870.64
53.03, 42638.5, 9870.51
53.031, 42639, 9870.39
53.032, 42639.6, 9870.26
53.033, 42640.2, 9870.14
53.034, 42640.8, 9870.01
53.035, 42641.3, 9869.89
53.036, 42641.9, 9869.76
53.037, 42642.5, 9869.64
53.038, 42643.1, 9869.51
53.039, 42643.7, 9869.39
53.04, 42644.2, 9869.26
53.041, 42644.8, 9869.14
53.042, 42645.4, 9869.01
53.043, 42646, 9868.88
53.044, 42646.6, 9868.76
53.045, 42647.1, 9868.63
53.046, 42647.7, 9868.51
53.047, 42648.3, 9868.38
53.048, 42648.9, 9868.26
53.049, 42649.5, 9868.13
53.05, 42650, 9868.01
53.051, 42650.6, 9867.88
53.052, 42651.2, 9867.76
53.053, 42651.8, 9867.63
53.054, 42652.4, 9867.51
53.055, 42652.9, 9867.38
53.056, 42653.5, 9867.26
53.057, 42654.1, 9867.13
53.058, 42654.7, 9867.01
53.059, 42655.3, 9866.88
53.06, 42655.8, 9866.76
53.061, 42656.4, 9866.63
53.062, 42657, 9866.5
53.063, 42657.6, 9866.38
53.064, 42658.2, 9866.25
53.065, 42658.7, 9866.13
53.066, 42659.3, 9866
53.067, 42659.9, 9865.88
53.068, 42660.5, 9865.75
53.069, 42661.1, 9865.63
53.07, 42661.6, 9865.5
53.071, 42662.2, 9865.38
53.072, 42662.8, 9865.25
53.073, 42663.4, 9865.13
53.074, 42663.9, 9865
53.075, 42664.5, 9864.87
53.076, 42665.1, 9864.75
53.077, 42665.7, 9864.62
53.078, 42666.3, 9864.5
53.079, 42666.8, 9864.37
53.08, 42667.4, 9864.25
53.081, 42668, 9864.12
53.082, 42668.6, 9864
53.083, 42669.2, 9863.87
53.084, 42669.7, 9863.74
53.085, 42670.3, 9863.62
53.086, 42670.9, 9863.49
53.087, 42671.5, 9863.37
53.088, 42672.1, 9863.24
53.089, 42672.6, 9863.12
53.09, 42673.2, 9862.99
53.091, 42673.8, 9862.86
53.092, 42674.4, 9862.74
53.093, 42675, 9862.61
53.094, 42675.5, 9862.49
53.095, 42676.1, 9862.36
53.096, 42676.7, 9862.24
53.097, 42677.3, 9862.11
53.098, 42677.9, 9861.98
53.099, 42678.4, 9861.86
53.1, 42679, 9861.73
53.101, 42679.6, 9861.61
53.102, 42680.2, 9861.48
53.103, 42680.8, 9861.36
53.104, 42681.3, 9861.23
53.105, 42681.9, 9861.1
53.106, 42682.5, 9860.98
53.107, 42683.1, 9860.85
53.108, 42683.6, 9860.73
53.109, 42684.2, 9860.6
53.11, 42684.8, 9860.47
53.111, 42685.4, 9860.35
53.112, 42686, 9860.22
53.113, 42686.5, 9860.1
53.114, 42687.1, 9859.97
53.115, 42687.7, 9859.85
53.116, 42688.3, 9859.72
53.117, 42688.9, 9859.59
53.118, 42689.4, 9859.47
53.119, 42690, 9859.34
53.12, 42690.6, 9859.22
53.121, 42691.2, 9859.09
53.122, 42691.8, 9858.96
53.123, 42692.3, 9858.84
53.124, 42692.9, 9858.71
53.125, 42693.5, 9858.59
53.126, 42694.1, 9858.46
53.127, 42694.7, 9858.33
53.128, 42695.2, 9858.21
53.129, 42695.8, 9858.08
53.13, 42696.4, 9857.95
53.131, 42697, 9857.83
53.132, 42697.5, 9857.7
53.133, 42698.1, 9857.58
53.134, 42698.7, 9857.45
53.135, 42699.3, 9857.32
53.136, 42699.9, 9857.2
53.137, 42700.4, 9857.07
53.138, 42701, 9856.95
53.139, 42701.6, 9856.82
53.14, 42702.2, 9856.69
53.141, 42702.8, 9856.57
53.142, 42703.3, 9856.44
53.143, 42703.9, 9856.31
53.144, 42704.5, 9856.19
53.145, 42705.1, 9856.06
53.146, 42705.7, 9855.94
53.147, 42706.2, 9855.81
53.148, 42706.8, 9855.68
53.149, 42707.4, 9855.56
53.15, 42708, 9855.43
53.151, 42708.5, 9855.3
53.152, 42709.1, 9855.18
53.153, 42709.7, 9855.05
53.154, 42710.3, 9854.93
53.155, 42710.9, 9854.8
53.156, 42711.4, 9854.67
53.157, 42712, 9854.55
53.158, 42712.6, 9854.42
53.159, 42713.2, 9854.29
53.16, 42713.8, 9854.17
53.161, 42714.3, 9854.04
53.162, 42714.9, 9853.91
53.163, 42715.5, 9853.79
53.164, 42716.1, 9853.66
53.165, 42716.7, 9853.53
53.166, 42717.2, 9853.41
53.167, 42717.8, 9853.28
53.168, 42718.4, 9853.15
53.169, 42719, 9853.03
53.17, 42719.5, 9852.9
53.171, 42720.1, 9852.78
53.172, 42720.7, 9852.65
53.173, 42721.3, 9852.52
53.174, 42721.9, 9852.4
53.175, 42722.4, 9852.27
53.176, 42723, 9852.14
53.177, 42723.6, 9852.02
53.178, 42724.2, 9851.89
53.179, 42724.8, 9851.76
53.18, 42725.3, 9851.64
53.181, 42725.9, 9851.51
53.182, 42726.5, 9851.38
53.183, 42727.1, 9851.26
53.184, 42727.7, 9851.13
53.185, 42728.2, 9851
53.186, 42728.8, 9850.88
53.187, 42729.4, 9850.75
53.188, 42730, 9850.62
53.189, 42730.5, 9850.5
53.19, 42731.1, 9850.37
53.191, 42731.7, 9850.24
53.192, 42732.3, 9850.12
53.193, 42732.9, 9849.99
53.194, 42733.4, 9849.86
53.195, 42734, 9849.73
53.196, 42734.6, 9849.61
53.197, 42735.2, 9849.48
53.198, 42735.8, 9849.35
53.199, 42736.3, 9849.23
53.2, 42736.9, 9849.1
53.201, 42737.5, 9848.97
53.202, 42738.1, 9848.85
53.203, 42738.7, 9848.72
53.204, 42739.2, 9848.59
53.205, 42739.8, 9848.47
53.206, 42740.4, 9848.34
53.207, 42741, 9848.21
53.208, 42741.5, 9848.09
53.209, 42742.1, 9847.96
53.21, 42742.7, 9847.83
53.211, 42743.3, 9847.7
53.212, 42743.9, 9847.58
53.213, 42744.4, 9847.45
53.214, 42745, 9847.32
53.215, 42745.6, 9847.2
53.216, 42746.2, 9847.07
53.217, 42746.8, 9846.94
53.218, 42747.3, 9846.82
53.219, 42747.9, 9846.69
53.22, 42748.5, 9846.56
53.221, 42749.1, 9846.43
53.222, 42749.6, 9846.31
53.223, 42750.2, 9846.18
53.224, 42750.8, 9846.05
53.225, 42751.4, 9845.93
53.226, 42752, 9845.8
53.227, 42752.5, 9845.67
53.228, 42753.1, 9845.54
53.229, 42753.7, 9845.42
53.23, 42754.3, 9845.29
53.231, 42754.9, 9845.16
53.232, 42755.4, 9845.04
53.233, 42756, 9844.91
53.234, 42756.6, 9844.78
53.235, 42757.2, 9844.65
53.236, 42757.7, 9844.53
53.237, 42758.3, 9844.4
53.238, 42758.9, 9844.27
53.239, 42759.5, 9844.14
53.24, 42760.1, 9844.02
53.241, 42760.6, 9843.89
53.242, 42761.2, 9843.76
53.243, 42761.8, 9843.64
53.244, 42762.4, 9843.51
53.245, 42763, 9843.38
53.246, 42763.5, 9843.25
53.247, 42764.1, 9843.13
53.248, 42764.7, 9843
53.249, 42765.3, 9842.87
53.25, 42765.8, 9842.74
53.251, 42766.4, 9842.62
53.252, 42767, 9842.49
53.253, 42767.6, 9842.36
53.254, 42768.2, 9842.23
53.255, 42768.7, 9842.11
53.256, 42769.3, 9841.98
53.257, 42769.9, 9841.85
53.258, 42770.5, 9841.72
53.259, 42771.1, 9841.6
53.26, 42771.6, 9841.47
53.261, 42772.2, 9841.34
53.262, 42772.8, 9841.21
53.263, 42773.4, 9841.09
53.264, 42773.9, 9840.96
53.265, 42774.5, 9840.83
53.266, 42775.1, 9840.7
53.267, 42775.7, 9840.58
53.268, 42776.3, 9840.45
53.269, 42776.8, 9840.32
53.27, 42777.4, 9840.19
53.271, 42778, 9840.07
53.272, 42778.6, 9839.94
53.273, 42779.2, 9839.81
53.274, 42779.7, 9839.68
53.275, 42780.3, 9839.55
53.276, 42780.9, 9839.43
53.277, 42781.5, 9839.3
53.278, 42782, 9839.17
53.279, 42782.6, 9839.04
53.28, 42783.2, 9838.92
53.281, 42783.8, 9838.79
53.282, 42784.4, 9838.66
53.283, 42784.9, 9838.53
53.284, 42785.5, 9838.41
53.285, 42786.1, 9838.28
53.286, 42786.7, 9838.15
53.287, 42787.2, 9838.02
53.288, 42787.8, 9837.89
53.289, 42788.4, 9837.77
53.29, 42789, 9837.64
53.291, 42789.6, 9837.51
53.292, 42790.1, 9837.38
53.293, 42790.7, 9837.25
53.294, 42791.3, 9837.13
53.295, 42791.9, 9837
53.296, 42792.5, 9836.87
53.297, 42793, 9836.74
53.298, 42793.6, 9836.62
53.299, 42794.2, 9836.49
53.3, 42794.8, 9836.36
53.301, 42795.3, 9836.23
53.302, 42795.9, 9836.1
53.303, 42796.5, 9835.98
53.304, 42797.1, 9835.85
53.305, 42797.7, 9835.72
53.306, 42798.2, 9835.59
53.307, 42798.8, 9835.46
53.308, 42799.4, 9835.34
53.309, 42800, 9835.21
53.31, 42800.5, 9835.08
53.311, 42801.1, 9834.95
53.312, 42801.7, 9834.82
53.313, 42802.3, 9834.7
53.314, 42802.9, 9834.57
53.315, 42803.4, 9834.44
53.316, 42804, 9834.31
53.317, 42804.6, 9834.18
53.318, 42805.2, 9834.05
53.319, 42805.8, 9833.93
53.32, 42806.3, 9833.8
53.321, 42806.9, 9833.67
53.322, 42807.5, 9833.54
53.323, 42808.1, 9833.41
53.324, 42808.6, 9833.29
53.325, 42809.2, 9833.16
53.326, 42809.8, 9833.03
53.327, 42810.4, 9832.9
53.328, 42811, 9832.77
53.329, 42811.5, 9832.64
53.33, 42812.1, 9832.52
53.331, 42812.7, 9832.39
53.332, 42813.3, 9832.26
53.333, 42813.8, 9832.13
53.334, 42814.4, 9832
53.335, 42815, 9831.87
53.336, 42815.6, 9831.75
53.337, 42816.2, 9831.62
53.338, 42816.7, 9831.49
53.339, 42817.3, 9831.36
53.34, 42817.9, 9831.23
53.341, 42818.5, 9831.1
53.342, 42819, 9830.98
53.343, 42819.6, 9830.85
53.344, 42820.2, 9830.72
53.345, 42820.8, 9830.59
53.346, 42821.4, 9830.46
53.347, 42821.9, 9830.33
53.348, 42822.5, 9830.2
53.349, 42823.1, 9830.08
53.35, 42823.7, 9829.95
53.351, 42824.3, 9829.82
53.352, 42824.8, 9829.69
53.353, 42825.4, 9829.56
53.354, 42826, 9829.43
53.355, 42826.6, 9829.31
53.356, 42827.1, 9829.18
53.357, 42827.7, 9829.05
53.358, 42828.3, 9828.92
53.359, 42828.9, 9828.79
53.36, 42829.5, 9828.66
53.361, 42830, 9828.53
53.362, 42830.6, 9828.41
53.363, 42831.2, 9828.28
53.364, 42831.8, 9828.15
53.365, 42832.3, 9828.02
53.366, 42832.9, 9827.89
53.367, 42833.5, 9827.76
53.368, 42834.1, 9827.63
53.369, 42834.7, 9827.5
53.37, 42835.2, 9827.38
53.371, 42835.8, 9827.25
53.372, 42836.4, 9827.12
53.373, 42837, 9826.99
53.374, 42837.5, 9826.86
53.375, 42838.1, 9826.73
53.376, 42838.7, 9826.6
53.377, 42839.3, 9826.47
53.378, 42839.9, 9826.35
53.379, 42840.4, 9826.22
53.38, 42841, 9826.09
53.381, 42841.6, 9825.96
53.382, 42842.2, 9825.83
53.383, 42842.7, 9825.7
53.384, 42843.3, 9825.57
53.385, 42843.9, 9825.44
53.386, 42844.5, 9825.31
53.387, 42845.1, 9825.19
53.388, 42845.6, 9825.06
53.389, 42846.2, 9824.93
53.39, 42846.8, 9824.8
53.391, 42847.4, 9824.67
53.392, 42847.9, 9824.54
53.393, 42848.5, 9824.41
53.394, 42849.1, 9824.28
53.395, 42849.7, 9824.15
53.396, 42850.3, 9824.03
53.397, 42850.8, 9823.9
53.398, 42851.4, 9823.77
53.399, 42852, 9823.64
53.4, 42852.6, 9823.51
53.401, 42853.1, 9823.38
53.402, 42853.7, 9823.25
53.403, 42854.3, 9823.12
53.404, 42854.9, 9822.99
53.405, 42855.5, 9822.86
53.406, 42856, 9822.73
53.407, 42856.6, 9822.61
53.408, 42857.2, 9822.48
53.409, 42857.8, 9822.35
53.41, 42858.3, 9822.22
53.411, 42858.9, 9822.09
53.412, 42859.5, 9821.96
53.413, 42860.1, 9821.83
53.414, 42860.7, 9821.7
53.415, 42861.2, 9821.57
53.416, 42861.8, 9821.44
53.417, 42862.4, 9821.31
53.418, 42863, 9821.18
53.419, 42863.5, 9821.06
53.42, 42864.1, 9820.93
53.421, 42864.7, 9820.8
53.422, 42865.3, 9820.67
53.423, 42865.9, 9820.54
53.424, 42866.4, 9820.41
53.425, 42867, 9820.28
53.426, 42867.6, 9820.15
53.427, 42868.2, 9820.02
53.428, 42868.7, 9819.89
53.429, 42869.3, 9819.76
53.43, 42869.9, 9819.63
53.431, 42870.5, 9819.5
53.432, 42871.1, 9819.37
53.433, 42871.6, 9819.24
53.434, 42872.2, 9819.11
53.435, 42872.8, 9818.99
53.436, 42873.4, 9818.86
53.437, 42873.9, 9818.73
53.438, 42874.5, 9818.6
53.439, 42875.1, 9818.47
53.44, 42875.7, 9818.34
53.441, 42876.3, 9818.21
53.442, 42876.8, 9818.08
53.443, 42877.4, 9817.95
53.444, 42878, 9817.82
53.445, 42878.6, 9817.69
53.446, 42879.1, 9817.56
53.447, 42879.7, 9817.43
53.448, 42880.3, 9817.3
53.449, 42880.9, 9817.17
53.45, 42881.5, 9817.04
53.451, 42882, 9816.91
53.452, 42882.6, 9816.78
53.453, 42883.2, 9816.65
53.454, 42883.8, 9816.52
53.455, 42884.3, 9816.39
53.456, 42884.9, 9816.27
53.457, 42885.5, 9816.14
53.458, 42886.1, 9816.01
53.459, 42886.6, 9815.88
53.46, 42887.2, 9815.75
53.461, 42887.8, 9815.62
53.462, 42888.4, 9815.49
53.463, 42889, 9815.36
53.464, 42889.5, 9815.23
53.465, 42890.1, 9815.1
53.466, 42890.7, 9814.97
53.467, 42891.3, 9814.84
53.468, 42891.8, 9814.71
53.469, 42892.4, 9814.58
53.47, 42893, 9814.45
53.471, 42893.6, 9814.32
53.472, 42894.2, 9814.19
53.473, 42894.7, 9814.06
53.474, 42895.3, 9813.93
53.475, 42895.9, 9813.8
53.476, 42896.5, 9813.67
53.477, 42897, 9813.54
53.478, 42897.6, 9813.41
53.479, 42898.2, 9813.28
53.48, 42898.8, 9813.15
53.481, 42899.4, 9813.02
53.482, 42899.9, 9812.89
53.483, 42900.5, 9812.76
53.484, 42901.1, 9812.63
53.485, 42901.7, 9812.5
53.486, 42902.2, 9812.37
53.487, 42902.8, 9812.24
53.488, 42903.4, 9812.11
53.489, 42904, 9811.98
53.49, 42904.5, 9811.85
53.491, 42905.1, 9811.72
53.492, 42905.7, 9811.59
53.493, 42906.3, 9811.46
53.494, 42906.9, 9811.33
53.495, 42907.4, 9811.2
53.496, 42908, 9811.07
53.497, 42908.6, 9810.94
53.498, 42909.2, 9810.81
53.499, 42909.7, 9810.68
53.5, 42910.3, 9810.55
53.501, 42910.9, 9810.42
53.502, 42911.5, 9810.29
53.503, 42912.1, 9810.16
53.504, 42912.6, 9810.03
53.505, 42913.2, 9809.9
53.506, 42913.8, 9809.77
53.507, 42914.4, 9809.64
53.508, 42914.9, 9809.51
53.509, 42915.5, 9809.38
53.51, 42916.1, 9809.25
53.511, 42916.7, 9809.12
53.512, 42917.2, 9808.99
53.513, 42917.8, 9808.86
53.514, 42918.4, 9808.73
53.515, 42919, 9808.6
53.516, 42919.6, 9808.47
53.517, 42920.1, 9808.34
53.518, 42920.7, 9808.21
53.519, 42921.3, 9808.07
53.52, 42921.9, 9807.94
53.521, 42922.4, 9807.81
53.522, 42923, 9807.68
53.523, 42923.6, 9807.55
53.524, 42924.2, 9807.42
53.525, 42924.8, 9807.29
53.526, 42925.3, 9807.16
53.527, 42925.9, 9807.03
53.528, 42926.5, 9806.9
53.529, 42927.1, 9806.77
53.53, 42927.6, 9806.64
53.531, 42928.2, 9806.51
53.532, 42928.8, 9806.38
53.533, 42929.4, 9806.25
53.534, 42929.9, 9806.12
53.535, 42930.5, 9805.99
53.536, 42931.1, 9805.86
53.537, 42931.7, 9805.73
53.538, 42932.3, 9805.6
53.539, 42932.8, 9805.47
53.54, 42933.4, 9805.33
53.541, 42934, 9805.2
53.542, 42934.6, 9805.07
53.543, 42935.1, 9804.94
53.544, 42935.7, 9804.81
53.545, 42936.3, 9804.68
53.546, 42936.9, 9804.55
53.547, 42937.4, 9804.42
53.548, 42938, 9804.29
53.549, 42938.6, 9804.16
53.55, 42939.2, 9804.03
53.551, 42939.8, 9803.9
53.552, 42940.3, 9803.77
53.553, 42940.9, 9803.64
53.554, 42941.5, 9803.51
53.555, 42942.1, 9803.38
53.556, 42942.6, 9803.24
53.557, 42943.2, 9803.11
53.558, 42943.8, 9802.98
53.559, 42944.4, 9802.85
53.56, 42944.9, 9802.72
53.561, 42945.5, 9802.59
53.562, 42946.1, 9802.46
53.563, 42946.7, 9802.33
53.564, 42947.3, 9802.2
53.565, 42947.8, 9802.07
53.566, 42948.4, 9801.94
53.567, 42949, 9801.81
53.568, 42949.6, 9801.67
53.569, 42950.1, 9801.54
53.57, 42950.7, 9801.41
53.571, 42951.3, 9801.28
53.572, 42951.9, 9801.15
53.573, 42952.4, 9801.02
53.574, 42953, 9800.89
53.575, 42953.6, 9800.76
53.576, 42954.2, 9800.63
53.577, 42954.8, 9800.5
53.578, 42955.3, 9800.36
53.579, 42955.9, 9800.23
53.58, 42956.5, 9800.1
53.581, 42957.1, 9799.97
53.582, 42957.6, 9799.84
53.583, 42958.2, 9799.71
53.584, 42958.8, 9799.58
53.585, 42959.4, 9799.45
53.586, 42959.9, 9799.32
53.587, 42960.5, 9799.19
53.588, 42961.1, 9799.05
53.589, 42961.7, 9798.92
53.59, 42962.3, 9798.79
53.591, 42962.8, 9798.66
53.592, 42963.4, 9798.53
53.593, 42964, 9798.4
53.594, 42964.6, 9798.27
53.595, 42965.1, 9798.14
53.596, 42965.7, 9798.01
53.597, 42966.3, 9797.87
53.598, 42966.9, 9797.74
53.599, 42967.4, 9797.61
53.6, 42968, 9797.48
53.601, 42968.6, 9797.35
53.602, 42969.2, 9797.22
53.603, 42969.8, 9797.09
53.604, 42970.3, 9796.96
53.605, 42970.9, 9796.82
53.606, 42971.5, 9796.69
53.607, 42972.1, 9796.56
53.608, 42972.6, 9796.43
53.609, 42973.2, 9796.3
53.61, 42973.8, 9796.17
53.611, 42974.4, 9796.04
53.612, 42974.9, 9795.9
53.613, 42975.5, 9795.77
53.614, 42976.1, 9795.64
53.615, 42976.7, 9795.51
53.616, 42977.3, 9795.38
53.617, 42977.8, 9795.25
53.618, 42978.4, 9795.12
53.619, 42979, 9794.98
53.62, 42979.6, 9794.85
53.621, 42980.1, 9794.72
53.622, 42980.7, 9794.59
53.623, 42981.3, 9794.46
53.624, 42981.9, 9794.33
53.625, 42982.4, 9794.2
53.626, 42983, 9794.06
53.627, 42983.6, 9793.93
53.628, 42984.2, 9793.8
53.629, 42984.7, 9793.67
53.63, 42985.3, 9793.54
53.631, 42985.9, 9793.41
53.632, 42986.5, 9793.28
53.633, 42987.1, 9793.14
53.634, 42987.6, 9793.01
53.635, 42988.2, 9792.88
53.636, 42988.8, 9792.75
53.637, 42989.4, 9792.62
53.638, 42989.9, 9792.49
53.639, 42990.5, 9792.35
53.64, 42991.1, 9792.22
53.641, 42991.7, 9792.09
53.642, 42992.2, 9791.96
53.643, 42992.8, 9791.83
53.644, 42993.4, 9791.7
53.645, 42994, 9791.56
53.646, 42994.6, 9791.43
53.647, 42995.1, 9791.3
53.648, 42995.7, 9791.17
53.649, 42996.3, 9791.04
53.65, 42996.9, 9790.9
53.651, 42997.4, 9790.77
53.652, 42998, 9790.64
53.653, 42998.6, 9790.51
53.654, 42999.2, 9790.38
53.655, 42999.7, 9790.25
53.656, 43000.3, 9790.11
53.657, 43000.9, 9789.98
53.658, 43001.5, 9789.85
53.659, 43002, 9789.72
53.66, 43002.6, 9789.59
53.661, 43003.2, 9789.45
53.662, 43003.8, 9789.32
53.663, 43004.4, 9789.19
53.664, 43004.9, 9789.06
53.665, 43005.5, 9788.93
53.666, 43006.1, 9788.8
53.667, 43006.7, 9788.66
53.668, 43007.2, 9788.53
53.669, 43007.8, 9788.4
53.67, 43008.4, 9788.27
53.671, 43009, 9788.14
53.672, 43009.5, 9788
53.673, 43010.1, 9787.87
53.674, 43010.7, 9787.74
53.675, 43011.3, 9787.61
53.676, 43011.8, 9787.47
53.677, 43012.4, 9787.34
53.678, 43013, 9787.21
53.679, 43013.6, 9787.08
53.68, 43014.1, 9786.95
53.681, 43014.7, 9786.81
53.682, 43015.3, 9786.68
53.683, 43015.9, 9786.55
53.684, 43016.5, 9786.42
53.685, 43017, 9786.29
53.686, 43017.6, 9786.15
53.687, 43018.2, 9786.02
53.688, 43018.8, 9785.89
53.689, 43019.3, 9785.76
53.69, 43019.9, 9785.62
53.691, 43020.5, 9785.49
53.692, 43021.1, 9785.36
53.693, 43021.6, 9785.23
53.694, 43022.2, 9785.1
53.695, 43022.8, 9784.96
53.696, 43023.4, 9784.83
53.697, 43023.9, 9784.7
53.698, 43024.5, 9784.57
53.699, 43025.1, 9784.43
53.7, 43025.7, 9784.3
53.701, 43026.3, 9784.17
53.702, 43026.8, 9784.04
53.703, 43027.4, 9783.91
53.704, 43028, 9783.77
53.705, 43028.6, 9783.64
53.706, 43029.1, 9783.51
53.707, 43029.7, 9783.38
53.708, 43030.3, 9783.24
53.709, 43030.9, 9783.11
53.71, 43031.4, 9782.98
53.711, 43032, 9782.85
53.712, 43032.6, 9782.71
53.713, 43033.2, 9782.58
53.714, 43033.7, 9782.45
53.715, 43034.3, 9782.32
53.716, 43034.9, 9782.18
53.717, 43035.5, 9782.05
53.718, 43036, 9781.92
53.719, 43036.6, 9781.79
53.72, 43037.2, 9781.65
53.721, 43037.8, 9781.52
53.722, 43038.4, 9781.39
53.723, 43038.9, 9781.26
53.724, 43039.5, 9781.12
53.725, 43040.1, 9780.99
53.726, 43040.7, 9780.86
53.727, 43041.2, 9780.73
53.728, 43041.8, 9780.59
53.729, 43042.4, 9780.46
53.73, 43043, 9780.33
53.731, 43043.5, 9780.19
53.732, 43044.1, 9780.06
53.733, 43044.7, 9779.93
53.734, 43045.3, 9779.8
53.735, 43045.8, 9779.66
53.736, 43046.4, 9779.53
53.737, 43047, 9779.4
53.738, 43047.6, 9779.27
53.739, 43048.1, 9779.13
53.74, 43048.7, 9779
53.741, 43049.3, 9778.87
53.742, 43049.9, 9778.73
53.743, 43050.5, 9778.6
53.744, 43051, 9778.47
53.745, 43051.6, 9778.34
53.746, 43052.2, 9778.2
53.747, 43052.8, 9778.07
53.748, 43053.3, 9777.94
53.749, 43053.9, 9777.8
53.75, 43054.5, 9777.67
53.751, 43055.1, 9777.54
53.752, 43055.6, 9777.41
53.753, 43056.2, 9777.27
53.754, 43056.8, 9777.14
53.755, 43057.4, 9777.01
53.756, 43057.9, 9776.87
53.757, 43058.5, 9776.74
53.758, 43059.1, 9776.61
53.759, 43059.7, 9776.48
53.76, 43060.2, 9776.34
53.761, 43060.8, 9776.21
53.762, 43061.4, 9776.08
53.763, 43062, 9775.94
53.764, 43062.5, 9775.81
53.765, 43063.1, 9775.68
53.766, 43063.7, 9775.54
53.767, 43064.3, 9775.41
53.768, 43064.9, 9775.28
53.769, 43065.4, 9775.15
53.77, 43066, 9775.01
53.771, 43066.6, 9774.88
53.772, 43067.2, 9774.75
53.773, 43067.7, 9774.61
53.774, 43068.3, 9774.48
53.775, 43068.9, 9774.35
53.776, 43069.5, 9774.21
53.777, 43070, 9774.08
53.778, 43070.6, 9773.95
53.779, 43071.2, 9773.81
53.78, 43071.8, 9773.68
53.781, 43072.3, 9773.55
53.782, 43072.9, 9773.41
53.783, 43073.5, 9773.28
53.784, 43074.1, 9773.15
53.785, 43074.6, 9773.01
53.786, 43075.2, 9772.88
53.787, 43075.8, 9772.75
53.788, 43076.4, 9772.61
53.789, 43076.9, 9772.48
53.79, 43077.5, 9772.35
53.791, 43078.1, 9772.21
53.792, 43078.7, 9772.08
53.793, 43079.2, 9771.95
53.794, 43079.8, 9771.81
53.795, 43080.4, 9771.68
53.796, 43081, 9771.55
53.797, 43081.6, 9771.41
53.798, 43082.1, 9771.28
53.799, 43082.7, 9771.15
53.8, 43083.3, 9771.01
53.801, 43083.9, 9770.88
53.802, 43084.4, 9770.75
53.803, 43085, 9770.61
53.804, 43085.6, 9770.48
53.805, 43086.2, 9770.35
53.806, 43086.7, 9770.21
53.807, 43087.3, 9770.08
53.808, 43087.9, 9769.95
53.809, 43088.5, 9769.81
53.81, 43089, 9769.68
53.811, 43089.6, 9769.55
53.812, 43090.2, 9769.41
53.813, 43090.8, 9769.28
53.814, 43091.3, 9769.15
53.815, 43091.9, 9769.01
53.816, 43092.5, 9768.88
53.817, 43093.1, 9768.74
53.818, 43093.6, 9768.61
53.819, 43094.2, 9768.48
53.82, 43094.8, 9768.34
53.821, 43095.4, 9768.21
53.822, 43095.9, 9768.08
53.823, 43096.5, 9767.94
53.824, 43097.1, 9767.81
53.825, 43097.7, 9767.68
53.826, 43098.2, 9767.54
53.827, 43098.8, 9767.41
53.828, 43099.4, 9767.27
53.829, 43100, 9767.14
53.83, 43100.5, 9767.01
53.831, 43101.1, 9766.87
53.832, 43101.7, 9766.74
53.833, 43102.3, 9766.61
53.834, 43102.9, 9766.47
53.835, 43103.4, 9766.34
53.836, 43104, 9766.2
53.837, 43104.6, 9766.07
53.838, 43105.2, 9765.94
53.839, 43105.7, 9765.8
53.84, 43106.3, 9765.67
53.841, 43106.9, 9765.53
53.842, 43107.5, 9765.4
53.843, 43108, 9765.27
53.844, 43108.6, 9765.13
53.845, 43109.2, 9765
53.846, 43109.8, 9764.86
53.847, 43110.3, 9764.73
53.848, 43110.9, 9764.6
53.849, 43111.5, 9764.46
53.85, 43112.1, 9764.33
53.851, 43112.6, 9764.2
53.852, 43113.2, 9764.06
53.853, 43113.8, 9763.93
53.854, 43114.4, 9763.79
53.855, 43114.9, 9763.66
53.856, 43115.5, 9763.53
53.857, 43116.1, 9763.39
53.858, 43116.7, 9763.26
53.859, 43117.2, 9763.12
53.86, 43117.8, 9762.99
53.861, 43118.4, 9762.85
53.862, 43119, 9762.72
53.863, 43119.5, 9762.59
53.864, 43120.1, 9762.45
53.865, 43120.7, 9762.32
53.866, 43121.3, 9762.18
53.867, 43121.8, 9762.05
53.868, 43122.4, 9761.92
53.869, 43123, 9761.78
53.87, 43123.6, 9761.65
53.871, 43124.1, 9761.51
53.872, 43124.7, 9761.38
53.873, 43125.3, 9761.24
53.874, 43125.9, 9761.11
53.875, 43126.4, 9760.98
53.876, 43127, 9760.84
53.877, 43127.6, 9760.71
53.878, 43128.2, 9760.57
53.879, 43128.7, 9760.44
53.88, 43129.3, 9760.3
53.881, 43129.9, 9760.17
53.882, 43130.5, 9760.04
53.883, 43131.1, 9759.9
53.884, 43131.6, 9759.77
53.885, 43132.2, 9759.63
53.886, 43132.8, 9759.5
53.887, 43133.4, 9759.36
53.888, 43133.9, 9759.23
53.889, 43134.5, 9759.1
53.89, 43135.1, 9758.96
53.891, 43135.7, 9758.83
53.892, 43136.2, 9758.69
53.893, 43136.8, 9758.56
53.894, 43137.4, 9758.42
53.895, 43138, 9758.29
53.896, 43138.5, 9758.15
53.897, 43139.1, 9758.02
53.898, 43139.7, 9757.89
53.899, 43140.3, 9757.75
53.9, 43140.8, 9757.62
53.901, 43141.4, 9757.48
53.902, 43142, 9757.35
53.903, 43142.6, 9757.21
53.904, 43143.1, 9757.08
53.905, 43143.7, 9756.94
53.906, 43144.3, 9756.81
53.907, 43144.9, 9756.67
53.908, 43145.4, 9756.54
53.909, 43146, 9756.41
53.91, 43146.6, 9756.27
53.911, 43147.2, 9756.14
53.912, 43147.7, 9756
53.913, 43148.3, 9755.87
53.914, 43148.9, 9755.73
53.915, 43149.5, 9755.6
53.916, 43150, 9755.46
53.917, 43150.6, 9755.33
53.918, 43151.2, 9755.19
53.919, 43151.8, 9755.06
53.92, 43152.3, 9754.92
53.921, 43152.9, 9754.79
53.922, 43153.5, 9754.65
53.923, 43154.1, 9754.52
53.924, 43154.6, 9754.38
53.925, 43155.2, 9754.25
53.926, 43155.8, 9754.12
53.927, 43156.4, 9753.98
53.928, 43156.9, 9753.85
53.929, 43157.5, 9753.71
53.93, 43158.1, 9753.58
53.931, 43158.7, 9753.44
53.932, 43159.2, 9753.31
53.933, 43159.8, 9753.17
53.934, 43160.4, 9753.04
53.935, 43161, 9752.9
53.936, 43161.5, 9752.77
53.937, 43162.1, 9752.63
53.938, 43162.7, 9752.5
53.939, 43163.3, 9752.36
53.94, 43163.8, 9752.23
53.941, 43164.4, 9752.09
53.942, 43165, 9751.96
53.943, 43165.6, 9751.82
53.944, 43166.1, 9751.69
53.945, 43166.7, 9751.55
53.946, 43167.3, 9751.42
53.947, 43167.9, 9751.28
53.948, 43168.4, 9751.15
53.949, 43169, 9751.01
53.95, 43169.6, 9750.88
53.951, 43170.2, 9750.74
53.952, 43170.7, 9750.61
53.953, 43171.3, 9750.47
53.954, 43171.9, 9750.34
53.955, 43172.5, 9750.2
53.956, 43173, 9750.07
53.957, 43173.6, 9749.93
53.958, 43174.2, 9749.8
53.959, 43174.8, 9749.66
53.96, 43175.3, 9749.53
53.961, 43175.9, 9749.39
53.962, 43176.5, 9749.26
53.963, 43177.1, 9749.12
53.964, 43177.6, 9748.98
53.965, 43178.2, 9748.85
53.966, 43178.8, 9748.71
53.967, 43179.4, 9748.58
53.968, 43179.9, 9748.44
53.969, 43180.5, 9748.31
53.97, 43181.1, 9748.17
53.971, 43181.7, 9748.04
53.972, 43182.2, 9747.9
53.973, 43182.8, 9747.77
53.974, 43183.4, 9747.63
53.975, 43184, 9747.5
53.976, 43184.5, 9747.36
53.977, 43185.1, 9747.23
53.978, 43185.7, 9747.09
53.979, 43186.3, 9746.96
53.98, 43186.8, 9746.82
53.981, 43187.4, 9746.68
53.982, 43188, 9746.55
53.983, 43188.6, 9746.41
53.984, 43189.1, 9746.28
53.985, 43189.7, 9746.14
53.986, 43190.3, 9746.01
53.987, 43190.9, 9745.87
53.988, 43191.4, 9745.74
53.989, 43192, 9745.6
53.99, 43192.6, 9745.47
53.991, 43193.2, 9745.33
53.992, 43193.7, 9745.19
53.993, 43194.3, 9745.06
53.994, 43194.9, 9744.92
53.995, 43195.5, 9744.79
53.996, 43196, 9744.65
53.997, 43196.6, 9744.52
53.998, 43197.2, 9744.38
53.999, 43197.8, 9744.24
54, 43198.3, 9744.11
54.001, 43198.9, 9743.97
54.002, 43199.5, 9743.84
54.003, 43200.1, 9743.7
54.004, 43200.6, 9743.57
54.005, 43201.2, 9743.43
54.006, 43201.8, 9743.3
54.007, 43202.4, 9743.16
54.008, 43202.9, 9743.02
54.009, 43203.5, 9742.89
54.01, 43204.1, 9742.75
54.011, 43204.7, 9742.62
54.012, 43205.2, 9742.48
54.013, 43205.8, 9742.35
54.014, 43206.4, 9742.21
54.015, 43207, 9742.07
54.016, 43207.5, 9741.94
54.017, 43208.1, 9741.8
54.018, 43208.7, 9741.67
54.019, 43209.3, 9741.53
54.02, 43209.8, 9741.39
54.021, 43210.4, 9741.26
54.022, 43211, 9741.12
54.023, 43211.6, 9740.99
54.024, 43212.1, 9740.85
54.025, 43212.7, 9740.72
54.026, 43213.3, 9740.58
54.027, 43213.9, 9740.44
54.028, 43214.4, 9740.31
54.029, 43215, 9740.17
54.03, 43215.6, 9740.04
54.031, 43216.2, 9739.9
54.032, 43216.7, 9739.76
54.033, 43217.3, 9739.63
54.034, 43217.9, 9739.49
54.035, 43218.4, 9739.36
54.036, 43219, 9739.22
54.037, 43219.6, 9739.08
54.038, 43220.2, 9738.95
54.039, 43220.7, 9738.81
54.04, 43221.3, 9738.68
54.041, 43221.9, 9738.54
54.042, 43222.5, 9738.4
54.043, 43223, 9738.27
54.044, 43223.6, 9738.13
54.045, 43224.2, 9738
54.046, 43224.8, 9737.86
54.047, 43225.3, 9737.72
54.048, 43225.9, 9737.59
54.049, 43226.5, 9737.45
54.05, 43227.1, 9737.31
54.051, 43227.6, 9737.18
54.052, 43228.2, 9737.04
54.053, 43228.8, 9736.91
54.054, 43229.4, 9736.77
54.055, 43229.9, 9736.63
54.056, 43230.5, 9736.5
54.057, 43231.1, 9736.36
54.058, 43231.7, 9736.22
54.059, 43232.2, 9736.09
54.06, 43232.8, 9735.95
54.061, 43233.4, 9735.82
54.062, 43234, 9735.68
54.063, 43234.5, 9735.54
54.064, 43235.1, 9735.41
54.065, 43235.7, 9735.27
54.066, 43236.3, 9735.13
54.067, 43236.8, 9735
54.068, 43237.4, 9734.86
54.069, 43238, 9734.73
54.07, 43238.6, 9734.59
54.071, 43239.1, 9734.45
54.072, 43239.7, 9734.32
54.073, 43240.3, 9734.18
54.074, 43240.9, 9734.04
54.075, 43241.4, 9733.91
54.076, 43242, 9733.77
54.077, 43242.6, 9733.63
54.078, 43243.2, 9733.5
54.079, 43243.7, 9733.36
54.08, 43244.3, 9733.22
54.081, 43244.9, 9733.09
54.082, 43245.4, 9732.95
54.083, 43246, 9732.81
54.084, 43246.6, 9732.68
54.085, 43247.2, 9732.54
54.086, 43247.7, 9732.41
54.087, 43248.3, 9732.27
54.088, 43248.9, 9732.13
54.089, 43249.5, 9732
54.09, 43250, 9731.86
54.091, 43250.6, 9731.72
54.092, 43251.2, 9731.59
54.093, 43251.8, 9731.45
54.094, 43252.3, 9731.31
54.095, 43252.9, 9731.18
54.096, 43253.5, 9731.04
54.097, 43254.1, 9730.9
54.098, 43254.6, 9730.77
54.099, 43255.2, 9730.63
54.1, 43255.8, 9730.49
54.101, 43256.4, 9730.36
54.102, 43256.9, 9730.22
54.103, 43257.5, 9730.08
54.104, 43258.1, 9729.95
54.105, 43258.7, 9729.81
54.106, 43259.2, 9729.67
54.107, 43259.8, 9729.53
54.108, 43260.4, 9729.4
54.109, 43261, 9729.26
54.11, 43261.5, 9729.12
54.111, 43262.1, 9728.99
54.112, 43262.7, 9728.85
54.113, 43263.3, 9728.71
54.114, 43263.8, 9728.58
54.115, 43264.4, 9728.44
54.116, 43265, 9728.3
54.117, 43265.5, 9728.17
54.118, 43266.1, 9728.03
54.119, 43266.7, 9727.89
54.12, 43267.3, 9727.76
54.121, 43267.8, 9727.62
54.122, 43268.4, 9727.48
54.123, 43269, 9727.34
54.124, 43269.6, 9727.21
54.125, 43270.1, 9727.07
54.126, 43270.7, 9726.93
54.127, 43271.3, 9726.8
54.128, 43271.9, 9726.66
54.129, 43272.4, 9726.52
54.13, 43273, 9726.39
54.131, 43273.6, 9726.25
54.132, 43274.2, 9726.11
54.133, 43274.7, 9725.97
54.134, 43275.3, 9725.84
54.135, 43275.9, 9725.7
54.136, 43276.5, 9725.56
54.137, 43277, 9725.43
54.138, 43277.6, 9725.29
54.139, 43278.2, 9725.15
54.14, 43278.8, 9725.01
54.141, 43279.3, 9724.88
54.142, 43279.9, 9724.74
54.143, 43280.5, 9724.6
54.144, 43281.1, 9724.47
54.145, 43281.6, 9724.33
54.146, 43282.2, 9724.19
54.147, 43282.8, 9724.05
54.148, 43283.3, 9723.92
54.149, 43283.9, 9723.78
54.15, 43284.5, 9723.64
54.151, 43285.1, 9723.51
54.152, 43285.6, 9723.37
54.153, 43286.2, 9723.23
54.154, 43286.8, 9723.09
54.155, 43287.4, 9722.96
54.156, 43287.9, 9722.82
54.157, 43288.5, 9722.68
54.158, 43289.1, 9722.54
54.159, 43289.7, 9722.41
54.16, 43290.2, 9722.27
54.161, 43290.8, 9722.13
54.162, 43291.4, 9721.99
54.163, 43292, 9721.86
54.164, 43292.5, 9721.72
54.165, 43293.1, 9721.58
54.166, 43293.7, 9721.44
54.167, 43294.3, 9721.31
54.168, 43294.8, 9721.17
54.169, 43295.4, 9721.03
54.17, 43296, 9720.89
54.171, 43296.5, 9720.76
54.172, 43297.1, 9720.62
54.173, 43297.7, 9720.48
54.174, 43298.3, 9720.34
54.175, 43298.8, 9720.21
54.176, 43299.4, 9720.07
54.177, 43300, 9719.93
54.178, 43300.6, 9719.79
54.179, 43301.1, 9719.66
54.18, 43301.7, 9719.52
54.181, 43302.3, 9719.38
54.182, 43302.9, 9719.24
54.183, 43303.4, 9719.11
54.184, 43304, 9718.97
54.185, 43304.6, 9718.83
54.186, 43305.2, 9718.69
54.187, 43305.7, 9718.56
54.188, 43306.3, 9718.42
54.189, 43306.9, 9718.28
54.19, 43307.5, 9718.14
54.191, 43308, 9718.01
54.192, 43308.6, 9717.87
54.193, 43309.2, 9717.73
54.194, 43309.7, 9717.59
54.195, 43310.3, 9717.45
54.196, 43310.9, 9717.32
54.197, 43311.5, 9717.18
54.198, 43312, 9717.04
54.199, 43312.6, 9716.9
54.2, 43313.2, 9716.77
54.201, 43313.8, 9716.63
54.202, 43314.3, 9716.49
54.203, 43314.9, 9716.35
54.204, 43315.5, 9716.21
54.205, 43316.1, 9716.08
54.206, 43316.6, 9715.94
54.207, 43317.2, 9715.8
54.208, 43317.8, 9715.66
54.209, 43318.4, 9715.52
54.21, 43318.9, 9715.39
54.211, 43319.5, 9715.25
54.212, 43320.1, 9715.11
54.213, 43320.6, 9714.97
54.214, 43321.2, 9714.83
54.215, 43321.8, 9714.7
54.216, 43322.4, 9714.56
54.217, 43322.9, 9714.42
54.218, 43323.5, 9714.28
54.219, 43324.1, 9714.14
54.22, 43324.7, 9714.01
54.221, 43325.2, 9713.87
54.222, 43325.8, 9713.73
54.223, 43326.4, 9713.59
54.224, 43327, 9713.45
54.225, 43327.5, 9713.32
54.226, 43328.1, 9713.18
54.227, 43328.7, 9713.04
54.228, 43329.3, 9712.9
54.229, 43329.8, 9712.76
54.23, 43330.4, 9712.63
54.231, 43331, 9712.49
54.232, 43331.5, 9712.35
54.233, 43332.1, 9712.21
54.234, 43332.7, 9712.07
54.235, 43333.3, 9711.93
54.236, 43333.8, 9711.8
54.237, 43334.4, 9711.66
54.238, 43335, 9711.52
54.239, 43335.6, 9711.38
54.24, 43336.1, 9711.24
54.241, 43336.7, 9711.11
54.242, 43337.3, 9710.97
54.243, 43337.9, 9710.83
54.244, 43338.4, 9710.69
54.245, 43339, 9710.55
54.246, 43339.6, 9710.41
54.247, 43340.2, 9710.28
54.248, 43340.7, 9710.14
54.249, 43341.3, 9710
54.25, 43341.9, 9709.86
54.251, 43342.4, 9709.72
54.252, 43343, 9709.58
54.253, 43343.6, 9709.45
54.254, 43344.2, 9709.31
54.255, 43344.7, 9709.17
54.256, 43345.3, 9709.03
54.257, 43345.9, 9708.89
54.258, 43346.5, 9708.75
54.259, 43347, 9708.61
54.26, 43347.6, 9708.48
54.261, 43348.2, 9708.34
54.262, 43348.8, 9708.2
54.263, 43349.3, 9708.06
54.264, 43349.9, 9707.92
54.265, 43350.5, 9707.78
54.266, 43351, 9707.64
54.267, 43351.6, 9707.51
54.268, 43352.2, 9707.37
54.269, 43352.8, 9707.23
54.27, 43353.3, 9707.09
54.271, 43353.9, 9706.95
54.272, 43354.5, 9706.81
54.273, 43355.1, 9706.67
54.274, 43355.6, 9706.54
54.275, 43356.2, 9706.4
54.276, 43356.8, 9706.26
54.277, 43357.4, 9706.12
54.278, 43357.9, 9705.98
54.279, 43358.5, 9705.84
54.28, 43359.1, 9705.7
54.281, 43359.6, 9705.57
54.282, 43360.2, 9705.43
54.283, 43360.8, 9705.29
54.284, 43361.4, 9705.15
54.285, 43361.9, 9705.01
54.286, 43362.5, 9704.87
54.287, 43363.1, 9704.73
54.288, 43363.7, 9704.59
54.289, 43364.2, 9704.46
54.29, 43364.8, 9704.32
54.291, 43365.4, 9704.18
54.292, 43366, 9704.04
54.293, 43366.5, 9703.9
54.294, 43367.1, 9703.76
54.295, 43367.7, 9703.62
54.296, 43368.2, 9703.48
54.297, 43368.8, 9703.34
54.298, 43369.4, 9703.21
54.299, 43370, 9703.07
54.3, 43370.5, 9702.93
54.301, 43371.1, 9702.79
54.302, 43371.7, 9702.65
54.303, 43372.3, 9702.51
54.304, 43372.8, 9702.37
54.305, 43373.4, 9702.23
54.306, 43374, 9702.09
54.307, 43374.6, 9701.96
54.308, 43375.1, 9701.82
54.309, 43375.7, 9701.68
54.31, 43376.3, 9701.54
54.311, 43376.8, 9701.4
54.312, 43377.4, 9701.26
54.313, 43378, 9701.12
54.314, 43378.6, 9700.98
54.315, 43379.1, 9700.84
54.316, 43379.7, 9700.7
54.317, 43380.3, 9700.56
54.318, 43380.9, 9700.43
54.319, 43381.4, 9700.29
54.32, 43382, 9700.15
54.321, 43382.6, 9700.01
54.322, 43383.2, 9699.87
54.323, 43383.7, 9699.73
54.324, 43384.3, 9699.59
54.325, 43384.9, 9699.45
54.326, 43385.4, 9699.31
54.327, 43386, 9699.17
54.328, 43386.6, 9699.03
54.329, 43387.2, 9698.89
54.33, 43387.7, 9698.76
54.331, 43388.3, 9698.62
54.332, 43388.9, 9698.48
54.333, 43389.5, 9698.34
54.334, 43390, 9698.2
54.335, 43390.6, 9698.06
54.336, 43391.2, 9697.92
54.337, 43391.8, 9697.78
54.338, 43392.3, 9697.64
54.339, 43392.9, 9697.5
54.34, 43393.5, 9697.36
54.341, 43394, 9697.22
54.342, 43394.6, 9697.08
54.343, 43395.2, 9696.94
54.344, 43395.8, 9696.8
54.345, 43396.3, 9696.67
54.346, 43396.9, 9696.53
54.347, 43397.5, 9696.39
54.348, 43398.1, 9696.25
54.349, 43398.6, 9696.11
54.35, 43399.2, 9695.97
54.351, 43399.8, 9695.83
54.352, 43400.3, 9695.69
54.353, 43400.9, 9695.55
54.354, 43401.5, 9695.41
54.355, 43402.1, 9695.27
54.356, 43402.6, 9695.13
54.357, 43403.2, 9694.99
54.358, 43403.8, 9694.85
54.359, 43404.4, 9694.71
54.36, 43404.9, 9694.57
54.361, 43405.5, 9694.43
54.362, 43406.1, 9694.29
54.363, 43406.6, 9694.15
54.364, 43407.2, 9694.01
54.365, 43407.8, 9693.87
54.366, 43408.4, 9693.74
54.367, 43408.9, 9693.6
54.368, 43409.5, 9693.46
54.369, 43410.1, 9693.32
54.37, 43410.7, 9693.18
54.371, 43411.2, 9693.04
54.372, 43411.8, 9692.9
54.373, 43412.4, 9692.76
54.374, 43413, 9692.62
54.375, 43413.5, 9692.48
54.376, 43414.1, 9692.34
54.377, 43414.7, 9692.2
54.378, 43415.2, 9692.06
54.379, 43415.8, 9691.92
54.38, 43416.4, 9691.78
54.381, 43417, 9691.64
54.382, 43417.5, 9691.5
54.383, 43418.1, 9691.36
54.384, 43418.7, 9691.22
54.385, 43419.3, 9691.08
54.386, 43419.8, 9690.94
54.387, 43420.4, 9690.8
54.388, 43421, 9690.66
54.389, 43421.5, 9690.52
54.39, 43422.1, 9690.38
54.391, 43422.7, 9690.24
54.392, 43423.3, 9690.1
54.393, 43423.8, 9689.96
54.394, 43424.4, 9689.82
54.395, 43425, 9689.68
54.396, 43425.6, 9689.54
54.397, 43426.1, 9689.4
54.398, 43426.7, 9689.26
54.399, 43427.3, 9689.12
54.4, 43427.8, 9688.98
54.401, 43428.4, 9688.84
54.402, 43429, 9688.7
54.403, 43429.6, 9688.56
54.404, 43430.1, 9688.42
54.405, 43430.7, 9688.28
54.406, 43431.3, 9688.14
54.407, 43431.9, 9688
54.408, 43432.4, 9687.86
54.409, 43433, 9687.72
54.41, 43433.6, 9687.58
54.411, 43434.1, 9687.44
54.412, 43434.7, 9687.3
54.413, 43435.3, 9687.16
54.414, 43435.9, 9687.02
54.415, 43436.4, 9686.88
54.416, 43437, 9686.74
54.417, 43437.6, 9686.6
54.418, 43438.2, 9686.46
54.419, 43438.7, 9686.32
54.42, 43439.3, 9686.18
54.421, 43439.9, 9686.04
54.422, 43440.4, 9685.9
54.423, 43441, 9685.76
54.424, 43441.6, 9685.62
54.425, 43442.2, 9685.48
54.426, 43442.7, 9685.34
54.427, 43443.3, 9685.2
54.428, 43443.9, 9685.06
54.429, 43444.5, 9684.92
54.43, 43445, 9684.77
54.431, 43445.6, 9684.63
54.432, 43446.2, 9684.49
54.433, 43446.7, 9684.35
54.434, 43447.3, 9684.21
54.435, 43447.9, 9684.07
54.436, 43448.5, 9683.93
54.437, 43449, 9683.79
54.438, 43449.6, 9683.65
54.439, 43450.2, 9683.51
54.44, 43450.8, 9683.37
54.441, 43451.3, 9683.23
54.442, 43451.9, 9683.09
54.443, 43452.5, 9682.95
54.444, 43453, 9682.81
54.445, 43453.6, 9682.67
54.446, 43454.2, 9682.53
54.447, 43454.8, 9682.39
54.448, 43455.3, 9682.25
54.449, 43455.9, 9682.11
54.45, 43456.5, 9681.97
54.451, 43457.1, 9681.82
54.452, 43457.6, 9681.68
54.453, 43458.2, 9681.54
54.454, 43458.8, 9681.4
54.455, 43459.3, 9681.26
54.456, 43459.9, 9681.12
54.457, 43460.5, 9680.98
54.458, 43461.1, 9680.84
54.459, 43461.6, 9680.7
54.46, 43462.2, 9680.56
54.461, 43462.8, 9680.42
54.462, 43463.3, 9680.28
54.463, 43463.9, 9680.14
54.464, 43464.5, 9680
54.465, 43465.1, 9679.86
54.466, 43465.6, 9679.71
54.467, 43466.2, 9679.57
54.468, 43466.8, 9679.43
54.469, 43467.4, 9679.29
54.47, 43467.9, 9679.15
54.471, 43468.5, 9679.01
54.472, 43469.1, 9678.87
54.473, 43469.6, 9678.73
54.474, 43470.2, 9678.59
54.475, 43470.8, 9678.45
54.476, 43471.4, 9678.31
54.477, 43471.9, 9678.17
54.478, 43472.5, 9678.03
54.479, 43473.1, 9677.88
54.48, 43473.7, 9677.74
54.481, 43474.2, 9677.6
54.482, 43474.8, 9677.46
54.483, 43475.4, 9677.32
54.484, 43475.9, 9677.18
54.485, 43476.5, 9677.04
54.486, 43477.1, 9676.9
54.487, 43477.7, 9676.76
54.488, 43478.2, 9676.62
54.489, 43478.8, 9676.47
54.49, 43479.4, 9676.33
54.491, 43479.9, 9676.19
54.492, 43480.5, 9676.05
54.493, 43481.1, 9675.91
54.494, 43481.7, 9675.77
54.495, 43482.2, 9675.63
54.496, 43482.8, 9675.49
54.497, 43483.4, 9675.35
54.498, 43484, 9675.21
54.499, 43484.5, 9675.06
54.5, 43485.1, 9674.92
54.501, 43485.7, 9674.78
54.502, 43486.2, 9674.64
54.503, 43486.8, 9674.5
54.504, 43487.4, 9674.36
54.505, 43488, 9674.22
54.506, 43488.5, 9674.08
54.507, 43489.1, 9673.93
54.508, 43489.7, 9673.79
54.509, 43490.2, 9673.65
54.51, 43490.8, 9673.51
54.511, 43491.4, 9673.37
54.512, 43492, 9673.23
54.513, 43492.5, 9673.09
54.514, 43493.1, 9672.95
54.515, 43493.7, 9672.8
54.516, 43494.3, 9672.66
54.517, 43494.8, 9672.52
54.518, 43495.4, 9672.38
54.519, 43496, 9672.24
54.52, 43496.5, 9672.1
54.521, 43497.1, 9671.96
54.522, 43497.7, 9671.82
54.523, 43498.3, 9671.67
54.524, 43498.8, 9671.53
54.525, 43499.4, 9671.39
54.526, 43500, 9671.25
54.527, 43500.5, 9671.11
54.528, 43501.1, 9670.97
54.529, 43501.7, 9670.83
54.53, 43502.3, 9670.68
54.531, 43502.8, 9670.54
54.532, 43503.4, 9670.4
54.533, 43504, 9670.26
54.534, 43504.6, 9670.12
54.535, 43505.1, 9669.98
54.536, 43505.7, 9669.84
54.537, 43506.3, 9669.69
54.538, 43506.8, 9669.55
54.539, 43507.4, 9669.41
54.54, 43508, 9669.27
54.541, 43508.6, 9669.13
54.542, 43509.1, 9668.99
54.543, 43509.7, 9668.84
54.544, 43510.3, 9668.7
54.545, 43510.8, 9668.56
54.546, 43511.4, 9668.42
54.547, 43512, 9668.28
54.548, 43512.6, 9668.14
54.549, 43513.1, 9667.99
54.55, 43513.7, 9667.85
54.551, 43514.3, 9667.71
54.552, 43514.8, 9667.57
54.553, 43515.4, 9667.43
54.554, 43516, 9667.29
54.555, 43516.6, 9667.14
54.556, 43517.1, 9667
54.557, 43517.7, 9666.86
54.558, 43518.3, 9666.72
54.559, 43518.9, 9666.58
54.56, 43519.4, 9666.44
54.561, 43520, 9666.29
54.562, 43520.6, 9666.15
54.563, 43521.1, 9666.01
54.564, 43521.7, 9665.87
54.565, 43522.3, 9665.73
54.566, 43522.9, 9665.58
54.567, 43523.4, 9665.44
54.568, 43524, 9665.3
54.569, 43524.6, 9665.16
54.57, 43525.1, 9665.02
54.571, 43525.7, 9664.87
54.572, 43526.3, 9664.73
54.573, 43526.9, 9664.59
54.574, 43527.4, 9664.45
54.575, 43528, 9664.31
54.576, 43528.6, 9664.17
54.577, 43529.1, 9664.02
54.578, 43529.7, 9663.88
54.579, 43530.3, 9663.74
54.58, 43530.9, 9663.6
54.581, 43531.4, 9663.46
54.582, 43532, 9663.31
54.583, 43532.6, 9663.17
54.584, 43533.2, 9663.03
54.585, 43533.7, 9662.89
54.586, 43534.3, 9662.74
54.587, 43534.9, 9662.6
54.588, 43535.4, 9662.46
54.589, 43536, 9662.32
54.59, 43536.6, 9662.18
54.591, 43537.2, 9662.03
54.592, 43537.7, 9661.89
54.593, 43538.3, 9661.75
54.594, 43538.9, 9661.61
54.595, 43539.4, 9661.47
54.596, 43540, 9661.32
54.597, 43540.6, 9661.18
54.598, 43541.2, 9661.04
54.599, 43541.7, 9660.9
54.6, 43542.3, 9660.75
54.601, 43542.9, 9660.61
54.602, 43543.4, 9660.47
54.603, 43544, 9660.33
54.604, 43544.6, 9660.19
54.605, 43545.2, 9660.04
54.606, 43545.7, 9659.9
54.607, 43546.3, 9659.76
54.608, 43546.9, 9659.62
54.609, 43547.4, 9659.47
54.61, 43548, 9659.33
54.611, 43548.6, 9659.19
54.612, 43549.2, 9659.05
54.613, 43549.7, 9658.9
54.614, 43550.3, 9658.76
54.615, 43550.9, 9658.62
54.616, 43551.4, 9658.48
54.617, 43552, 9658.34
54.618, 43552.6, 9658.19
54.619, 43553.2, 9658.05
54.62, 43553.7, 9657.91
54.621, 43554.3, 9657.77
54.622, 43554.9, 9657.62
54.623, 43555.5, 9657.48
54.624, 43556, 9657.34
54.625, 43556.6, 9657.2
54.626, 43557.2, 9657.05
54.627, 43557.7, 9656.91
54.628, 43558.3, 9656.77
54.629, 43558.9, 9656.63
54.63, 43559.5, 9656.48
54.631, 43560, 9656.34
54.632, 43560.6, 9656.2
54.633, 43561.2, 9656.06
54.634, 43561.7, 9655.91
54.635, 43562.3, 9655.77
54.636, 43562.9, 9655.63
54.637, 43563.5, 9655.48
54.638, 43564, 9655.34
54.639, 43564.6, 9655.2
54.64, 43565.2, 9655.06
54.641, 43565.7, 9654.91
54.642, 43566.3, 9654.77
54.643, 43566.9, 9654.63
54.644, 43567.5, 9654.49
54.645, 43568, 9654.34
54.646, 43568.6, 9654.2
54.647, 43569.2, 9654.06
54.648, 43569.7, 9653.91
54.649, 43570.3, 9653.77
54.65, 43570.9, 9653.63
54.651, 43571.5, 9653.49
54.652, 43572, 9653.34
54.653, 43572.6, 9653.2
54.654, 43573.2, 9653.06
54.655, 43573.7, 9652.92
54.656, 43574.3, 9652.77
54.657, 43574.9, 9652.63
54.658, 43575.5, 9652.49
54.659, 43576, 9652.34
54.66, 43576.6, 9652.2
54.661, 43577.2, 9652.06
54.662, 43577.7, 9651.92
54.663, 43578.3, 9651.77
54.664, 43578.9, 9651.63
54.665, 43579.5, 9651.49
54.666, 43580, 9651.34
54.667, 43580.6, 9651.2
54.668, 43581.2, 9651.06
54.669, 43581.7, 9650.91
54.67, 43582.3, 9650.77
54.671, 43582.9, 9650.63
54.672, 43583.5, 9650.49
54.673, 43584, 9650.34
54.674, 43584.6, 9650.2
54.675, 43585.2, 9650.06
54.676, 43585.7, 9649.91
54.677, 43586.3, 9649.77
54.678, 43586.9, 9649.63
54.679, 43587.5, 9649.48
54.68, 43588, 9649.34
54.681, 43588.6, 9649.2
54.682, 43589.2, 9649.05
54.683, 43589.7, 9648.91
54.684, 43590.3, 9648.77
54.685, 43590.9, 9648.62
54.686, 43591.5, 9648.48
54.687, 43592, 9648.34
54.688, 43592.6, 9648.2
54.689, 43593.2, 9648.05
54.69, 43593.7, 9647.91
54.691, 43594.3, 9647.77
54.692, 43594.9, 9647.62
54.693, 43595.5, 9647.48
54.694, 43596, 9647.34
54.695, 43596.6, 9647.19
54.696, 43597.2, 9647.05
54.697, 43597.7, 9646.91
54.698, 43598.3, 9646.76
54.699, 43598.9, 9646.62
54.7, 43599.5, 9646.48
54.701, 43600, 9646.33
54.702, 43600.6, 9646.19
54.703, 43601.2, 9646.05
54.704, 43601.7, 9645.9
54.705, 43602.3, 9645.76
54.706, 43602.9, 9645.62
54.707, 43603.5, 9645.47
54.708, 43604, 9645.33
54.709, 43604.6, 9645.19
54.71, 43605.2, 9645.04
54.711, 43605.7, 9644.9
54.712, 43606.3, 9644.76
54.713, 43606.9, 9644.61
54.714, 43607.5, 9644.47
54.715, 43608, 9644.32
54.716, 43608.6, 9644.18
54.717, 43609.2, 9644.04
54.718, 43609.7, 9643.89
54.719, 43610.3, 9643.75
54.72, 43610.9, 9643.61
54.721, 43611.4, 9643.46
54.722, 43612, 9643.32
54.723, 43612.6, 9643.18
54.724, 43613.2, 9643.03
54.725, 43613.7, 9642.89
54.726, 43614.3, 9642.75
54.727, 43614.9, 9642.6
54.728, 43615.4, 9642.46
54.729, 43616, 9642.31
54.73, 43616.6, 9642.17
54.731, 43617.2, 9642.03
54.732, 43617.7, 9641.88
54.733, 43618.3, 9641.74
54.734, 43618.9, 9641.6
54.735, 43619.4, 9641.45
54.736, 43620, 9641.31
54.737, 43620.6, 9641.16
54.738, 43621.2, 9641.02
54.739, 43621.7, 9640.88
54.74, 43622.3, 9640.73
54.741, 43622.9, 9640.59
54.742, 43623.4, 9640.45
54.743, 43624, 9640.3
54.744, 43624.6, 9640.16
54.745, 43625.2, 9640.01
54.746, 43625.7, 9639.87
54.747, 43626.3, 9639.73
54.748, 43626.9, 9639.58
54.749, 43627.4, 9639.44
54.75, 43628, 9639.3
54.751, 43628.6, 9639.15
54.752, 43629.2, 9639.01
54.753, 43629.7, 9638.86
54.754, 43630.3, 9638.72
54.755, 43630.9, 9638.58
54.756, 43631.4, 9638.43
54.757, 43632, 9638.29
54.758, 43632.6, 9638.14
54.759, 43633.1, 9638
54.76, 43633.7, 9637.86
54.761, 43634.3, 9637.71
54.762, 43634.9, 9637.57
54.763, 43635.4, 9637.42
54.764, 43636, 9637.28
54.765, 43636.6, 9637.14
54.766, 43637.1, 9636.99
54.767, 43637.7, 9636.85
54.768, 43638.3, 9636.7
54.769, 43638.9, 9636.56
54.77, 43639.4, 9636.42
54.771, 43640, 9636.27
54.772, 43640.6, 9636.13
54.773, 43641.1, 9635.98
54.774, 43641.7, 9635.84
54.775, 43642.3, 9635.69
54.776, 43642.9, 9635.55
54.777, 43643.4, 9635.41
54.778, 43644, 9635.26
54.779, 43644.6, 9635.12
54.78, 43645.1, 9634.97
54.781, 43645.7, 9634.83
54.782, 43646.3, 9634.69
54.783, 43646.9, 9634.54
54.784, 43647.4, 9634.4
54.785, 43648, 9634.25
54.786, 43648.6, 9634.11
54.787, 43649.1, 9633.96
54.788, 43649.7, 9633.82
54.789, 43650.3, 9633.68
54.79, 43650.8, 9633.53
54.791, 43651.4, 9633.39
54.792, 43652, 9633.24
54.793, 43652.6, 9633.1
54.794, 43653.1, 9632.95
54.795, 43653.7, 9632.81
54.796, 43654.3, 9632.66
54.797, 43654.8, 9632.52
54.798, 43655.4, 9632.38
54.799, 43656, 9632.23
54.8, 43656.6, 9632.09
54.801, 43657.1, 9631.94
54.802, 43657.7, 9631.8
54.803, 43658.3, 9631.65
54.804, 43658.8, 9631.51
54.805, 43659.4, 9631.36
54.806, 43660, 9631.22
54.807, 43660.6, 9631.08
54.808, 43661.1, 9630.93
54.809, 43661.7, 9630.79
54.81, 43662.3, 9630.64
54.811, 43662.8, 9630.5
54.812, 43663.4, 9630.35
54.813, 43664, 9630.21
54.814, 43664.5, 9630.06
54.815, 43665.1, 9629.92
54.816, 43665.7, 9629.77
54.817, 43666.3, 9629.63
54.818, 43666.8, 9629.48
54.819, 43667.4, 9629.34
54.82, 43668, 9629.2
54.821, 43668.5, 9629.05
54.822, 43669.1, 9628.91
54.823, 43669.7, 9628.76
54.824, 43670.3, 9628.62
54.825, 43670.8, 9628.47
54.826, 43671.4, 9628.33
54.827, 43672, 9628.18
54.828, 43672.5, 9628.04
54.829, 43673.1, 9627.89
54.83, 43673.7, 9627.75
54.831, 43674.2, 9627.6
54.832, 43674.8, 9627.46
54.833, 43675.4, 9627.31
54.834, 43676, 9627.17
54.835, 43676.5, 9627.02
54.836, 43677.1, 9626.88
54.837, 43677.7, 9626.73
54.838, 43678.2, 9626.59
54.839, 43678.8, 9626.44
54.84, 43679.4, 9626.3
54.841, 43680, 9626.16
54.842, 43680.5, 9626.01
54.843, 43681.1, 9625.87
54.844, 43681.7, 9625.72
54.845, 43682.2, 9625.58
54.846, 43682.8, 9625.43
54.847, 43683.4, 9625.29
54.848, 43683.9, 9625.14
54.849, 43684.5, 9625
54.85, 43685.1, 9624.85
54.851, 43685.7, 9624.71
54.852, 43686.2, 9624.56
54.853, 43686.8, 9624.42
54.854, 43687.4, 9624.27
54.855, 43687.9, 9624.13
54.856, 43688.5, 9623.98
54.857, 43689.1, 9623.84
54.858, 43689.7, 9623.69
54.859, 43690.2, 9623.55
54.86, 43690.8, 9623.4
54.861, 43691.4, 9623.25
54.862, 43691.9, 9623.11
54.863, 43692.5, 9622.96
54.864, 43693.1, 9622.82
54.865, 43693.6, 9622.67
54.866, 43694.2, 9622.53
54.867, 43694.8, 9622.38
54.868, 43695.4, 9622.24
54.869, 43695.9, 9622.09
54.87, 43696.5, 9621.95
54.871, 43697.1, 9621.8
54.872, 43697.6, 9621.66
54.873, 43698.2, 9621.51
54.874, 43698.8, 9621.37
54.875, 43699.3, 9621.22
54.876, 43699.9, 9621.08
54.877, 43700.5, 9620.93
54.878, 43701.1, 9620.79
54.879, 43701.6, 9620.64
54.88, 43702.2, 9620.5
54.881, 43702.8, 9620.35
54.882, 43703.3, 9620.2
54.883, 43703.9, 9620.06
54.884, 43704.5, 9619.91
54.885, 43705.1, 9619.77
54.886, 43705.6, 9619.62
54.887, 43706.2, 9619.48
54.888, 43706.8, 9619.33
54.889, 43707.3, 9619.19
54.89, 43707.9, 9619.04
54.891, 43708.5, 9618.9
54.892, 43709, 9618.75
54.893, 43709.6, 9618.61
54.894, 43710.2, 9618.46
54.895, 43710.8, 9618.31
54.896, 43711.3, 9618.17
54.897, 43711.9, 9618.02
54.898, 43712.5, 9617.88
54.899, 43713, 9617.73
54.9, 43713.6, 9617.59
54.901, 43714.2, 9617.44
54.902, 43714.7, 9617.3
54.903, 43715.3, 9617.15
54.904, 43715.9, 9617
54.905, 43716.5, 9616.86
54.906, 43717, 9616.71
54.907, 43717.6, 9616.57
54.908, 43718.2, 9616.42
54.909, 43718.7, 9616.28
54.91, 43719.3, 9616.13
54.911, 43719.9, 9615.98
54.912, 43720.5, 9615.84
54.913, 43721, 9615.69
54.914, 43721.6, 9615.55
54.915, 43722.2, 9615.4
54.916, 43722.7, 9615.26
54.917, 43723.3, 9615.11
54.918, 43723.9, 9614.96
54.919, 43724.4, 9614.82
54.92, 43725, 9614.67
54.921, 43725.6, 9614.53
54.922, 43726.2, 9614.38
54.923, 43726.7, 9614.24
54.924, 43727.3, 9614.09
54.925, 43727.9, 9613.94
54.926, 43728.4, 9613.8
54.927, 43729, 9613.65
54.928, 43729.6, 9613.51
54.929, 43730.1, 9613.36
54.93, 43730.7, 9613.22
54.931, 43731.3, 9613.07
54.932, 43731.9, 9612.92
54.933, 43732.4, 9612.78
54.934, 43733, 9612.63
54.935, 43733.6, 9612.49
54.936, 43734.1, 9612.34
54.937, 43734.7, 9612.19
54.938, 43735.3, 9612.05
54.939, 43735.8, 9611.9
54.94, 43736.4, 9611.76
54.941, 43737, 9611.61
54.942, 43737.6, 9611.46
54.943, 43738.1, 9611.32
54.944, 43738.7, 9611.17
54.945, 43739.3, 9611.03
54.946, 43739.8, 9610.88
54.947, 43740.4, 9610.73
54.948, 43741, 9610.59
54.949, 43741.5, 9610.44
54.95, 43742.1, 9610.3
54.951, 43742.7, 9610.15
54.952, 43743.3, 9610
54.953, 43743.8, 9609.86
54.954, 43744.4, 9609.71
54.955, 43745, 9609.56
54.956, 43745.5, 9609.42
54.957, 43746.1, 9609.27
54.958, 43746.7, 9609.13
54.959, 43747.2, 9608.98
54.96, 43747.8, 9608.83
54.961, 43748.4, 9608.69
54.962, 43749, 9608.54
54.963, 43749.5, 9608.39
54.964, 43750.1, 9608.25
54.965, 43750.7, 9608.1
54.966, 43751.2, 9607.96
54.967, 43751.8, 9607.81
54.968, 43752.4, 9607.66
54.969, 43752.9, 9607.52
54.97, 43753.5, 9607.37
54.971, 43754.1, 9607.22
54.972, 43754.7, 9607.08
54.973, 43755.2, 9606.93
54.974, 43755.8, 9606.79
54.975, 43756.4, 9606.64
54.976, 43756.9, 9606.49
54.977, 43757.5, 9606.35
54.978, 43758.1, 9606.2
54.979, 43758.6, 9606.05
54.98, 43759.2, 9605.91
54.981, 43759.8, 9605.76
54.982, 43760.4, 9605.61
54.983, 43760.9, 9605.47
54.984, 43761.5, 9605.32
54.985, 43762.1, 9605.17
54.986, 43762.6, 9605.03
54.987, 43763.2, 9604.88
54.988, 43763.8, 9604.73
54.989, 43764.3, 9604.59
54.99, 43764.9, 9604.44
54.991, 43765.5, 9604.3
54.992, 43766.1, 9604.15
54.993, 43766.6, 9604
54.994, 43767.2, 9603.86
54.995, 43767.8, 9603.71
54.996, 43768.3, 9603.56
54.997, 43768.9, 9603.42
54.998, 43769.5, 9603.27
54.999, 43770, 9603.12
55, 43770.6, 9602.98
55.001, 43771.2, 9602.83
55.002, 43771.7, 9602.68
55.003, 43772.3, 9602.54
55.004, 43772.9, 9602.39
55.005, 43773.5, 9602.24
55.006, 43774, 9602.1
55.007, 43774.6, 9601.95
55.008, 43775.2, 9601.8
55.009, 43775.7, 9601.66
55.01, 43776.3, 9601.51
55.011, 43776.9, 9601.36
55.012, 43777.4, 9601.22
55.013, 43778, 9601.07
55.014, 43778.6, 9600.92
55.015, 43779.2, 9600.77
55.016, 43779.7, 9600.63
55.017, 43780.3, 9600.48
55.018, 43780.9, 9600.33
55.019, 43781.4, 9600.19
55.02, 43782, 9600.04
55.021, 43782.6, 9599.89
55.022, 43783.1, 9599.75
55.023, 43783.7, 9599.6
55.024, 43784.3, 9599.45
55.025, 43784.9, 9599.31
55.026, 43785.4, 9599.16
55.027, 43786, 9599.01
55.028, 43786.6, 9598.86
55.029, 43787.1, 9598.72
55.03, 43787.7, 9598.57
55.031, 43788.3, 9598.42
55.032, 43788.8, 9598.28
55.033, 43789.4, 9598.13
55.034, 43790, 9597.98
55.035, 43790.5, 9597.84
55.036, 43791.1, 9597.69
55.037, 43791.7, 9597.54
55.038, 43792.3, 9597.39
55.039, 43792.8, 9597.25
55.04, 43793.4, 9597.1
55.041, 43794, 9596.95
55.042, 43794.5, 9596.81
55.043, 43795.1, 9596.66
55.044, 43795.7, 9596.51
55.045, 43796.2, 9596.36
55.046, 43796.8, 9596.22
55.047, 43797.4, 9596.07
55.048, 43798, 9595.92
55.049, 43798.5, 9595.78
55.05, 43799.1, 9595.63
55.051, 43799.7, 9595.48
55.052, 43800.2, 9595.33
55.053, 43800.8, 9595.19
55.054, 43801.4, 9595.04
55.055, 43801.9, 9594.89
55.056, 43802.5, 9594.75
55.057, 43803.1, 9594.6
55.058, 43803.6, 9594.45
55.059, 43804.2, 9594.3
55.06, 43804.8, 9594.16
55.061, 43805.4, 9594.01
55.062, 43805.9, 9593.86
55.063, 43806.5, 9593.71
55.064, 43807.1, 9593.57
55.065, 43807.6, 9593.42
55.066, 43808.2, 9593.27
55.067, 43808.8, 9593.12
55.068, 43809.3, 9592.98
55.069, 43809.9, 9592.83
55.07, 43810.5, 9592.68
55.071, 43811.1, 9592.53
55.072, 43811.6, 9592.39
55.073, 43812.2, 9592.24
55.074, 43812.8, 9592.09
55.075, 43813.3, 9591.94
55.076, 43813.9, 9591.8
55.077, 43814.5, 9591.65
55.078, 43815, 9591.5
55.079, 43815.6, 9591.35
55.08, 43816.2, 9591.21
55.081, 43816.7, 9591.06
55.082, 43817.3, 9590.91
55.083, 43817.9, 9590.76
55.084, 43818.5, 9590.62
55.085, 43819, 9590.47
55.086, 43819.6, 9590.32
55.087, 43820.2, 9590.17
55.088, 43820.7, 9590.03
55.089, 43821.3, 9589.88
55.09, 43821.9, 9589.73
55.091, 43822.4, 9589.58
55.092, 43823, 9589.44
55.093, 43823.6, 9589.29
55.094, 43824.1, 9589.14
55.095, 43824.7, 9588.99
55.096, 43825.3, 9588.84
55.097, 43825.9, 9588.7
55.098, 43826.4, 9588.55
55.099, 43827, 9588.4
55.1, 43827.6, 9588.25
55.101, 43828.1, 9588.11
55.102, 43828.7, 9587.96
55.103, 43829.3, 9587.81
55.104, 43829.8, 9587.66
55.105, 43830.4, 9587.51
55.106, 43831, 9587.37
55.107, 43831.5, 9587.22
55.108, 43832.1, 9587.07
55.109, 43832.7, 9586.92
55.11, 43833.3, 9586.78
55.111, 43833.8, 9586.63
55.112, 43834.4, 9586.48
55.113, 43835, 9586.33
55.114, 43835.5, 9586.18
55.115, 43836.1, 9586.04
55.116, 43836.7, 9585.89
55.117, 43837.2, 9585.74
55.118, 43837.8, 9585.59
55.119, 43838.4, 9585.44
55.12, 43838.9, 9585.3
55.121, 43839.5, 9585.15
55.122, 43840.1, 9585
55.123, 43840.7, 9584.85
55.124, 43841.2, 9584.7
55.125, 43841.8, 9584.56
55.126, 43842.4, 9584.41
55.127, 43842.9, 9584.26
55.128, 43843.5, 9584.11
55.129, 43844.1, 9583.96
55.13, 43844.6, 9583.82
55.131, 43845.2, 9583.67
55.132, 43845.8, 9583.52
55.133, 43846.3, 9583.37
55.134, 43846.9, 9583.22
55.135, 43847.5, 9583.07
55.136, 43848.1, 9582.93
55.137, 43848.6, 9582.78
55.138, 43849.2, 9582.63
55.139, 43849.8, 9582.48
55.14, 43850.3, 9582.33
55.141, 43850.9, 9582.19
55.142, 43851.5, 9582.04
55.143, 43852, 9581.89
55.144, 43852.6, 9581.74
55.145, 43853.2, 9581.59
55.146, 43853.7, 9581.44
55.147, 43854.3, 9581.3
55.148, 43854.9, 9581.15
55.149, 43855.4, 9581
55.15, 43856, 9580.85
55.151, 43856.6, 9580.7
55.152, 43857.2, 9580.55
55.153, 43857.7, 9580.41
55.154, 43858.3, 9580.26
55.155, 43858.9, 9580.11
55.156, 43859.4, 9579.96
55.157, 43860, 9579.81
55.158, 43860.6, 9579.66
55.159, 43861.1, 9579.52
55.16, 43861.7, 9579.37
55.161, 43862.3, 9579.22
55.162, 43862.8, 9579.07
55.163, 43863.4, 9578.92
55.164, 43864, 9578.77
55.165, 43864.6, 9578.63
55.166, 43865.1, 9578.48
55.167, 43865.7, 9578.33
55.168, 43866.3, 9578.18
55.169, 43866.8, 9578.03
55.17, 43867.4, 9577.88
55.171, 43868, 9577.73
55.172, 43868.5, 9577.59
55.173, 43869.1, 9577.44
55.174, 43869.7, 9577.29
55.175, 43870.2, 9577.14
55.176, 43870.8, 9576.99
55.177, 43871.4, 9576.84
55.178, 43871.9, 9576.69
55.179, 43872.5, 9576.55
55.18, 43873.1, 9576.4
55.181, 43873.7, 9576.25
55.182, 43874.2, 9576.1
55.183, 43874.8, 9575.95
55.184, 43875.4, 9575.8
55.185, 43875.9, 9575.65
55.186, 43876.5, 9575.5
55.187, 43877.1, 9575.36
55.188, 43877.6, 9575.21
55.189, 43878.2, 9575.06
55.19, 43878.8, 9574.91
55.191, 43879.3, 9574.76
55.192, 43879.9, 9574.61
55.193, 43880.5, 9574.46
55.194, 43881, 9574.31
55.195, 43881.6, 9574.17
55.196, 43882.2, 9574.02
55.197, 43882.8, 9573.87
55.198, 43883.3, 9573.72
55.199, 43883.9, 9573.57
55.2, 43884.5, 9573.42
55.201, 43885, 9573.27
55.202, 43885.6, 9573.12
55.203, 43886.2, 9572.97
55.204, 43886.7, 9572.83
55.205, 43887.3, 9572.68
55.206, 43887.9, 9572.53
55.207, 43888.4, 9572.38
55.208, 43889, 9572.23
55.209, 43889.6, 9572.08
55.21, 43890.1, 9571.93
55.211, 43890.7, 9571.78
55.212, 43891.3, 9571.63
55.213, 43891.9, 9571.48
55.214, 43892.4, 9571.34
55.215, 43893, 9571.19
55.216, 43893.6, 9571.04
55.217, 43894.1, 9570.89
55.218, 43894.7, 9570.74
55.219, 43895.3, 9570.59
55.22, 43895.8, 9570.44
55.221, 43896.4, 9570.29
55.222, 43897, 9570.14
55.223, 43897.5, 9569.99
55.224, 43898.1, 9569.84
55.225, 43898.7, 9569.7
55.226, 43899.2, 9569.55
55.227, 43899.8, 9569.4
55.228, 43900.4, 9569.25
55.229, 43901, 9569.1
55.23, 43901.5, 9568.95
55.231, 43902.1, 9568.8
55.232, 43902.7, 9568.65
55.233, 43903.2, 9568.5
55.234, 43903.8, 9568.35
55.235, 43904.4, 9568.2
55.236, 43904.9, 9568.05
55.237, 43905.5, 9567.9
55.238, 43906.1, 9567.76
55.239, 43906.6, 9567.61
55.24, 43907.2, 9567.46
55.241, 43907.8, 9567.31
55.242, 43908.3, 9567.16
55.243, 43908.9, 9567.01
55.244, 43909.5, 9566.86
55.245, 43910.1, 9566.71
55.246, 43910.6, 9566.56
55.247, 43911.2, 9566.41
55.248, 43911.8, 9566.26
55.249, 43912.3, 9566.11
55.25, 43912.9, 9565.96
55.251, 43913.5, 9565.81
55.252, 43914, 9565.66
55.253, 43914.6, 9565.51
55.254, 43915.2, 9565.36
55.255, 43915.7, 9565.22
55.256, 43916.3, 9565.07
55.257, 43916.9, 9564.92
55.258, 43917.4, 9564.77
55.259, 43918, 9564.62
55.26, 43918.6, 9564.47
55.261, 43919.1, 9564.32
55.262, 43919.7, 9564.17
55.263, 43920.3, 9564.02
55.264, 43920.9, 9563.87
55.265, 43921.4, 9563.72
55.266, 43922, 9563.57
55.267, 43922.6, 9563.42
55.268, 43923.1, 9563.27
55.269, 43923.7, 9563.12
55.27, 43924.3, 9562.97
55.271, 43924.8, 9562.82
55.272, 43925.4, 9562.67
55.273, 43926, 9562.52
55.274, 43926.5, 9562.37
55.275, 43927.1, 9562.22
55.276, 43927.7, 9562.07
55.277, 43928.2, 9561.92
55.278, 43928.8, 9561.77
55.279, 43929.4, 9561.62
55.28, 43929.9, 9561.47
55.281, 43930.5, 9561.32
55.282, 43931.1, 9561.17
55.283, 43931.7, 9561.02
55.284, 43932.2, 9560.88
55.285, 43932.8, 9560.73
55.286, 43933.4, 9560.58
55.287, 43933.9, 9560.43
55.288, 43934.5, 9560.28
55.289, 43935.1, 9560.13
55.29, 43935.6, 9559.98
55.291, 43936.2, 9559.83
55.292, 43936.8, 9559.68
55.293, 43937.3, 9559.53
55.294, 43937.9, 9559.38
55.295, 43938.5, 9559.23
55.296, 43939, 9559.08
55.297, 43939.6, 9558.93
55.298, 43940.2, 9558.78
55.299, 43940.7, 9558.63
55.3, 43941.3, 9558.48
55.301, 43941.9, 9558.33
55.302, 43942.4, 9558.18
55.303, 43943, 9558.03
55.304, 43943.6, 9557.88
55.305, 43944.2, 9557.73
55.306, 43944.7, 9557.58
55.307, 43945.3, 9557.43
55.308, 43945.9, 9557.28
55.309, 43946.4, 9557.13
55.31, 43947, 9556.98
55.311, 43947.6, 9556.83
55.312, 43948.1, 9556.68
55.313, 43948.7, 9556.53
55.314, 43949.3, 9556.38
55.315, 43949.8, 9556.23
55.316, 43950.4, 9556.08
55.317, 43951, 9555.92
55.318, 43951.5, 9555.77
55.319, 43952.1, 9555.62
55.32, 43952.7, 9555.47
55.321, 43953.2, 9555.32
55.322, 43953.8, 9555.17
55.323, 43954.4, 9555.02
55.324, 43955, 9554.87
55.325, 43955.5, 9554.72
55.326, 43956.1, 9554.57
55.327, 43956.7, 9554.42
55.328, 43957.2, 9554.27
55.329, 43957.8, 9554.12
55.33, 43958.4, 9553.97
55.331, 43958.9, 9553.82
55.332, 43959.5, 9553.67
55.333, 43960.1, 9553.52
55.334, 43960.6, 9553.37
55.335, 43961.2, 9553.22
55.336, 43961.8, 9553.07
55.337, 43962.3, 9552.92
55.338, 43962.9, 9552.77
55.339, 43963.5, 9552.62
55.34, 43964, 9552.47
55.341, 43964.6, 9552.32
55.342, 43965.2, 9552.17
55.343, 43965.7, 9552.02
55.344, 43966.3, 9551.87
55.345, 43966.9, 9551.72
55.346, 43967.4, 9551.56
55.347, 43968, 9551.41
55.348, 43968.6, 9551.26
55.349, 43969.2, 9551.11
55.35, 43969.7, 9550.96
55.351, 43970.3, 9550.81
55.352, 43970.9, 9550.66
55.353, 43971.4, 9550.51
55.354, 43972, 9550.36
55.355, 43972.6, 9550.21
55.356, 43973.1, 9550.06
55.357, 43973.7, 9549.91
55.358, 43974.3, 9549.76
55.359, 43974.8, 9549.61
55.36, 43975.4, 9549.46
55.361, 43976, 9549.31
55.362, 43976.5, 9549.16
55.363, 43977.1, 9549
55.364, 43977.7, 9548.85
55.365, 43978.2, 9548.7
55.366, 43978.8, 9548.55
55.367, 43979.4, 9548.4
55.368, 43979.9, 9548.25
55.369, 43980.5, 9548.1
55.37, 43981.1, 9547.95
55.371, 43981.6, 9547.8
55.372, 43982.2, 9547.65
55.373, 43982.8, 9547.5
55.374, 43983.4, 9547.35
55.375, 43983.9, 9547.2
55.376, 43984.5, 9547.04
55.377, 43985.1, 9546.89
55.378, 43985.6, 9546.74
55.379, 43986.2, 9546.59
55.38, 43986.8, 9546.44
55.381, 43987.3, 9546.29
55.382, 43987.9, 9546.14
55.383, 43988.5, 9545.99
55.384, 43989, 9545.84
55.385, 43989.6, 9545.69
55.386, 43990.2, 9545.54
55.387, 43990.7, 9545.38
55.388, 43991.3, 9545.23
55.389, 43991.9, 9545.08
55.39, 43992.4, 9544.93
55.391, 43993, 9544.78
55.392, 43993.6, 9544.63
55.393, 43994.1, 9544.48
55.394, 43994.7, 9544.33
55.395, 43995.3, 9544.18
55.396, 43995.8, 9544.03
55.397, 43996.4, 9543.87
55.398, 43997, 9543.72
55.399, 43997.5, 9543.57
55.4, 43998.1, 9543.42
55.401, 43998.7, 9543.27
55.402, 43999.2, 9543.12
55.403, 43999.8, 9542.97
55.404, 44000.4, 9542.82
55.405, 44001, 9542.67
55.406, 44001.5, 9542.51
55.407, 44002.1, 9542.36
55.408, 44002.7, 9542.21
55.409, 44003.2, 9542.06
55.41, 44003.8, 9541.91
55.411, 44004.4, 9541.76
55.412, 44004.9, 9541.61
55.413, 44005.5, 9541.46
55.414, 44006.1, 9541.3
55.415, 44006.6, 9541.15
55.416, 44007.2, 9541
55.417, 44007.8, 9540.85
55.418, 44008.3, 9540.7
55.419, 44008.9, 9540.55
55.42, 44009.5, 9540.4
55.421, 44010, 9540.25
55.422, 44010.6, 9540.09
55.423, 44011.2, 9539.94
55.424, 44011.7, 9539.79
55.425, 44012.3, 9539.64
55.426, 44012.9, 9539.49
55.427, 44013.4, 9539.34
55.428, 44014, 9539.19
55.429, 44014.6, 9539.03
55.43, 44015.1, 9538.88
55.431, 44015.7, 9538.73
55.432, 44016.3, 9538.58
55.433, 44016.8, 9538.43
55.434, 44017.4, 9538.28
55.435, 44018, 9538.13
55.436, 44018.6, 9537.97
55.437, 44019.1, 9537.82
55.438, 44019.7, 9537.67
55.439, 44020.3, 9537.52
55.44, 44020.8, 9537.37
55.441, 44021.4, 9537.22
55.442, 44022, 9537.06
55.443, 44022.5, 9536.91
55.444, 44023.1, 9536.76
55.445, 44023.7, 9536.61
55.446, 44024.2, 9536.46
55.447, 44024.8, 9536.31
55.448, 44025.4, 9536.15
55.449, 44025.9, 9536
55.45, 44026.5, 9535.85
55.451, 44027.1, 9535.7
55.452, 44027.6, 9535.55
55.453, 44028.2, 9535.4
55.454, 44028.8, 9535.24
55.455, 44029.3, 9535.09
55.456, 44029.9, 9534.94
55.457, 44030.5, 9534.79
55.458, 44031, 9534.64
55.459, 44031.6, 9534.49
55.46, 44032.2, 9534.33
55.461, 44032.7, 9534.18
55.462, 44033.3, 9534.03
55.463, 44033.9, 9533.88
55.464, 44034.4, 9533.73
55.465, 44035, 9533.58
55.466, 44035.6, 9533.42
55.467, 44036.1, 9533.27
55.468, 44036.7, 9533.12
55.469, 44037.3, 9532.97
55.47, 44037.8, 9532.82
55.471, 44038.4, 9532.66
55.472, 44039, 9532.51
55.473, 44039.5, 9532.36
55.474, 44040.1, 9532.21
55.475, 44040.7, 9532.06
55.476, 44041.2, 9531.9
55.477, 44041.8, 9531.75
55.478, 44042.4, 9531.6
55.479, 44043, 9531.45
55.48, 44043.5, 9531.3
55.481, 44044.1, 9531.14
55.482, 44044.7, 9530.99
55.483, 44045.2, 9530.84
55.484, 44045.8, 9530.69
55.485, 44046.4, 9530.54
55.486, 44046.9, 9530.38
55.487, 44047.5, 9530.23
55.488, 44048.1, 9530.08
55.489, 44048.6, 9529.93
55.49, 44049.2, 9529.78
55.491, 44049.8, 9529.62
55.492, 44050.3, 9529.47
55.493, 44050.9, 9529.32
55.494, 44051.5, 9529.17
55.495, 44052, 9529.01
55.496, 44052.6, 9528.86
55.497, 44053.2, 9528.71
55.498, 44053.7, 9528.56
55.499, 44054.3, 9528.41
55.5, 44054.9, 9528.25
55.501, 44055.4, 9528.1
55.502, 44056, 9527.95
55.503, 44056.6, 9527.8
55.504, 44057.1, 9527.64
55.505, 44057.7, 9527.49
55.506, 44058.3, 9527.34
55.507, 44058.8, 9527.19
55.508, 44059.4, 9527.04
55.509, 44060, 9526.88
55.51, 44060.5, 9526.73
55.511, 44061.1, 9526.58
55.512, 44061.7, 9526.43
55.513, 44062.2, 9526.27
55.514, 44062.8, 9526.12
55.515, 44063.4, 9525.97
55.516, 44063.9, 9525.82
55.517, 44064.5, 9525.66
55.518, 44065.1, 9525.51
55.519, 44065.6, 9525.36
55.52, 44066.2, 9525.21
55.521, 44066.8, 9525.05
55.522, 44067.3, 9524.9
55.523, 44067.9, 9524.75
55.524, 44068.5, 9524.6
55.525, 44069, 9524.44
55.526, 44069.6, 9524.29
55.527, 44070.2, 9524.14
55.528, 44070.7, 9523.99
55.529, 44071.3, 9523.83
55.53, 44071.9, 9523.68
55.531, 44072.4, 9523.53
55.532, 44073, 9523.38
55.533, 44073.6, 9523.22
55.534, 44074.1, 9523.07
55.535, 44074.7, 9522.92
55.536, 44075.3, 9522.77
55.537, 44075.8, 9522.61
55.538, 44076.4, 9522.46
55.539, 44077, 9522.31
55.54, 44077.6, 9522.16
55.541, 44078.1, 9522
55.542, 44078.7, 9521.85
55.543, 44079.3, 9521.7
55.544, 44079.8, 9521.55
55.545, 44080.4, 9521.39
55.546, 44081, 9521.24
55.547, 44081.5, 9521.09
55.548, 44082.1, 9520.93
55.549, 44082.7, 9520.78
55.55, 44083.2, 9520.63
55.551, 44083.8, 9520.48
55.552, 44084.4, 9520.32
55.553, 44084.9, 9520.17
55.554, 44085.5, 9520.02
55.555, 44086.1, 9519.86
55.556, 44086.6, 9519.71
55.557, 44087.2, 9519.56
55.558, 44087.8, 9519.41
55.559, 44088.3, 9519.25
55.56, 44088.9, 9519.1
55.561, 44089.5, 9518.95
55.562, 44090, 9518.79
55.563, 44090.6, 9518.64
55.564, 44091.2, 9518.49
55.565, 44091.7, 9518.34
55.566, 44092.3, 9518.18
55.567, 44092.9, 9518.03
55.568, 44093.4, 9517.88
55.569, 44094, 9517.72
55.57, 44094.6, 9517.57
55.571, 44095.1, 9517.42
55.572, 44095.7, 9517.26
55.573, 44096.3, 9517.11
55.574, 44096.8, 9516.96
55.575, 44097.4, 9516.81
55.576, 44098, 9516.65
55.577, 44098.5, 9516.5
55.578, 44099.1, 9516.35
55.579, 44099.7, 9516.19
55.58, 44100.2, 9516.04
55.581, 44100.8, 9515.89
55.582, 44101.4, 9515.73
55.583, 44101.9, 9515.58
55.584, 44102.5, 9515.43
55.585, 44103.1, 9515.27
55.586, 44103.6, 9515.12
55.587, 44104.2, 9514.97
55.588, 44104.8, 9514.81
55.589, 44105.3, 9514.66
55.59, 44105.9, 9514.51
55.591, 44106.5, 9514.35
55.592, 44107, 9514.2
55.593, 44107.6, 9514.05
55.594, 44108.2, 9513.9
55.595, 44108.7, 9513.74
55.596, 44109.3, 9513.59
55.597, 44109.9, 9513.44
55.598, 44110.4, 9513.28
55.599, 44111, 9513.13
55.6, 44111.6, 9512.98
55.601, 44112.1, 9512.82
55.602, 44112.7, 9512.67
55.603, 44113.3, 9512.52
55.604, 44113.8, 9512.36
55.605, 44114.4, 9512.21
55.606, 44115, 9512.05
55.607, 44115.5, 9511.9
55.608, 44116.1, 9511.75
55.609, 44116.7, 9511.59
55.61, 44117.2, 9511.44
55.611, 44117.8, 9511.29
55.612, 44118.4, 9511.13
55.613, 44118.9, 9510.98
55.614, 44119.5, 9510.83
55.615, 44120.1, 9510.67
55.616, 44120.6, 9510.52
55.617, 44121.2, 9510.37
55.618, 44121.8, 9510.21
55.619, 44122.3, 9510.06
55.62, 44122.9, 9509.91
55.621, 44123.5, 9509.75
55.622, 44124, 9509.6
55.623, 44124.6, 9509.45
55.624, 44125.2, 9509.29
55.625, 44125.7, 9509.14
55.626, 44126.3, 9508.98
55.627, 44126.9, 9508.83
55.628, 44127.4, 9508.68
55.629, 44128, 9508.52
55.63, 44128.6, 9508.37
55.631, 44129.1, 9508.22
55.632, 44129.7, 9508.06
55.633, 44130.3, 9507.91
55.634, 44130.8, 9507.76
55.635, 44131.4, 9507.6
55.636, 44132, 9507.45
55.637, 44132.5, 9507.29
55.638, 44133.1, 9507.14
55.639, 44133.7, 9506.99
55.64, 44134.2, 9506.83
55.641, 44134.8, 9506.68
55.642, 44135.4, 9506.52
55.643, 44135.9, 9506.37
55.644, 44136.5, 9506.22
55.645, 44137.1, 9506.06
55.646, 44137.6, 9505.91
55.647, 44138.2, 9505.76
55.648, 44138.8, 9505.6
55.649, 44139.3, 9505.45
55.65, 44139.9, 9505.29
55.651, 44140.5, 9505.14
55.652, 44141, 9504.99
55.653, 44141.6, 9504.83
55.654, 44142.2, 9504.68
55.655, 44142.7, 9504.52
55.656, 44143.3, 9504.37
55.657, 44143.9, 9504.22
55.658, 44144.4, 9504.06
55.659, 44145, 9503.91
55.66, 44145.6, 9503.75
55.661, 44146.1, 9503.6
55.662, 44146.7, 9503.45
55.663, 44147.3, 9503.29
55.664, 44147.8, 9503.14
55.665, 44148.4, 9502.98
55.666, 44149, 9502.83
55.667, 44149.5, 9502.68
55.668, 44150.1, 9502.52
55.669, 44150.7, 9502.37
55.67, 44151.2, 9502.21
55.671, 44151.8, 9502.06
55.672, 44152.4, 9501.91
55.673, 44152.9, 9501.75
55.674, 44153.5, 9501.6
55.675, 44154.1, 9501.44
55.676, 44154.6, 9501.29
55.677, 44155.2, 9501.13
55.678, 44155.8, 9500.98
55.679, 44156.3, 9500.83
55.68, 44156.9, 9500.67
55.681, 44157.5, 9500.52
55.682, 44158, 9500.36
55.683, 44158.6, 9500.21
55.684, 44159.2, 9500.05
55.685, 44159.7, 9499.9
55.686, 44160.3, 9499.75
55.687, 44160.9, 9499.59
55.688, 44161.4, 9499.44
55.689, 44162, 9499.28
55.69, 44162.6, 9499.13
55.691, 44163.1, 9498.97
55.692, 44163.7, 9498.82
55.693, 44164.3, 9498.67
55.694, 44164.8, 9498.51
55.695, 44165.4, 9498.36
55.696, 44165.9, 9498.2
55.697, 44166.5, 9498.05
55.698, 44167.1, 9497.89
55.699, 44167.6, 9497.74
55.7, 44168.2, 9497.58
55.701, 44168.8, 9497.43
55.702, 44169.3, 9497.28
55.703, 44169.9, 9497.12
55.704, 44170.5, 9496.97
55.705, 44171, 9496.81
55.706, 44171.6, 9496.66
55.707, 44172.2, 9496.5
55.708, 44172.7, 9496.35
55.709, 44173.3, 9496.19
55.71, 44173.9, 9496.04
55.711, 44174.4, 9495.89
55.712, 44175, 9495.73
55.713, 44175.6, 9495.58
55.714, 44176.1, 9495.42
55.715, 44176.7, 9495.27
55.716, 44177.3, 9495.11
55.717, 44177.8, 9494.96
55.718, 44178.4, 9494.8
55.719, 44179, 9494.65
55.72, 44179.5, 9494.49
55.721, 44180.1, 9494.34
55.722, 44180.7, 9494.18
55.723, 44181.2, 9494.03
55.724, 44181.8, 9493.87
55.725, 44182.4, 9493.72
55.726, 44182.9, 9493.57
55.727, 44183.5, 9493.41
55.728, 44184.1, 9493.26
55.729, 44184.6, 9493.1
55.73, 44185.2, 9492.95
55.731, 44185.8, 9492.79
55.732, 44186.3, 9492.64
55.733, 44186.9, 9492.48
55.734, 44187.5, 9492.33
55.735, 44188, 9492.17
55.736, 44188.6, 9492.02
55.737, 44189.2, 9491.86
55.738, 44189.7, 9491.71
55.739, 44190.3, 9491.55
55.74, 44190.9, 9491.4
55.741, 44191.4, 9491.24
55.742, 44192, 9491.09
55.743, 44192.6, 9490.93
55.744, 44193.1, 9490.78
55.745, 44193.7, 9490.62
55.746, 44194.3, 9490.47
55.747, 44194.8, 9490.31
55.748, 44195.4, 9490.16
55.749, 44196, 9490
55.75, 44196.5, 9489.85
55.751, 44197.1, 9489.69
55.752, 44197.7, 9489.54
55.753, 44198.2, 9489.38
55.754, 44198.8, 9489.23
55.755, 44199.4, 9489.07
55.756, 44199.9, 9488.92
55.757, 44200.5, 9488.76
55.758, 44201, 9488.61
55.759, 44201.6, 9488.45
55.76, 44202.2, 9488.3
55.761, 44202.7, 9488.14
55.762, 44203.3, 9487.99
55.763, 44203.9, 9487.83
55.764, 44204.4, 9487.68
55.765, 44205, 9487.52
55.766, 44205.6, 9487.37
55.767, 44206.1, 9487.21
55.768, 44206.7, 9487.06
55.769, 44207.3, 9486.9
55.77, 44207.8, 9486.75
55.771, 44208.4, 9486.59
55.772, 44209, 9486.43
55.773, 44209.5, 9486.28
55.774, 44210.1, 9486.12
55.775, 44210.7, 9485.97
55.776, 44211.2, 9485.81
55.777, 44211.8, 9485.66
55.778, 44212.4, 9485.5
55.779, 44212.9, 9485.35
55.78, 44213.5, 9485.19
55.781, 44214.1, 9485.04
55.782, 44214.6, 9484.88
55.783, 44215.2, 9484.73
55.784, 44215.8, 9484.57
55.785, 44216.3, 9484.42
55.786, 44216.9, 9484.26
55.787, 44217.5, 9484.1
55.788, 44218, 9483.95
55.789, 44218.6, 9483.79
55.79, 44219.2, 9483.64
55.791, 44219.7, 9483.48
55.792, 44220.3, 9483.33
55.793, 44220.9, 9483.17
55.794, 44221.4, 9483.02
55.795, 44222, 9482.86
55.796, 44222.6, 9482.7
55.797, 44223.1, 9482.55
55.798, 44223.7, 9482.39
55.799, 44224.2, 9482.24
55.8, 44224.8, 9482.08
55.801, 44225.4, 9481.93
55.802, 44225.9, 9481.77
55.803, 44226.5, 9481.62
55.804, 44227.1, 9481.46
55.805, 44227.6, 9481.3
55.806, 44228.2, 9481.15
55.807, 44228.8, 9480.99
55.808, 44229.3, 9480.84
55.809, 44229.9, 9480.68
55.81, 44230.5, 9480.53
55.811, 44231, 9480.37
55.812, 44231.6, 9480.21
55.813, 44232.2, 9480.06
55.814, 44232.7, 9479.9
55.815, 44233.3, 9479.75
55.816, 44233.9, 9479.59
55.817, 44234.4, 9479.44
55.818, 44235, 9479.28
55.819, 44235.6, 9479.12
55.82, 44236.1, 9478.97
55.821, 44236.7, 9478.81
55.822, 44237.3, 9478.66
55.823, 44237.8, 9478.5
55.824, 44238.4, 9478.35
55.825, 44239, 9478.19
55.826, 44239.5, 9478.03
55.827, 44240.1, 9477.88
55.828, 44240.7, 9477.72
55.829, 44241.2, 9477.57
55.83, 44241.8, 9477.41
55.831, 44242.3, 9477.25
55.832, 44242.9, 9477.1
55.833, 44243.5, 9476.94
55.834, 44244, 9476.79
55.835, 44244.6, 9476.63
55.836, 44245.2, 9476.47
55.837, 44245.7, 9476.32
55.838, 44246.3, 9476.16
55.839, 44246.9, 9476.01
55.84, 44247.4, 9475.85
55.841, 44248, 9475.69
55.842, 44248.6, 9475.54
55.843, 44249.1, 9475.38
55.844, 44249.7, 9475.23
55.845, 44250.3, 9475.07
55.846, 44250.8, 9474.91
55.847, 44251.4, 9474.76
55.848, 44252, 9474.6
55.849, 44252.5, 9474.45
55.85, 44253.1, 9474.29
55.851, 44253.7, 9474.13
55.852, 44254.2, 9473.98
55.853, 44254.8, 9473.82
55.854, 44255.4, 9473.66
55.855, 44255.9, 9473.51
55.856, 44256.5, 9473.35
55.857, 44257.1, 9473.2
55.858, 44257.6, 9473.04
55.859, 44258.2, 9472.88
55.86, 44258.7, 9472.73
55.861, 44259.3, 9472.57
55.862, 44259.9, 9472.42
55.863, 44260.4, 9472.26
55.864, 44261, 9472.1
55.865, 44261.6, 9471.95
55.866, 44262.1, 9471.79
55.867, 44262.7, 9471.63
55.868, 44263.3, 9471.48
55.869, 44263.8, 9471.32
55.87, 44264.4, 9471.16
55.871, 44265, 9471.01
55.872, 44265.5, 9470.85
55.873, 44266.1, 9470.7
55.874, 44266.7, 9470.54
55.875, 44267.2, 9470.38
55.876, 44267.8, 9470.23
55.877, 44268.4, 9470.07
55.878, 44268.9, 9469.91
55.879, 44269.5, 9469.76
55.88, 44270.1, 9469.6
55.881, 44270.6, 9469.44
55.882, 44271.2, 9469.29
55.883, 44271.8, 9469.13
55.884, 44272.3, 9468.97
55.885, 44272.9, 9468.82
55.886, 44273.4, 9468.66
55.887, 44274, 9468.5
55.888, 44274.6, 9468.35
55.889, 44275.1, 9468.19
55.89, 44275.7, 9468.04
55.891, 44276.3, 9467.88
55.892, 44276.8, 9467.72
55.893, 44277.4, 9467.57
55.894, 44278, 9467.41
55.895, 44278.5, 9467.25
55.896, 44279.1, 9467.1
55.897, 44279.7, 9466.94
55.898, 44280.2, 9466.78
55.899, 44280.8, 9466.63
55.9, 44281.4, 9466.47
55.901, 44281.9, 9466.31
55.902, 44282.5, 9466.16
55.903, 44283.1, 9466
55.904, 44283.6, 9465.84
55.905, 44284.2, 9465.68
55.906, 44284.8, 9465.53
55.907, 44285.3, 9465.37
55.908, 44285.9, 9465.21
55.909, 44286.4, 9465.06
55.91, 44287, 9464.9
55.911, 44287.6, 9464.74
55.912, 44288.1, 9464.59
55.913, 44288.7, 9464.43
55.914, 44289.3, 9464.27
55.915, 44289.8, 9464.12
55.916, 44290.4, 9463.96
55.917, 44291, 9463.8
55.918, 44291.5, 9463.65
55.919, 44292.1, 9463.49
55.92, 44292.7, 9463.33
55.921, 44293.2, 9463.18
55.922, 44293.8, 9463.02
55.923, 44294.4, 9462.86
55.924, 44294.9, 9462.7
55.925, 44295.5, 9462.55
55.926, 44296.1, 9462.39
55.927, 44296.6, 9462.23
55.928, 44297.2, 9462.08
55.929, 44297.8, 9461.92
55.93, 44298.3, 9461.76
55.931, 44298.9, 9461.61
55.932, 44299.4, 9461.45
55.933, 44300, 9461.29
55.934, 44300.6, 9461.13
55.935, 44301.1, 9460.98
55.936, 44301.7, 9460.82
55.937, 44302.3, 9460.66
55.938, 44302.8, 9460.51
55.939, 44303.4, 9460.35
55.94, 44304, 9460.19
55.941, 44304.5, 9460.03
55.942, 44305.1, 9459.88
55.943, 44305.7, 9459.72
55.944, 44306.2, 9459.56
55.945, 44306.8, 9459.41
55.946, 44307.4, 9459.25
55.947, 44307.9, 9459.09
55.948, 44308.5, 9458.93
55.949, 44309.1, 9458.78
55.95, 44309.6, 9458.62
55.951, 44310.2, 9458.46
55.952, 44310.7, 9458.3
55.953, 44311.3, 9458.15
55.954, 44311.9, 9457.99
55.955, 44312.4, 9457.83
55.956, 44313, 9457.68
55.957, 44313.6, 9457.52
55.958, 44314.1, 9457.36
55.959, 44314.7, 9457.2
55.96, 44315.3, 9457.05
55.961, 44315.8, 9456.89
55.962, 44316.4, 9456.73
55.963, 44317, 9456.57
55.964, 44317.5, 9456.42
55.965, 44318.1, 9456.26
55.966, 44318.7, 9456.1
55.967, 44319.2, 9455.94
55.968, 44319.8, 9455.79
55.969, 44320.4, 9455.63
55.97, 44320.9, 9455.47
55.971, 44321.5, 9455.31
55.972, 44322, 9455.16
55.973, 44322.6, 9455
55.974, 44323.2, 9454.84
55.975, 44323.7, 9454.68
55.976, 44324.3, 9454.53
55.977, 44324.9, 9454.37
55.978, 44325.4, 9454.21
55.979, 44326, 9454.05
55.98, 44326.6, 9453.9
55.981, 44327.1, 9453.74
55.982, 44327.7, 9453.58
55.983, 44328.3, 9453.42
55.984, 44328.8, 9453.27
55.985, 44329.4, 9453.11
55.986, 44330, 9452.95
55.987, 44330.5, 9452.79
55.988, 44331.1, 9452.64
55.989, 44331.6, 9452.48
55.99, 44332.2, 9452.32
55.991, 44332.8, 9452.16
55.992, 44333.3, 9452
55.993, 44333.9, 9451.85
55.994, 44334.5, 9451.69
55.995, 44335, 9451.53
55.996, 44335.6, 9451.37
55.997, 44336.2, 9451.22
55.998, 44336.7, 9451.06
55.999, 44337.3, 9450.9
56, 44337.9, 9450.74
56.001, 44338.4, 9450.58
56.002, 44339, 9450.43
56.003, 44339.6, 9450.27
56.004, 44340.1, 9450.11
56.005, 44340.7, 9449.95
56.006, 44341.2, 9449.8
56.007, 44341.8, 9449.64
56.008, 44342.4, 9449.48
56.009, 44342.9, 9449.32
56.01, 44343.5, 9449.16
56.011, 44344.1, 9449.01
56.012, 44344.6, 9448.85
56.013, 44345.2, 9448.69
56.014, 44345.8, 9448.53
56.015, 44346.3, 9448.37
56.016, 44346.9, 9448.22
56.017, 44347.5, 9448.06
56.018, 44348, 9447.9
56.019, 44348.6, 9447.74
56.02, 44349.2, 9447.58
56.021, 44349.7, 9447.43
56.022, 44350.3, 9447.27
56.023, 44350.8, 9447.11
56.024, 44351.4, 9446.95
56.025, 44352, 9446.79
56.026, 44352.5, 9446.64
56.027, 44353.1, 9446.48
56.028, 44353.7, 9446.32
56.029, 44354.2, 9446.16
56.03, 44354.8, 9446
56.031, 44355.4, 9445.84
56.032, 44355.9, 9445.69
56.033, 44356.5, 9445.53
56.034, 44357.1, 9445.37
56.035, 44357.6, 9445.21
56.036, 44358.2, 9445.05
56.037, 44358.8, 9444.9
56.038, 44359.3, 9444.74
56.039, 44359.9, 9444.58
56.04, 44360.4, 9444.42
56.041, 44361, 9444.26
56.042, 44361.6, 9444.1
56.043, 44362.1, 9443.95
56.044, 44362.7, 9443.79
56.045, 44363.3, 9443.63
56.046, 44363.8, 9443.47
56.047, 44364.4, 9443.31
56.048, 44365, 9443.15
56.049, 44365.5, 9443
56.05, 44366.1, 9442.84
56.051, 44366.7, 9442.68
56.052, 44367.2, 9442.52
56.053, 44367.8, 9442.36
56.054, 44368.3, 9442.2
56.055, 44368.9, 9442.05
56.056, 44369.5, 9441.89
56.057, 44370, 9441.73
56.058, 44370.6, 9441.57
56.059, 44371.2, 9441.41
56.06, 44371.7, 9441.25
56.061, 44372.3, 9441.09
56.062, 44372.9, 9440.94
56.063, 44373.4, 9440.78
56.064, 44374, 9440.62
56.065, 44374.6, 9440.46
56.066, 44375.1, 9440.3
56.067, 44375.7, 9440.14
56.068, 44376.3, 9439.98
56.069, 44376.8, 9439.83
56.07, 44377.4, 9439.67
56.071, 44377.9, 9439.51
56.072, 44378.5, 9439.35
56.073, 44379.1, 9439.19
56.074, 44379.6, 9439.03
56.075, 44380.2, 9438.87
56.076, 44380.8, 9438.72
56.077, 44381.3, 9438.56
56.078, 44381.9, 9438.4
56.079, 44382.5, 9438.24
56.08, 44383, 9438.08
56.081, 44383.6, 9437.92
56.082, 44384.2, 9437.76
56.083, 44384.7, 9437.6
56.084, 44385.3, 9437.45
56.085, 44385.8, 9437.29
56.086, 44386.4, 9437.13
56.087, 44387, 9436.97
56.088, 44387.5, 9436.81
56.089, 44388.1, 9436.65
56.09, 44388.7, 9436.49
56.091, 44389.2, 9436.33
56.092, 44389.8, 9436.18
56.093, 44390.4, 9436.02
56.094, 44390.9, 9435.86
56.095, 44391.5, 9435.7
56.096, 44392.1, 9435.54
56.097, 44392.6, 9435.38
56.098, 44393.2, 9435.22
56.099, 44393.7, 9435.06
56.1, 44394.3, 9434.9
56.101, 44394.9, 9434.74
56.102, 44395.4, 9434.59
56.103, 44396, 9434.43
56.104, 44396.6, 9434.27
56.105, 44397.1, 9434.11
56.106, 44397.7, 9433.95
56.107, 44398.3, 9433.79
56.108, 44398.8, 9433.63
56.109, 44399.4, 9433.47
56.11, 44400, 9433.31
56.111, 44400.5, 9433.15
56.112, 44401.1, 9433
56.113, 44401.6, 9432.84
56.114, 44402.2, 9432.68
56.115, 44402.8, 9432.52
56.116, 44403.3, 9432.36
56.117, 44403.9, 9432.2
56.118, 44404.5, 9432.04
56.119, 44405, 9431.88
56.12, 44405.6, 9431.72
56.121, 44406.2, 9431.56
56.122, 44406.7, 9431.4
56.123, 44407.3, 9431.25
56.124, 44407.8, 9431.09
56.125, 44408.4, 9430.93
56.126, 44409, 9430.77
56.127, 44409.5, 9430.61
56.128, 44410.1, 9430.45
56.129, 44410.7, 9430.29
56.13, 44411.2, 9430.13
56.131, 44411.8, 9429.97
56.132, 44412.4, 9429.81
56.133, 44412.9, 9429.65
56.134, 44413.5, 9429.49
56.135, 44414.1, 9429.33
56.136, 44414.6, 9429.17
56.137, 44415.2, 9429.02
56.138, 44415.7, 9428.86
56.139, 44416.3, 9428.7
56.14, 44416.9, 9428.54
56.141, 44417.4, 9428.38
56.142, 44418, 9428.22
56.143, 44418.6, 9428.06
56.144, 44419.1, 9427.9
56.145, 44419.7, 9427.74
56.146, 44420.3, 9427.58
56.147, 44420.8, 9427.42
56.148, 44421.4, 9427.26
56.149, 44421.9, 9427.1
56.15, 44422.5, 9426.94
56.151, 44423.1, 9426.78
56.152, 44423.6, 9426.62
56.153, 44424.2, 9426.46
56.154, 44424.8, 9426.3
56.155, 44425.3, 9426.14
56.156, 44425.9, 9425.99
56.157, 44426.5, 9425.83
56.158, 44427, 9425.67
56.159, 44427.6, 9425.51
56.16, 44428.2, 9425.35
56.161, 44428.7, 9425.19
56.162, 44429.3, 9425.03
56.163, 44429.8, 9424.87
56.164, 44430.4, 9424.71
56.165, 44431, 9424.55
56.166, 44431.5, 9424.39
56.167, 44432.1, 9424.23
56.168, 44432.7, 9424.07
56.169, 44433.2, 9423.91
56.17, 44433.8, 9423.75
56.171, 44434.4, 9423.59
56.172, 44434.9, 9423.43
56.173, 44435.5, 9423.27
56.174, 44436, 9423.11
56.175, 44436.6, 9422.95
56.176, 44437.2, 9422.79
56.177, 44437.7, 9422.63
56.178, 44438.3, 9422.47
56.179, 44438.9, 9422.31
56.18, 44439.4, 9422.15
56.181, 44440, 9421.99
56.182, 44440.6, 9421.83
56.183, 44441.1, 9421.67
56.184, 44441.7, 9421.51
56.185, 44442.2, 9421.35
56.186, 44442.8, 9421.19
56.187, 44443.4, 9421.03
56.188, 44443.9, 9420.87
56.189, 44444.5, 9420.71
56.19, 44445.1, 9420.55
56.191, 44445.6, 9420.39
56.192, 44446.2, 9420.23
56.193, 44446.8, 9420.07
56.194, 44447.3, 9419.91
56.195, 44447.9, 9419.75
56.196, 44448.5, 9419.59
56.197, 44449, 9419.43
56.198, 44449.6, 9419.27
56.199, 44450.1, 9419.11
56.2, 44450.7, 9418.95
56.201, 44451.3, 9418.79
56.202, 44451.8, 9418.63
56.203, 44452.4, 9418.47
56.204, 44453, 9418.31
56.205, 44453.5, 9418.15
56.206, 44454.1, 9417.99
56.207, 44454.7, 9417.83
56.208, 44455.2, 9417.67
56.209, 44455.8, 9417.51
56.21, 44456.3, 9417.35
56.211, 44456.9, 9417.19
56.212, 44457.5, 9417.03
56.213, 44458, 9416.87
56.214, 44458.6, 9416.71
56.215, 44459.2, 9416.55
56.216, 44459.7, 9416.39
56.217, 44460.3, 9416.23
56.218, 44460.9, 9416.07
56.219, 44461.4, 9415.91
56.22, 44462, 9415.75
56.221, 44462.5, 9415.59
56.222, 44463.1, 9415.43
56.223, 44463.7, 9415.27
56.224, 44464.2, 9415.11
56.225, 44464.8, 9414.95
56.226, 44465.4, 9414.79
56.227, 44465.9, 9414.63
56.228, 44466.5, 9414.47
56.229, 44467.1, 9414.31
56.23, 44467.6, 9414.15
56.231, 44468.2, 9413.99
56.232, 44468.7, 9413.83
56.233, 44469.3, 9413.66
56.234, 44469.9, 9413.5
56.235, 44470.4, 9413.34
56.236, 44471, 9413.18
56.237, 44471.6, 9413.02
56.238, 44472.1, 9412.86
56.239, 44472.7, 9412.7
56.24, 44473.3, 9412.54
56.241, 44473.8, 9412.38
56.242, 44474.4, 9412.22
56.243, 44474.9, 9412.06
56.244, 44475.5, 9411.9
56.245, 44476.1, 9411.74
56.246, 44476.6, 9411.58
56.247, 44477.2, 9411.42
56.248, 44477.8, 9411.26
56.249, 44478.3, 9411.1
56.25, 44478.9, 9410.94
56.251, 44479.4, 9410.78
56.252, 44480, 9410.61
56.253, 44480.6, 9410.45
56.254, 44481.1, 9410.29
56.255, 44481.7, 9410.13
56.256, 44482.3, 9409.97
56.257, 44482.8, 9409.81
56.258, 44483.4, 9409.65
56.259, 44484, 9409.49
56.26, 44484.5, 9409.33
56.261, 44485.1, 9409.17
56.262, 44485.6, 9409.01
56.263, 44486.2, 9408.85
56.264, 44486.8, 9408.69
56.265, 44487.3, 9408.52
56.266, 44487.9, 9408.36
56.267, 44488.5, 9408.2
56.268, 44489, 9408.04
56.269, 44489.6, 9407.88
56.27, 44490.2, 9407.72
56.271, 44490.7, 9407.56
56.272, 44491.3, 9407.4
56.273, 44491.8, 9407.24
56.274, 44492.4, 9407.08
56.275, 44493, 9406.92
56.276, 44493.5, 9406.76
56.277, 44494.1, 9406.59
56.278, 44494.7, 9406.43
56.279, 44495.2, 9406.27
56.28, 44495.8, 9406.11
56.281, 44496.4, 9405.95
56.282, 44496.9, 9405.79
56.283, 44497.5, 9405.63
56.284, 44498, 9405.47
56.285, 44498.6, 9405.31
56.286, 44499.2, 9405.15
56.287, 44499.7, 9404.98
56.288, 44500.3, 9404.82
56.289, 44500.9, 9404.66
56.29, 44501.4, 9404.5
56.291, 44502, 9404.34
56.292, 44502.5, 9404.18
56.293, 44503.1, 9404.02
56.294, 44503.7, 9403.86
56.295, 44504.2, 9403.7
56.296, 44504.8, 9403.53
56.297, 44505.4, 9403.37
56.298, 44505.9, 9403.21
56.299, 44506.5, 9403.05
56.3, 44507.1, 9402.89
56.301, 44507.6, 9402.73
56.302, 44508.2, 9402.57
56.303, 44508.7, 9402.41
56.304, 44509.3, 9402.25
56.305, 44509.9, 9402.08
56.306, 44510.4, 9401.92
56.307, 44511, 9401.76
56.308, 44511.6, 9401.6
56.309, 44512.1, 9401.44
56.31, 44512.7, 9401.28
56.311, 44513.2, 9401.12
56.312, 44513.8, 9400.95
56.313, 44514.4, 9400.79
56.314, 44514.9, 9400.63
56.315, 44515.5, 9400.47
56.316, 44516.1, 9400.31
56.317, 44516.6, 9400.15
56.318, 44517.2, 9399.99
56.319, 44517.8, 9399.83
56.32, 44518.3, 9399.66
56.321, 44518.9, 9399.5
56.322, 44519.4, 9399.34
56.323, 44520, 9399.18
56.324, 44520.6, 9399.02
56.325, 44521.1, 9398.86
56.326, 44521.7, 9398.7
56.327, 44522.3, 9398.53
56.328, 44522.8, 9398.37
56.329, 44523.4, 9398.21
56.33, 44523.9, 9398.05
56.331, 44524.5, 9397.89
56.332, 44525.1, 9397.73
56.333, 44525.6, 9397.56
56.334, 44526.2, 9397.4
56.335, 44526.8, 9397.24
56.336, 44527.3, 9397.08
56.337, 44527.9, 9396.92
56.338, 44528.5, 9396.76
56.339, 44529, 9396.59
56.34, 44529.6, 9396.43
56.341, 44530.1, 9396.27
56.342, 44530.7, 9396.11
56.343, 44531.3, 9395.95
56.344, 44531.8, 9395.79
56.345, 44532.4, 9395.62
56.346, 44533, 9395.46
56.347, 44533.5, 9395.3
56.348, 44534.1, 9395.14
56.349, 44534.6, 9394.98
56.35, 44535.2, 9394.82
56.351, 44535.8, 9394.65
56.352, 44536.3, 9394.49
56.353, 44536.9, 9394.33
56.354, 44537.5, 9394.17
56.355, 44538, 9394.01
56.356, 44538.6, 9393.85
56.357, 44539.1, 9393.68
56.358, 44539.7, 9393.52
56.359, 44540.3, 9393.36
56.36, 44540.8, 9393.2
56.361, 44541.4, 9393.04
56.362, 44542, 9392.87
56.363, 44542.5, 9392.71
56.364, 44543.1, 9392.55
56.365, 44543.7, 9392.39
56.366, 44544.2, 9392.23
56.367, 44544.8, 9392.06
56.368, 44545.3, 9391.9
56.369, 44545.9, 9391.74
56.37, 44546.5, 9391.58
56.371, 44547, 9391.42
56.372, 44547.6, 9391.25
56.373, 44548.2, 9391.09
56.374, 44548.7, 9390.93
56.375, 44549.3, 9390.77
56.376, 44549.8, 9390.61
56.377, 44550.4, 9390.44
56.378, 44551, 9390.28
56.379, 44551.5, 9390.12
56.38, 44552.1, 9389.96
56.381, 44552.7, 9389.8
56.382, 44553.2, 9389.63
56.383, 44553.8, 9389.47
56.384, 44554.3, 9389.31
56.385, 44554.9, 9389.15
56.386, 44555.5, 9388.99
56.387, 44556, 9388.82
56.388, 44556.6, 9388.66
56.389, 44557.2, 9388.5
56.39, 44557.7, 9388.34
56.391, 44558.3, 9388.17
56.392, 44558.8, 9388.01
56.393, 44559.4, 9387.85
56.394, 44560, 9387.69
56.395, 44560.5, 9387.53
56.396, 44561.1, 9387.36
56.397, 44561.7, 9387.2
56.398, 44562.2, 9387.04
56.399, 44562.8, 9386.88
56.4, 44563.3, 9386.71
56.401, 44563.9, 9386.55
56.402, 44564.5, 9386.39
56.403, 44565, 9386.23
56.404, 44565.6, 9386.06
56.405, 44566.2, 9385.9
56.406, 44566.7, 9385.74
56.407, 44567.3, 9385.58
56.408, 44567.8, 9385.42
56.409, 44568.4, 9385.25
56.41, 44569, 9385.09
56.411, 44569.5, 9384.93
56.412, 44570.1, 9384.77
56.413, 44570.7, 9384.6
56.414, 44571.2, 9384.44
56.415, 44571.8, 9384.28
56.416, 44572.4, 9384.12
56.417, 44572.9, 9383.95
56.418, 44573.5, 9383.79
56.419, 44574, 9383.63
56.42, 44574.6, 9383.47
56.421, 44575.2, 9383.3
56.422, 44575.7, 9383.14
56.423, 44576.3, 9382.98
56.424, 44576.9, 9382.82
56.425, 44577.4, 9382.65
56.426, 44578, 9382.49
56.427, 44578.5, 9382.33
56.428, 44579.1, 9382.16
56.429, 44579.7, 9382
56.43, 44580.2, 9381.84
56.431, 44580.8, 9381.68
56.432, 44581.4, 9381.51
56.433, 44581.9, 9381.35
56.434, 44582.5, 9381.19
56.435, 44583, 9381.03
56.436, 44583.6, 9380.86
56.437, 44584.2, 9380.7
56.438, 44584.7, 9380.54
56.439, 44585.3, 9380.38
56.44, 44585.9, 9380.21
56.441, 44586.4, 9380.05
56.442, 44587, 9379.89
56.443, 44587.5, 9379.72
56.444, 44588.1, 9379.56
56.445, 44588.7, 9379.4
56.446, 44589.2, 9379.24
56.447, 44589.8, 9379.07
56.448, 44590.4, 9378.91
56.449, 44590.9, 9378.75
56.45, 44591.5, 9378.58
56.451, 44592, 9378.42
56.452, 44592.6, 9378.26
56.453, 44593.2, 9378.1
56.454, 44593.7, 9377.93
56.455, 44594.3, 9377.77
56.456, 44594.9, 9377.61
56.457, 44595.4, 9377.44
56.458, 44596, 9377.28
56.459, 44596.5, 9377.12
56.46, 44597.1, 9376.95
56.461, 44597.7, 9376.79
56.462, 44598.2, 9376.63
56.463, 44598.8, 9376.47
56.464, 44599.4, 9376.3
56.465, 44599.9, 9376.14
56.466, 44600.5, 9375.98
56.467, 44601, 9375.81
56.468, 44601.6, 9375.65
56.469, 44602.2, 9375.49
56.47, 44602.7, 9375.32
56.471, 44603.3, 9375.16
56.472, 44603.8, 9375
56.473, 44604.4, 9374.83
56.474, 44605, 9374.67
56.475, 44605.5, 9374.51
56.476, 44606.1, 9374.35
56.477, 44606.7, 9374.18
56.478, 44607.2, 9374.02
56.479, 44607.8, 9373.86
56.48, 44608.3, 9373.69
56.481, 44608.9, 9373.53
56.482, 44609.5, 9373.37
56.483, 44610, 9373.2
56.484, 44610.6, 9373.04
56.485, 44611.2, 9372.88
56.486, 44611.7, 9372.71
56.487, 44612.3, 9372.55
56.488, 44612.8, 9372.39
56.489, 44613.4, 9372.22
56.49, 44614, 9372.06
56.491, 44614.5, 9371.9
56.492, 44615.1, 9371.73
56.493, 44615.7, 9371.57
56.494, 44616.2, 9371.41
56.495, 44616.8, 9371.24
56.496, 44617.3, 9371.08
56.497, 44617.9, 9370.92
56.498, 44618.5, 9370.75
56.499, 44619, 9370.59
56.5, 44619.6, 9370.43
56.501, 44620.2, 9370.26
56.502, 44620.7, 9370.1
56.503, 44621.3, 9369.94
56.504, 44621.8, 9369.77
56.505, 44622.4, 9369.61
56.506, 44623, 9369.45
56.507, 44623.5, 9369.28
56.508, 44624.1, 9369.12
56.509, 44624.7, 9368.95
56.51, 44625.2, 9368.79
56.511, 44625.8, 9368.63
56.512, 44626.3, 9368.46
56.513, 44626.9, 9368.3
56.514, 44627.5, 9368.14
56.515, 44628, 9367.97
56.516, 44628.6, 9367.81
56.517, 44629.1, 9367.65
56.518, 44629.7, 9367.48
56.519, 44630.3, 9367.32
56.52, 44630.8, 9367.15
56.521, 44631.4, 9366.99
56.522, 44632, 9366.83
56.523, 44632.5, 9366.66
56.524, 44633.1, 9366.5
56.525, 44633.6, 9366.34
56.526, 44634.2, 9366.17
56.527, 44634.8, 9366.01
56.528, 44635.3, 9365.84
56.529, 44635.9, 9365.68
56.53, 44636.5, 9365.52
56.531, 44637, 9365.35
56.532, 44637.6, 9365.19
56.533, 44638.1, 9365.03
56.534, 44638.7, 9364.86
56.535, 44639.3, 9364.7
56.536, 44639.8, 9364.53
56.537, 44640.4, 9364.37
56.538, 44641, 9364.21
56.539, 44641.5, 9364.04
56.54, 44642.1, 9363.88
56.541, 44642.6, 9363.72
56.542, 44643.2, 9363.55
56.543, 44643.8, 9363.39
56.544, 44644.3, 9363.22
56.545, 44644.9, 9363.06
56.546, 44645.4, 9362.9
56.547, 44646, 9362.73
56.548, 44646.6, 9362.57
56.549, 44647.1, 9362.4
56.55, 44647.7, 9362.24
56.551, 44648.3, 9362.08
56.552, 44648.8, 9361.91
56.553, 44649.4, 9361.75
56.554, 44649.9, 9361.58
56.555, 44650.5, 9361.42
56.556, 44651.1, 9361.26
56.557, 44651.6, 9361.09
56.558, 44652.2, 9360.93
56.559, 44652.8, 9360.76
56.56, 44653.3, 9360.6
56.561, 44653.9, 9360.43
56.562, 44654.4, 9360.27
56.563, 44655, 9360.11
56.564, 44655.6, 9359.94
56.565, 44656.1, 9359.78
56.566, 44656.7, 9359.61
56.567, 44657.2, 9359.45
56.568, 44657.8, 9359.29
56.569, 44658.4, 9359.12
56.57, 44658.9, 9358.96
56.571, 44659.5, 9358.79
56.572, 44660.1, 9358.63
56.573, 44660.6, 9358.46
56.574, 44661.2, 9358.3
56.575, 44661.7, 9358.14
56.576, 44662.3, 9357.97
56.577, 44662.9, 9357.81
56.578, 44663.4, 9357.64
56.579, 44664, 9357.48
56.58, 44664.6, 9357.31
56.581, 44665.1, 9357.15
56.582, 44665.7, 9356.99
56.583, 44666.2, 9356.82
56.584, 44666.8, 9356.66
56.585, 44667.4, 9356.49
56.586, 44667.9, 9356.33
56.587, 44668.5, 9356.16
56.588, 44669, 9356
56.589, 44669.6, 9355.83
56.59, 44670.2, 9355.67
56.591, 44670.7, 9355.51
56.592, 44671.3, 9355.34
56.593, 44671.9, 9355.18
56.594, 44672.4, 9355.01
56.595, 44673, 9354.85
56.596, 44673.5, 9354.68
56.597, 44674.1, 9354.52
56.598, 44674.7, 9354.35
56.599, 44675.2, 9354.19
56.6, 44675.8, 9354.02
56.601, 44676.3, 9353.86
56.602, 44676.9, 9353.7
56.603, 44677.5, 9353.53
56.604, 44678, 9353.37
56.605, 44678.6, 9353.2
56.606, 44679.2, 9353.04
56.607, 44679.7, 9352.87
56.608, 44680.3, 9352.71
56.609, 44680.8, 9352.54
56.61, 44681.4, 9352.38
56.611, 44682, 9352.21
56.612, 44682.5, 9352.05
56.613, 44683.1, 9351.88
56.614, 44683.7, 9351.72
56.615, 44684.2, 9351.55
56.616, 44684.8, 9351.39
56.617, 44685.3, 9351.23
56.618, 44685.9, 9351.06
56.619, 44686.5, 9350.9
56.62, 44687, 9350.73
56.621, 44687.6, 9350.57
56.622, 44688.1, 9350.4
56.623, 44688.7, 9350.24
56.624, 44689.3, 9350.07
56.625, 44689.8, 9349.91
56.626, 44690.4, 9349.74
56.627, 44691, 9349.58
56.628, 44691.5, 9349.41
56.629, 44692.1, 9349.25
56.63, 44692.6, 9349.08
56.631, 44693.2, 9348.92
56.632, 44693.8, 9348.75
56.633, 44694.3, 9348.59
56.634, 44694.9, 9348.42
56.635, 44695.4, 9348.26
56.636, 44696, 9348.09
56.637, 44696.6, 9347.93
56.638, 44697.1, 9347.76
56.639, 44697.7, 9347.6
56.64, 44698.3, 9347.43
56.641, 44698.8, 9347.27
56.642, 44699.4, 9347.1
56.643, 44699.9, 9346.94
56.644, 44700.5, 9346.77
56.645, 44701.1, 9346.61
56.646, 44701.6, 9346.44
56.647, 44702.2, 9346.28
56.648, 44702.7, 9346.11
56.649, 44703.3, 9345.95
56.65, 44703.9, 9345.78
56.651, 44704.4, 9345.62
56.652, 44705, 9345.45
56.653, 44705.6, 9345.29
56.654, 44706.1, 9345.12
56.655, 44706.7, 9344.96
56.656, 44707.2, 9344.79
56.657, 44707.8, 9344.63
56.658, 44708.4, 9344.46
56.659, 44708.9, 9344.3
56.66, 44709.5, 9344.13
56.661, 44710, 9343.96
56.662, 44710.6, 9343.8
56.663, 44711.2, 9343.63
56.664, 44711.7, 9343.47
56.665, 44712.3, 9343.3
56.666, 44712.8, 9343.14
56.667, 44713.4, 9342.97
56.668, 44714, 9342.81
56.669, 44714.5, 9342.64
56.67, 44715.1, 9342.48
56.671, 44715.7, 9342.31
56.672, 44716.2, 9342.15
56.673, 44716.8, 9341.98
56.674, 44717.3, 9341.82
56.675, 44717.9, 9341.65
56.676, 44718.5, 9341.48
56.677, 44719, 9341.32
56.678, 44719.6, 9341.15
56.679, 44720.1, 9340.99
56.68, 44720.7, 9340.82
56.681, 44721.3, 9340.66
56.682, 44721.8, 9340.49
56.683, 44722.4, 9340.33
56.684, 44723, 9340.16
56.685, 44723.5, 9339.99
56.686, 44724.1, 9339.83
56.687, 44724.6, 9339.66
56.688, 44725.2, 9339.5
56.689, 44725.8, 9339.33
56.69, 44726.3, 9339.17
56.691, 44726.9, 9339
56.692, 44727.4, 9338.84
56.693, 44728, 9338.67
56.694, 44728.6, 9338.5
56.695, 44729.1, 9338.34
56.696, 44729.7, 9338.17
56.697, 44730.2, 9338.01
56.698, 44730.8, 9337.84
56.699, 44731.4, 9337.68
56.7, 44731.9, 9337.51
56.701, 44732.5, 9337.34
56.702, 44733.1, 9337.18
56.703, 44733.6, 9337.01
56.704, 44734.2, 9336.85
56.705, 44734.7, 9336.68
56.706, 44735.3, 9336.52
56.707, 44735.9, 9336.35
56.708, 44736.4, 9336.18
56.709, 44737, 9336.02
56.71, 44737.5, 9335.85
56.711, 44738.1, 9335.69
56.712, 44738.7, 9335.52
56.713, 44739.2, 9335.36
56.714, 44739.8, 9335.19
56.715, 44740.3, 9335.02
56.716, 44740.9, 9334.86
56.717, 44741.5, 9334.69
56.718, 44742, 9334.53
56.719, 44742.6, 9334.36
56.72, 44743.2, 9334.19
56.721, 44743.7, 9334.03
56.722, 44744.3, 9333.86
56.723, 44744.8, 9333.7
56.724, 44745.4, 9333.53
56.725, 44746, 9333.36
56.726, 44746.5, 9333.2
56.727, 44747.1, 9333.03
56.728, 44747.6, 9332.87
56.729, 44748.2, 9332.7
56.73, 44748.8, 9332.53
56.731, 44749.3, 9332.37
56.732, 44749.9, 9332.2
56.733, 44750.4, 9332.04
56.734, 44751, 9331.87
56.735, 44751.6, 9331.7
56.736, 44752.1, 9331.54
56.737, 44752.7, 9331.37
56.738, 44753.3, 9331.21
56.739, 44753.8, 9331.04
56.74, 44754.4, 9330.87
56.741, 44754.9, 9330.71
56.742, 44755.5, 9330.54
56.743, 44756.1, 9330.37
56.744, 44756.6, 9330.21
56.745, 44757.2, 9330.04
56.746, 44757.7, 9329.88
56.747, 44758.3, 9329.71
56.748, 44758.9, 9329.54
56.749, 44759.4, 9329.38
56.75, 44760, 9329.21
56.751, 44760.5, 9329.04
56.752, 44761.1, 9328.88
56.753, 44761.7, 9328.71
56.754, 44762.2, 9328.55
56.755, 44762.8, 9328.38
56.756, 44763.3, 9328.21
56.757, 44763.9, 9328.05
56.758, 44764.5, 9327.88
56.759, 44765, 9327.71
56.76, 44765.6, 9327.55
56.761, 44766.2, 9327.38
56.762, 44766.7, 9327.22
56.763, 44767.3, 9327.05
56.764, 44767.8, 9326.88
56.765, 44768.4, 9326.72
56.766, 44769, 9326.55
56.767, 44769.5, 9326.38
56.768, 44770.1, 9326.22
56.769, 44770.6, 9326.05
56.77, 44771.2, 9325.88
56.771, 44771.8, 9325.72
56.772, 44772.3, 9325.55
56.773, 44772.9, 9325.38
56.774, 44773.4, 9325.22
56.775, 44774, 9325.05
56.776, 44774.6, 9324.88
56.777, 44775.1, 9324.72
56.778, 44775.7, 9324.55
56.779, 44776.2, 9324.38
56.78, 44776.8, 9324.22
56.781, 44777.4, 9324.05
56.782, 44777.9, 9323.88
56.783, 44778.5, 9323.72
56.784, 44779.1, 9323.55
56.785, 44779.6, 9323.38
56.786, 44780.2, 9323.22
56.787, 44780.7, 9323.05
56.788, 44781.3, 9322.88
56.789, 44781.9, 9322.72
56.79, 44782.4, 9322.55
56.791, 44783, 9322.38
56.792, 44783.5, 9322.22
56.793, 44784.1, 9322.05
56.794, 44784.7, 9321.88
56.795, 44785.2, 9321.72
56.796, 44785.8, 9321.55
56.797, 44786.3, 9321.38
56.798, 44786.9, 9321.22
56.799, 44787.5, 9321.05
56.8, 44788, 9320.88
56.801, 44788.6, 9320.72
56.802, 44789.1, 9320.55
56.803, 44789.7, 9320.38
56.804, 44790.3, 9320.22
56.805, 44790.8, 9320.05
56.806, 44791.4, 9319.88
56.807, 44791.9, 9319.72
56.808, 44792.5, 9319.55
56.809, 44793.1, 9319.38
56.81, 44793.6, 9319.21
56.811, 44794.2, 9319.05
56.812, 44794.8, 9318.88
56.813, 44795.3, 9318.71
56.814, 44795.9, 9318.55
56.815, 44796.4, 9318.38
56.816, 44797, 9318.21
56.817, 44797.6, 9318.05
56.818, 44798.1, 9317.88
56.819, 44798.7, 9317.71
56.82, 44799.2, 9317.54
56.821, 44799.8, 9317.38
56.822, 44800.4, 9317.21
56.823, 44800.9, 9317.04
56.824, 44801.5, 9316.88
56.825, 44802, 9316.71
56.826, 44802.6, 9316.54
56.827, 44803.2, 9316.37
56.828, 44803.7, 9316.21
56.829, 44804.3, 9316.04
56.83, 44804.8, 9315.87
56.831, 44805.4, 9315.71
56.832, 44806, 9315.54
56.833, 44806.5, 9315.37
56.834, 44807.1, 9315.2
56.835, 44807.6, 9315.04
56.836, 44808.2, 9314.87
56.837, 44808.8, 9314.7
56.838, 44809.3, 9314.54
56.839, 44809.9, 9314.37
56.84, 44810.4, 9314.2
56.841, 44811, 9314.03
56.842, 44811.6, 9313.87
56.843, 44812.1, 9313.7
56.844, 44812.7, 9313.53
56.845, 44813.2, 9313.36
56.846, 44813.8, 9313.2
56.847, 44814.4, 9313.03
56.848, 44814.9, 9312.86
56.849, 44815.5, 9312.69
56.85, 44816.1, 9312.53
56.851, 44816.6, 9312.36
56.852, 44817.2, 9312.19
56.853, 44817.7, 9312.03
56.854, 44818.3, 9311.86
56.855, 44818.9, 9311.69
56.856, 44819.4, 9311.52
56.857, 44820, 9311.36
56.858, 44820.5, 9311.19
56.859, 44821.1, 9311.02
56.86, 44821.7, 9310.85
56.861, 44822.2, 9310.69
56.862, 44822.8, 9310.52
56.863, 44823.3, 9310.35
56.864, 44823.9, 9310.18
56.865, 44824.5, 9310.01
56.866, 44825, 9309.85
56.867, 44825.6, 9309.68
56.868, 44826.1, 9309.51
56.869, 44826.7, 9309.34
56.87, 44827.3, 9309.18
56.871, 44827.8, 9309.01
56.872, 44828.4, 9308.84
56.873, 44828.9, 9308.67
56.874, 44829.5, 9308.51
56.875, 44830.1, 9308.34
56.876, 44830.6, 9308.17
56.877, 44831.2, 9308
56.878, 44831.7, 9307.84
56.879, 44832.3, 9307.67
56.88, 44832.9, 9307.5
56.881, 44833.4, 9307.33
56.882, 44834, 9307.16
56.883, 44834.5, 9307
56.884, 44835.1, 9306.83
56.885, 44835.7, 9306.66
56.886, 44836.2, 9306.49
56.887, 44836.8, 9306.33
56.888, 44837.3, 9306.16
56.889, 44837.9, 9305.99
56.89, 44838.5, 9305.82
56.891, 44839, 9305.65
56.892, 44839.6, 9305.49
56.893, 44840.1, 9305.32
56.894, 44840.7, 9305.15
56.895, 44841.3, 9304.98
56.896, 44841.8, 9304.81
56.897, 44842.4, 9304.65
56.898, 44842.9, 9304.48
56.899, 44843.5, 9304.31
56.9, 44844.1, 9304.14
56.901, 44844.6, 9303.97
56.902, 44845.2, 9303.81
56.903, 44845.7, 9303.64
56.904, 44846.3, 9303.47
56.905, 44846.9, 9303.3
56.906, 44847.4, 9303.13
56.907, 44848, 9302.97
56.908, 44848.5, 9302.8
56.909, 44849.1, 9302.63
56.91, 44849.7, 9302.46
56.911, 44850.2, 9302.29
56.912, 44850.8, 9302.13
56.913, 44851.3, 9301.96
56.914, 44851.9, 9301.79
56.915, 44852.5, 9301.62
56.916, 44853, 9301.45
56.917, 44853.6, 9301.29
56.918, 44854.1, 9301.12
56.919, 44854.7, 9300.95
56.92, 44855.3, 9300.78
56.921, 44855.8, 9300.61
56.922, 44856.4, 9300.44
56.923, 44856.9, 9300.28
56.924, 44857.5, 9300.11
56.925, 44858.1, 9299.94
56.926, 44858.6, 9299.77
56.927, 44859.2, 9299.6
56.928, 44859.7, 9299.44
56.929, 44860.3, 9299.27
56.93, 44860.9, 9299.1
56.931, 44861.4, 9298.93
56.932, 44862, 9298.76
56.933, 44862.5, 9298.59
56.934, 44863.1, 9298.43
56.935, 44863.7, 9298.26
56.936, 44864.2, 9298.09
56.937, 44864.8, 9297.92
56.938, 44865.3, 9297.75
56.939, 44865.9, 9297.58
56.94, 44866.5, 9297.41
56.941, 44867, 9297.25
56.942, 44867.6, 9297.08
56.943, 44868.1, 9296.91
56.944, 44868.7, 9296.74
56.945, 44869.3, 9296.57
56.946, 44869.8, 9296.4
56.947, 44870.4, 9296.24
56.948, 44870.9, 9296.07
56.949, 44871.5, 9295.9
56.95, 44872.1, 9295.73
56.951, 44872.6, 9295.56
56.952, 44873.2, 9295.39
56.953, 44873.7, 9295.22
56.954, 44874.3, 9295.06
56.955, 44874.9, 9294.89
56.956, 44875.4, 9294.72
56.957, 44876, 9294.55
56.958, 44876.5, 9294.38
56.959, 44877.1, 9294.21
56.96, 44877.7, 9294.04
56.961, 44878.2, 9293.88
56.962, 44878.8, 9293.71
56.963, 44879.3, 9293.54
56.964, 44879.9, 9293.37
56.965, 44880.5, 9293.2
56.966, 44881, 9293.03
56.967, 44881.6, 9292.86
56.968, 44882.1, 9292.69
56.969, 44882.7, 9292.53
56.97, 44883.3, 9292.36
56.971, 44883.8, 9292.19
56.972, 44884.4, 9292.02
56.973, 44884.9, 9291.85
56.974, 44885.5, 9291.68
56.975, 44886.1, 9291.51
56.976, 44886.6, 9291.34
56.977, 44887.2, 9291.18
56.978, 44887.7, 9291.01
56.979, 44888.3, 9290.84
56.98, 44888.9, 9290.67
56.981, 44889.4, 9290.5
56.982, 44890, 9290.33
56.983, 44890.5, 9290.16
56.984, 44891.1, 9289.99
56.985, 44891.7, 9289.82
56.986, 44892.2, 9289.66
56.987, 44892.8, 9289.49
56.988, 44893.3, 9289.32
56.989, 44893.9, 9289.15
56.99, 44894.5, 9288.98
56.991, 44895, 9288.81
56.992, 44895.6, 9288.64
56.993, 44896.1, 9288.47
56.994, 44896.7, 9288.3
56.995, 44897.3, 9288.13
56.996, 44897.8, 9287.97
56.997, 44898.4, 9287.8
56.998, 44898.9, 9287.63
56.999, 44899.5, 9287.46
57, 44900.1, 9287.29
57.001, 44900.6, 9287.12
57.002, 44901.2, 9286.95
57.003, 44901.7, 9286.78
57.004, 44902.3, 9286.61
57.005, 44902.9, 9286.44
57.006, 44903.4, 9286.27
57.007, 44904, 9286.11
57.008, 44904.5, 9285.94
57.009, 44905.1, 9285.77
57.01, 44905.7, 9285.6
57.011, 44906.2, 9285.43
57.012, 44906.8, 9285.26
57.013, 44907.3, 9285.09
57.014, 44907.9, 9284.92
57.015, 44908.5, 9284.75
57.016, 44909, 9284.58
57.017, 44909.6, 9284.41
57.018, 44910.1, 9284.24
57.019, 44910.7, 9284.07
57.02, 44911.2, 9283.9
57.021, 44911.8, 9283.74
57.022, 44912.4, 9283.57
57.023, 44912.9, 9283.4
57.024, 44913.5, 9283.23
57.025, 44914, 9283.06
57.026, 44914.6, 9282.89
57.027, 44915.2, 9282.72
57.028, 44915.7, 9282.55
57.029, 44916.3, 9282.38
57.03, 44916.8, 9282.21
57.031, 44917.4, 9282.04
57.032, 44918, 9281.87
57.033, 44918.5, 9281.7
57.034, 44919.1, 9281.53
57.035, 44919.6, 9281.36
57.036, 44920.2, 9281.19
57.037, 44920.8, 9281.02
57.038, 44921.3, 9280.85
57.039, 44921.9, 9280.69
57.04, 44922.4, 9280.52
57.041, 44923, 9280.35
57.042, 44923.6, 9280.18
57.043, 44924.1, 9280.01
57.044, 44924.7, 9279.84
57.045, 44925.2, 9279.67
57.046, 44925.8, 9279.5
57.047, 44926.4, 9279.33
57.048, 44926.9, 9279.16
57.049, 44927.5, 9278.99
57.05, 44928, 9278.82
57.051, 44928.6, 9278.65
57.052, 44929.2, 9278.48
57.053, 44929.7, 9278.31
57.054, 44930.3, 9278.14
57.055, 44930.8, 9277.97
57.056, 44931.4, 9277.8
57.057, 44931.9, 9277.63
57.058, 44932.5, 9277.46
57.059, 44933.1, 9277.29
57.06, 44933.6, 9277.12
57.061, 44934.2, 9276.95
57.062, 44934.7, 9276.78
57.063, 44935.3, 9276.61
57.064, 44935.9, 9276.44
57.065, 44936.4, 9276.27
57.066, 44937, 9276.1
57.067, 44937.5, 9275.93
57.068, 44938.1, 9275.76
57.069, 44938.7, 9275.59
57.07, 44939.2, 9275.42
57.071, 44939.8, 9275.25
57.072, 44940.3, 9275.08
57.073, 44940.9, 9274.91
57.074, 44941.5, 9274.74
57.075, 44942, 9274.57
57.076, 44942.6, 9274.4
57.077, 44943.1, 9274.23
57.078, 44943.7, 9274.06
57.079, 44944.3, 9273.89
57.08, 44944.8, 9273.72
57.081, 44945.4, 9273.55
57.082, 44945.9, 9273.38
57.083, 44946.5, 9273.21
57.084, 44947.1, 9273.04
57.085, 44947.6, 9272.87
57.086, 44948.2, 9272.7
57.087, 44948.7, 9272.53
57.088, 44949.3, 9272.36
57.089, 44949.8, 9272.19
57.09, 44950.4, 9272.02
57.091, 44951, 9271.85
57.092, 44951.5, 9271.68
57.093, 44952.1, 9271.51
57.094, 44952.6, 9271.34
57.095, 44953.2, 9271.17
57.096, 44953.8, 9271
57.097, 44954.3, 9270.83
57.098, 44954.9, 9270.66
57.099, 44955.4, 9270.49
57.1, 44956, 9270.32
57.101, 44956.6, 9270.15
57.102, 44957.1, 9269.98
57.103, 44957.7, 9269.81
57.104, 44958.2, 9269.64
57.105, 44958.8, 9269.47
57.106, 44959.4, 9269.3
57.107, 44959.9, 9269.13
57.108, 44960.5, 9268.96
57.109, 44961, 9268.79
57.11, 44961.6, 9268.62
57.111, 44962.1, 9268.45
57.112, 44962.7, 9268.28
57.113, 44963.3, 9268.11
57.114, 44963.8, 9267.94
57.115, 44964.4, 9267.77
57.116, 44964.9, 9267.6
57.117, 44965.5, 9267.43
57.118, 44966.1, 9267.26
57.119, 44966.6, 9267.09
57.12, 44967.2, 9266.91
57.121, 44967.7, 9266.74
57.122, 44968.3, 9266.57
57.123, 44968.9, 9266.4
57.124, 44969.4, 9266.23
57.125, 44970, 9266.06
57.126, 44970.5, 9265.89
57.127, 44971.1, 9265.72
57.128, 44971.7, 9265.55
57.129, 44972.2, 9265.38
57.13, 44972.8, 9265.21
57.131, 44973.3, 9265.04
57.132, 44973.9, 9264.87
57.133, 44974.4, 9264.7
57.134, 44975, 9264.53
57.135, 44975.6, 9264.36
57.136, 44976.1, 9264.19
57.137, 44976.7, 9264.02
57.138, 44977.2, 9263.84
57.139, 44977.8, 9263.67
57.14, 44978.4, 9263.5
57.141, 44978.9, 9263.33
57.142, 44979.5, 9263.16
57.143, 44980, 9262.99
57.144, 44980.6, 9262.82
57.145, 44981.2, 9262.65
57.146, 44981.7, 9262.48
57.147, 44982.3, 9262.31
57.148, 44982.8, 9262.14
57.149, 44983.4, 9261.97
57.15, 44983.9, 9261.8
57.151, 44984.5, 9261.62
57.152, 44985.1, 9261.45
57.153, 44985.6, 9261.28
57.154, 44986.2, 9261.11
57.155, 44986.7, 9260.94
57.156, 44987.3, 9260.77
57.157, 44987.9, 9260.6
57.158, 44988.4, 9260.43
57.159, 44989, 9260.26
57.16, 44989.5, 9260.09
57.161, 44990.1, 9259.92
57.162, 44990.7, 9259.75
57.163, 44991.2, 9259.57
57.164, 44991.8, 9259.4
57.165, 44992.3, 9259.23
57.166, 44992.9, 9259.06
57.167, 44993.4, 9258.89
57.168, 44994, 9258.72
57.169, 44994.6, 9258.55
57.17, 44995.1, 9258.38
57.171, 44995.7, 9258.21
57.172, 44996.2, 9258.04
57.173, 44996.8, 9257.86
57.174, 44997.4, 9257.69
57.175, 44997.9, 9257.52
57.176, 44998.5, 9257.35
57.177, 44999, 9257.18
57.178, 44999.6, 9257.01
57.179, 45000.2, 9256.84
57.18, 45000.7, 9256.67
57.181, 45001.3, 9256.5
57.182, 45001.8, 9256.32
57.183, 45002.4, 9256.15
57.184, 45002.9, 9255.98
57.185, 45003.5, 9255.81
57.186, 45004.1, 9255.64
57.187, 45004.6, 9255.47
57.188, 45005.2, 9255.3
57.189, 45005.7, 9255.13
57.19, 45006.3, 9254.95
57.191, 45006.9, 9254.78
57.192, 45007.4, 9254.61
57.193, 45008, 9254.44
57.194, 45008.5, 9254.27
57.195, 45009.1, 9254.1
57.196, 45009.7, 9253.93
57.197, 45010.2, 9253.76
57.198, 45010.8, 9253.58
57.199, 45011.3, 9253.41
57.2, 45011.9, 9253.24
57.201, 45012.4, 9253.07
57.202, 45013, 9252.9
57.203, 45013.6, 9252.73
57.204, 45014.1, 9252.56
57.205, 45014.7, 9252.38
57.206, 45015.2, 9252.21
57.207, 45015.8, 9252.04
57.208, 45016.4, 9251.87
57.209, 45016.9, 9251.7
57.21, 45017.5, 9251.53
57.211, 45018, 9251.36
57.212, 45018.6, 9251.18
57.213, 45019.1, 9251.01
57.214, 45019.7, 9250.84
57.215, 45020.3, 9250.67
57.216, 45020.8, 9250.5
57.217, 45021.4, 9250.33
57.218, 45021.9, 9250.15
57.219, 45022.5, 9249.98
57.22, 45023.1, 9249.81
57.221, 45023.6, 9249.64
57.222, 45024.2, 9249.47
57.223, 45024.7, 9249.3
57.224, 45025.3, 9249.12
57.225, 45025.9, 9248.95
57.226, 45026.4, 9248.78
57.227, 45027, 9248.61
57.228, 45027.5, 9248.44
57.229, 45028.1, 9248.27
57.23, 45028.6, 9248.09
57.231, 45029.2, 9247.92
57.232, 45029.8, 9247.75
57.233, 45030.3, 9247.58
57.234, 45030.9, 9247.41
57.235, 45031.4, 9247.24
57.236, 45032, 9247.06
57.237, 45032.6, 9246.89
57.238, 45033.1, 9246.72
57.239, 45033.7, 9246.55
57.24, 45034.2, 9246.38
57.241, 45034.8, 9246.21
57.242, 45035.3, 9246.03
57.243, 45035.9, 9245.86
57.244, 45036.5, 9245.69
57.245, 45037, 9245.52
57.246, 45037.6, 9245.35
57.247, 45038.1, 9245.17
57.248, 45038.7, 9245
57.249, 45039.3, 9244.83
57.25, 45039.8, 9244.66
57.251, 45040.4, 9244.49
57.252, 45040.9, 9244.31
57.253, 45041.5, 9244.14
57.254, 45042, 9243.97
57.255, 45042.6, 9243.8
57.256, 45043.2, 9243.63
57.257, 45043.7, 9243.45
57.258, 45044.3, 9243.28
57.259, 45044.8, 9243.11
57.26, 45045.4, 9242.94
57.261, 45046, 9242.77
57.262, 45046.5, 9242.59
57.263, 45047.1, 9242.42
57.264, 45047.6, 9242.25
57.265, 45048.2, 9242.08
57.266, 45048.7, 9241.91
57.267, 45049.3, 9241.73
57.268, 45049.9, 9241.56
57.269, 45050.4, 9241.39
57.27, 45051, 9241.22
57.271, 45051.5, 9241.04
57.272, 45052.1, 9240.87
57.273, 45052.7, 9240.7
57.274, 45053.2, 9240.53
57.275, 45053.8, 9240.36
57.276, 45054.3, 9240.18
57.277, 45054.9, 9240.01
57.278, 45055.4, 9239.84
57.279, 45056, 9239.67
57.28, 45056.6, 9239.49
57.281, 45057.1, 9239.32
57.282, 45057.7, 9239.15
57.283, 45058.2, 9238.98
57.284, 45058.8, 9238.81
57.285, 45059.4, 9238.63
57.286, 45059.9, 9238.46
57.287, 45060.5, 9238.29
57.288, 45061, 9238.12
57.289, 45061.6, 9237.94
57.29, 45062.1, 9237.77
57.291, 45062.7, 9237.6
57.292, 45063.3, 9237.43
57.293, 45063.8, 9237.25
57.294, 45064.4, 9237.08
57.295, 45064.9, 9236.91
57.296, 45065.5, 9236.74
57.297, 45066.1, 9236.56
57.298, 45066.6, 9236.39
57.299, 45067.2, 9236.22
57.3, 45067.7, 9236.05
57.301, 45068.3, 9235.87
57.302, 45068.8, 9235.7
57.303, 45069.4, 9235.53
57.304, 45070, 9235.36
57.305, 45070.5, 9235.18
57.306, 45071.1, 9235.01
57.307, 45071.6, 9234.84
57.308, 45072.2, 9234.67
57.309, 45072.7, 9234.49
57.31, 45073.3, 9234.32
57.311, 45073.9, 9234.15
57.312, 45074.4, 9233.98
57.313, 45075, 9233.8
57.314, 45075.5, 9233.63
57.315, 45076.1, 9233.46
57.316, 45076.7, 9233.28
57.317, 45077.2, 9233.11
57.318, 45077.8, 9232.94
57.319, 45078.3, 9232.77
57.32, 45078.9, 9232.59
57.321, 45079.4, 9232.42
57.322, 45080, 9232.25
57.323, 45080.6, 9232.08
57.324, 45081.1, 9231.9
57.325, 45081.7, 9231.73
57.326, 45082.2, 9231.56
57.327, 45082.8, 9231.38
57.328, 45083.4, 9231.21
57.329, 45083.9, 9231.04
57.33, 45084.5, 9230.87
57.331, 45085, 9230.69
57.332, 45085.6, 9230.52
57.333, 45086.1, 9230.35
57.334, 45086.7, 9230.17
57.335, 45087.3, 9230
57.336, 45087.8, 9229.83
57.337, 45088.4, 9229.66
57.338, 45088.9, 9229.48
57.339, 45089.5, 9229.31
57.34, 45090, 9229.14
57.341, 45090.6, 9228.96
57.342, 45091.2, 9228.79
57.343, 45091.7, 9228.62
57.344, 45092.3, 9228.44
57.345, 45092.8, 9228.27
57.346, 45093.4, 9228.1
57.347, 45094, 9227.93
57.348, 45094.5, 9227.75
57.349, 45095.1, 9227.58
57.35, 45095.6, 9227.41
57.351, 45096.2, 9227.23
57.352, 45096.7, 9227.06
57.353, 45097.3, 9226.89
57.354, 45097.9, 9226.71
57.355, 45098.4, 9226.54
57.356, 45099, 9226.37
57.357, 45099.5, 9226.19
57.358, 45100.1, 9226.02
57.359, 45100.6, 9225.85
57.36, 45101.2, 9225.68
57.361, 45101.8, 9225.5
57.362, 45102.3, 9225.33
57.363, 45102.9, 9225.16
57.364, 45103.4, 9224.98
57.365, 45104, 9224.81
57.366, 45104.5, 9224.64
57.367, 45105.1, 9224.46
57.368, 45105.7, 9224.29
57.369, 45106.2, 9224.12
57.37, 45106.8, 9223.94
57.371, 45107.3, 9223.77
57.372, 45107.9, 9223.6
57.373, 45108.5, 9223.42
57.374, 45109, 9223.25
57.375, 45109.6, 9223.08
57.376, 45110.1, 9222.9
57.377, 45110.7, 9222.73
57.378, 45111.2, 9222.56
57.379, 45111.8, 9222.38
57.38, 45112.4, 9222.21
57.381, 45112.9, 9222.04
57.382, 45113.5, 9221.86
57.383, 45114, 9221.69
57.384, 45114.6, 9221.52
57.385, 45115.1, 9221.34
57.386, 45115.7, 9221.17
57.387, 45116.3, 9220.99
57.388, 45116.8, 9220.82
57.389, 45117.4, 9220.65
57.39, 45117.9, 9220.47
57.391, 45118.5, 9220.3
57.392, 45119.1, 9220.13
57.393, 45119.6, 9219.95
57.394, 45120.2, 9219.78
57.395, 45120.7, 9219.61
57.396, 45121.3, 9219.43
57.397, 45121.8, 9219.26
57.398, 45122.4, 9219.09
57.399, 45123, 9218.91
57.4, 45123.5, 9218.74
57.401, 45124.1, 9218.56
57.402, 45124.6, 9218.39
57.403, 45125.2, 9218.22
57.404, 45125.7, 9218.04
57.405, 45126.3, 9217.87
57.406, 45126.9, 9217.7
57.407, 45127.4, 9217.52
57.408, 45128, 9217.35
57.409, 45128.5, 9217.17
57.41, 45129.1, 9217
57.411, 45129.6, 9216.83
57.412, 45130.2, 9216.65
57.413, 45130.8, 9216.48
57.414, 45131.3, 9216.31
57.415, 45131.9, 9216.13
57.416, 45132.4, 9215.96
57.417, 45133, 9215.78
57.418, 45133.5, 9215.61
57.419, 45134.1, 9215.44
57.42, 45134.7, 9215.26
57.421, 45135.2, 9215.09
57.422, 45135.8, 9214.92
57.423, 45136.3, 9214.74
57.424, 45136.9, 9214.57
57.425, 45137.5, 9214.39
57.426, 45138, 9214.22
57.427, 45138.6, 9214.05
57.428, 45139.1, 9213.87
57.429, 45139.7, 9213.7
57.43, 45140.2, 9213.52
57.431, 45140.8, 9213.35
57.432, 45141.4, 9213.18
57.433, 45141.9, 9213
57.434, 45142.5, 9212.83
57.435, 45143, 9212.65
57.436, 45143.6, 9212.48
57.437, 45144.1, 9212.31
57.438, 45144.7, 9212.13
57.439, 45145.3, 9211.96
57.44, 45145.8, 9211.78
57.441, 45146.4, 9211.61
57.442, 45146.9, 9211.43
57.443, 45147.5, 9211.26
57.444, 45148, 9211.09
57.445, 45148.6, 9210.91
57.446, 45149.2, 9210.74
57.447, 45149.7, 9210.56
57.448, 45150.3, 9210.39
57.449, 45150.8, 9210.22
57.45, 45151.4, 9210.04
57.451, 45151.9, 9209.87
57.452, 45152.5, 9209.69
57.453, 45153.1, 9209.52
57.454, 45153.6, 9209.34
57.455, 45154.2, 9209.17
57.456, 45154.7, 9209
57.457, 45155.3, 9208.82
57.458, 45155.8, 9208.65
57.459, 45156.4, 9208.47
57.46, 45157, 9208.3
57.461, 45157.5, 9208.12
57.462, 45158.1, 9207.95
57.463, 45158.6, 9207.78
57.464, 45159.2, 9207.6
57.465, 45159.7, 9207.43
57.466, 45160.3, 9207.25
57.467, 45160.9, 9207.08
57.468, 45161.4, 9206.9
57.469, 45162, 9206.73
57.47, 45162.5, 9206.55
57.471, 45163.1, 9206.38
57.472, 45163.6, 9206.21
57.473, 45164.2, 9206.03
57.474, 45164.8, 9205.86
57.475, 45165.3, 9205.68
57.476, 45165.9, 9205.51
57.477, 45166.4, 9205.33
57.478, 45167, 9205.16
57.479, 45167.5, 9204.98
57.48, 45168.1, 9204.81
57.481, 45168.7, 9204.63
57.482, 45169.2, 9204.46
57.483, 45169.8, 9204.29
57.484, 45170.3, 9204.11
57.485, 45170.9, 9203.94
57.486, 45171.4, 9203.76
57.487, 45172, 9203.59
57.488, 45172.6, 9203.41
57.489, 45173.1, 9203.24
57.49, 45173.7, 9203.06
57.491, 45174.2, 9202.89
57.492, 45174.8, 9202.71
57.493, 45175.3, 9202.54
57.494, 45175.9, 9202.36
57.495, 45176.5, 9202.19
57.496, 45177, 9202.01
57.497, 45177.6, 9201.84
57.498, 45178.1, 9201.67
57.499, 45178.7, 9201.49
57.5, 45179.2, 9201.32
57.501, 45179.8, 9201.14
57.502, 45180.4, 9200.97
57.503, 45180.9, 9200.79
57.504, 45181.5, 9200.62
57.505, 45182, 9200.44
57.506, 45182.6, 9200.27
57.507, 45183.1, 9200.09
57.508, 45183.7, 9199.92
57.509, 45184.3, 9199.74
57.51, 45184.8, 9199.57
57.511, 45185.4, 9199.39
57.512, 45185.9, 9199.22
57.513, 45186.5, 9199.04
57.514, 45187, 9198.87
57.515, 45187.6, 9198.69
57.516, 45188.2, 9198.52
57.517, 45188.7, 9198.34
57.518, 45189.3, 9198.17
57.519, 45189.8, 9197.99
57.52, 45190.4, 9197.82
57.521, 45190.9, 9197.64
57.522, 45191.5, 9197.47
57.523, 45192.1, 9197.29
57.524, 45192.6, 9197.12
57.525, 45193.2, 9196.94
57.526, 45193.7, 9196.77
57.527, 45194.3, 9196.59
57.528, 45194.8, 9196.42
57.529, 45195.4, 9196.24
57.53, 45196, 9196.07
57.531, 45196.5, 9195.89
57.532, 45197.1, 9195.72
57.533, 45197.6, 9195.54
57.534, 45198.2, 9195.37
57.535, 45198.7, 9195.19
57.536, 45199.3, 9195.02
57.537, 45199.9, 9194.84
57.538, 45200.4, 9194.67
57.539, 45201, 9194.49
57.54, 45201.5, 9194.31
57.541, 45202.1, 9194.14
57.542, 45202.6, 9193.96
57.543, 45203.2, 9193.79
57.544, 45203.8, 9193.61
57.545, 45204.3, 9193.44
57.546, 45204.9, 9193.26
57.547, 45205.4, 9193.09
57.548, 45206, 9192.91
57.549, 45206.5, 9192.74
57.55, 45207.1, 9192.56
57.551, 45207.7, 9192.39
57.552, 45208.2, 9192.21
57.553, 45208.8, 9192.04
57.554, 45209.3, 9191.86
57.555, 45209.9, 9191.68
57.556, 45210.4, 9191.51
57.557, 45211, 9191.33
57.558, 45211.6, 9191.16
57.559, 45212.1, 9190.98
57.56, 45212.7, 9190.81
57.561, 45213.2, 9190.63
57.562, 45213.8, 9190.46
57.563, 45214.3, 9190.28
57.564, 45214.9, 9190.11
57.565, 45215.4, 9189.93
57.566, 45216, 9189.75
57.567, 45216.6, 9189.58
57.568, 45217.1, 9189.4
57.569, 45217.7, 9189.23
57.57, 45218.2, 9189.05
57.571, 45218.8, 9188.88
57.572, 45219.3, 9188.7
57.573, 45219.9, 9188.53
57.574, 45220.5, 9188.35
57.575, 45221, 9188.17
57.576, 45221.6, 9188
57.577, 45222.1, 9187.82
57.578, 45222.7, 9187.65
57.579, 45223.2, 9187.47
57.58, 45223.8, 9187.3
57.581, 45224.4, 9187.12
57.582, 45224.9, 9186.94
57.583, 45225.5, 9186.77
57.584, 45226, 9186.59
57.585, 45226.6, 9186.42
57.586, 45227.1, 9186.24
57.587, 45227.7, 9186.07
57.588, 45228.3, 9185.89
57.589, 45228.8, 9185.71
57.59, 45229.4, 9185.54
57.591, 45229.9, 9185.36
57.592, 45230.5, 9185.19
57.593, 45231, 9185.01
57.594, 45231.6, 9184.83
57.595, 45232.1, 9184.66
57.596, 45232.7, 9184.48
57.597, 45233.3, 9184.31
57.598, 45233.8, 9184.13
57.599, 45234.4, 9183.96
57.6, 45234.9, 9183.78
57.601, 45235.5, 9183.6
57.602, 45236, 9183.43
57.603, 45236.6, 9183.25
57.604, 45237.2, 9183.08
57.605, 45237.7, 9182.9
57.606, 45238.3, 9182.72
57.607, 45238.8, 9182.55
57.608, 45239.4, 9182.37
57.609, 45239.9, 9182.2
57.61, 45240.5, 9182.02
57.611, 45241.1, 9181.84
57.612, 45241.6, 9181.67
57.613, 45242.2, 9181.49
57.614, 45242.7, 9181.32
57.615, 45243.3, 9181.14
57.616, 45243.8, 9180.96
57.617, 45244.4, 9180.79
57.618, 45245, 9180.61
57.619, 45245.5, 9180.43
57.62, 45246.1, 9180.26
57.621, 45246.6, 9180.08
57.622, 45247.2, 9179.91
57.623, 45247.7, 9179.73
57.624, 45248.3, 9179.55
57.625, 45248.8, 9179.38
57.626, 45249.4, 9179.2
57.627, 45250, 9179.02
57.628, 45250.5, 9178.85
57.629, 45251.1, 9178.67
57.63, 45251.6, 9178.5
57.631, 45252.2, 9178.32
57.632, 45252.7, 9178.14
57.633, 45253.3, 9177.97
57.634, 45253.9, 9177.79
57.635, 45254.4, 9177.61
57.636, 45255, 9177.44
57.637, 45255.5, 9177.26
57.638, 45256.1, 9177.09
57.639, 45256.6, 9176.91
57.64, 45257.2, 9176.73
57.641, 45257.7, 9176.56
57.642, 45258.3, 9176.38
57.643, 45258.9, 9176.2
57.644, 45259.4, 9176.03
57.645, 45260, 9175.85
57.646, 45260.5, 9175.67
57.647, 45261.1, 9175.5
57.648, 45261.6, 9175.32
57.649, 45262.2, 9175.14
57.65, 45262.8, 9174.97
57.651, 45263.3, 9174.79
57.652, 45263.9, 9174.62
57.653, 45264.4, 9174.44
57.654, 45265, 9174.26
57.655, 45265.5, 9174.09
57.656, 45266.1, 9173.91
57.657, 45266.6, 9173.73
57.658, 45267.2, 9173.56
57.659, 45267.8, 9173.38
57.66, 45268.3, 9173.2
57.661, 45268.9, 9173.03
57.662, 45269.4, 9172.85
57.663, 45270, 9172.67
57.664, 45270.5, 9172.5
57.665, 45271.1, 9172.32
57.666, 45271.7, 9172.14
57.667, 45272.2, 9171.97
57.668, 45272.8, 9171.79
57.669, 45273.3, 9171.61
57.67, 45273.9, 9171.44
57.671, 45274.4, 9171.26
57.672, 45275, 9171.08
57.673, 45275.5, 9170.91
57.674, 45276.1, 9170.73
57.675, 45276.7, 9170.55
57.676, 45277.2, 9170.38
57.677, 45277.8, 9170.2
57.678, 45278.3, 9170.02
57.679, 45278.9, 9169.84
57.68, 45279.4, 9169.67
57.681, 45280, 9169.49
57.682, 45280.6, 9169.31
57.683, 45281.1, 9169.14
57.684, 45281.7, 9168.96
57.685, 45282.2, 9168.78
57.686, 45282.8, 9168.61
57.687, 45283.3, 9168.43
57.688, 45283.9, 9168.25
57.689, 45284.4, 9168.08
57.69, 45285, 9167.9
57.691, 45285.6, 9167.72
57.692, 45286.1, 9167.54
57.693, 45286.7, 9167.37
57.694, 45287.2, 9167.19
57.695, 45287.8, 9167.01
57.696, 45288.3, 9166.84
57.697, 45288.9, 9166.66
57.698, 45289.5, 9166.48
57.699, 45290, 9166.31
57.7, 45290.6, 9166.13
57.701, 45291.1, 9165.95
57.702, 45291.7, 9165.77
57.703, 45292.2, 9165.6
57.704, 45292.8, 9165.42
57.705, 45293.3, 9165.24
57.706, 45293.9, 9165.07
57.707, 45294.5, 9164.89
57.708, 45295, 9164.71
57.709, 45295.6, 9164.53
57.71, 45296.1, 9164.36
57.711, 45296.7, 9164.18
57.712, 45297.2, 9164
57.713, 45297.8, 9163.83
57.714, 45298.4, 9163.65
57.715, 45298.9, 9163.47
57.716, 45299.5, 9163.29
57.717, 45300, 9163.12
57.718, 45300.6, 9162.94
57.719, 45301.1, 9162.76
57.72, 45301.7, 9162.58
57.721, 45302.2, 9162.41
57.722, 45302.8, 9162.23
57.723, 45303.4, 9162.05
57.724, 45303.9, 9161.88
57.725, 45304.5, 9161.7
57.726, 45305, 9161.52
57.727, 45305.6, 9161.34
57.728, 45306.1, 9161.17
57.729, 45306.7, 9160.99
57.73, 45307.2, 9160.81
57.731, 45307.8, 9160.63
57.732, 45308.4, 9160.46
57.733, 45308.9, 9160.28
57.734, 45309.5, 9160.1
57.735, 45310, 9159.92
57.736, 45310.6, 9159.75
57.737, 45311.1, 9159.57
57.738, 45311.7, 9159.39
57.739, 45312.2, 9159.21
57.74, 45312.8, 9159.04
57.741, 45313.4, 9158.86
57.742, 45313.9, 9158.68
57.743, 45314.5, 9158.5
57.744, 45315, 9158.33
57.745, 45315.6, 9158.15
57.746, 45316.1, 9157.97
57.747, 45316.7, 9157.79
57.748, 45317.3, 9157.62
57.749, 45317.8, 9157.44
57.75, 45318.4, 9157.26
57.751, 45318.9, 9157.08
57.752, 45319.5, 9156.9
57.753, 45320, 9156.73
57.754, 45320.6, 9156.55
57.755, 45321.1, 9156.37
57.756, 45321.7, 9156.19
57.757, 45322.3, 9156.02
57.758, 45322.8, 9155.84
57.759, 45323.4, 9155.66
57.76, 45323.9, 9155.48
57.761, 45324.5, 9155.31
57.762, 45325, 9155.13
57.763, 45325.6, 9154.95
57.764, 45326.1, 9154.77
57.765, 45326.7, 9154.59
57.766, 45327.3, 9154.42
57.767, 45327.8, 9154.24
57.768, 45328.4, 9154.06
57.769, 45328.9, 9153.88
57.77, 45329.5, 9153.7
57.771, 45330, 9153.53
57.772, 45330.6, 9153.35
57.773, 45331.1, 9153.17
57.774, 45331.7, 9152.99
57.775, 45332.3, 9152.82
57.776, 45332.8, 9152.64
57.777, 45333.4, 9152.46
57.778, 45333.9, 9152.28
57.779, 45334.5, 9152.1
57.78, 45335, 9151.93
57.781, 45335.6, 9151.75
57.782, 45336.1, 9151.57
57.783, 45336.7, 9151.39
57.784, 45337.3, 9151.21
57.785, 45337.8, 9151.04
57.786, 45338.4, 9150.86
57.787, 45338.9, 9150.68
57.788, 45339.5, 9150.5
57.789, 45340, 9150.32
57.79, 45340.6, 9150.14
57.791, 45341.1, 9149.97
57.792, 45341.7, 9149.79
57.793, 45342.3, 9149.61
57.794, 45342.8, 9149.43
57.795, 45343.4, 9149.25
57.796, 45343.9, 9149.08
57.797, 45344.5, 9148.9
57.798, 45345, 9148.72
57.799, 45345.6, 9148.54
57.8, 45346.1, 9148.36
57.801, 45346.7, 9148.19
57.802, 45347.3, 9148.01
57.803, 45347.8, 9147.83
57.804, 45348.4, 9147.65
57.805, 45348.9, 9147.47
57.806, 45349.5, 9147.29
57.807, 45350, 9147.12
57.808, 45350.6, 9146.94
57.809, 45351.1, 9146.76
57.81, 45351.7, 9146.58
57.811, 45352.3, 9146.4
57.812, 45352.8, 9146.22
57.813, 45353.4, 9146.05
57.814, 45353.9, 9145.87
57.815, 45354.5, 9145.69
57.816, 45355, 9145.51
57.817, 45355.6, 9145.33
57.818, 45356.1, 9145.15
57.819, 45356.7, 9144.97
57.82, 45357.3, 9144.8
57.821, 45357.8, 9144.62
57.822, 45358.4, 9144.44
57.823, 45358.9, 9144.26
57.824, 45359.5, 9144.08
57.825, 45360, 9143.9
57.826, 45360.6, 9143.73
57.827, 45361.1, 9143.55
57.828, 45361.7, 9143.37
57.829, 45362.3, 9143.19
57.83, 45362.8, 9143.01
57.831, 45363.4, 9142.83
57.832, 45363.9, 9142.65
57.833, 45364.5, 9142.48
57.834, 45365, 9142.3
57.835, 45365.6, 9142.12
57.836, 45366.1, 9141.94
57.837, 45366.7, 9141.76
57.838, 45367.3, 9141.58
57.839, 45367.8, 9141.4
57.84, 45368.4, 9141.23
57.841, 45368.9, 9141.05
57.842, 45369.5, 9140.87
57.843, 45370, 9140.69
57.844, 45370.6, 9140.51
57.845, 45371.1, 9140.33
57.846, 45371.7, 9140.15
57.847, 45372.3, 9139.97
57.848, 45372.8, 9139.8
57.849, 45373.4, 9139.62
57.85, 45373.9, 9139.44
57.851, 45374.5, 9139.26
57.852, 45375, 9139.08
57.853, 45375.6, 9138.9
57.854, 45376.1, 9138.72
57.855, 45376.7, 9138.54
57.856, 45377.3, 9138.36
57.857, 45377.8, 9138.19
57.858, 45378.4, 9138.01
57.859, 45378.9, 9137.83
57.86, 45379.5, 9137.65
57.861, 45380, 9137.47
57.862, 45380.6, 9137.29
57.863, 45381.1, 9137.11
57.864, 45381.7, 9136.93
57.865, 45382.2, 9136.75
57.866, 45382.8, 9136.58
57.867, 45383.4, 9136.4
57.868, 45383.9, 9136.22
57.869, 45384.5, 9136.04
57.87, 45385, 9135.86
57.871, 45385.6, 9135.68
57.872, 45386.1, 9135.5
57.873, 45386.7, 9135.32
57.874, 45387.2, 9135.14
57.875, 45387.8, 9134.96
57.876, 45388.4, 9134.79
57.877, 45388.9, 9134.61
57.878, 45389.5, 9134.43
57.879, 45390, 9134.25
57.88, 45390.6, 9134.07
57.881, 45391.1, 9133.89
57.882, 45391.7, 9133.71
57.883, 45392.2, 9133.53
57.884, 45392.8, 9133.35
57.885, 45393.4, 9133.17
57.886, 45393.9, 9132.99
57.887, 45394.5, 9132.81
57.888, 45395, 9132.64
57.889, 45395.6, 9132.46
57.89, 45396.1, 9132.28
57.891, 45396.7, 9132.1
57.892, 45397.2, 9131.92
57.893, 45397.8, 9131.74
57.894, 45398.3, 9131.56
57.895, 45398.9, 9131.38
57.896, 45399.5, 9131.2
57.897, 45400, 9131.02
57.898, 45400.6, 9130.84
57.899, 45401.1, 9130.66
57.9, 45401.7, 9130.48
57.901, 45402.2, 9130.3
57.902, 45402.8, 9130.12
57.903, 45403.3, 9129.95
57.904, 45403.9, 9129.77
57.905, 45404.5, 9129.59
57.906, 45405, 9129.41
57.907, 45405.6, 9129.23
57.908, 45406.1, 9129.05
57.909, 45406.7, 9128.87
57.91, 45407.2, 9128.69
57.911, 45407.8, 9128.51
57.912, 45408.3, 9128.33
57.913, 45408.9, 9128.15
57.914, 45409.4, 9127.97
57.915, 45410, 9127.79
57.916, 45410.6, 9127.61
57.917, 45411.1, 9127.43
57.918, 45411.7, 9127.25
57.919, 45412.2, 9127.07
57.92, 45412.8, 9126.89
57.921, 45413.3, 9126.71
57.922, 45413.9, 9126.53
57.923, 45414.4, 9126.36
57.924, 45415, 9126.18
57.925, 45415.6, 9126
57.926, 45416.1, 9125.82
57.927, 45416.7, 9125.64
57.928, 45417.2, 9125.46
57.929, 45417.8, 9125.28
57.93, 45418.3, 9125.1
57.931, 45418.9, 9124.92
57.932, 45419.4, 9124.74
57.933, 45420, 9124.56
57.934, 45420.5, 9124.38
57.935, 45421.1, 9124.2
57.936, 45421.7, 9124.02
57.937, 45422.2, 9123.84
57.938, 45422.8, 9123.66
57.939, 45423.3, 9123.48
57.94, 45423.9, 9123.3
57.941, 45424.4, 9123.12
57.942, 45425, 9122.94
57.943, 45425.5, 9122.76
57.944, 45426.1, 9122.58
57.945, 45426.7, 9122.4
57.946, 45427.2, 9122.22
57.947, 45427.8, 9122.04
57.948, 45428.3, 9121.86
57.949, 45428.9, 9121.68
57.95, 45429.4, 9121.5
57.951, 45430, 9121.32
57.952, 45430.5, 9121.14
57.953, 45431.1, 9120.96
57.954, 45431.6, 9120.78
57.955, 45432.2, 9120.6
57.956, 45432.8, 9120.42
57.957, 45433.3, 9120.24
57.958, 45433.9, 9120.06
57.959, 45434.4, 9119.88
57.96, 45435, 9119.7
57.961, 45435.5, 9119.52
57.962, 45436.1, 9119.34
57.963, 45436.6, 9119.16
57.964, 45437.2, 9118.98
57.965, 45437.7, 9118.8
57.966, 45438.3, 9118.62
57.967, 45438.9, 9118.44
57.968, 45439.4, 9118.26
57.969, 45440, 9118.08
57.97, 45440.5, 9117.9
57.971, 45441.1, 9117.72
57.972, 45441.6, 9117.54
57.973, 45442.2, 9117.36
57.974, 45442.7, 9117.18
57.975, 45443.3, 9117
57.976, 45443.8, 9116.82
57.977, 45444.4, 9116.64
57.978, 45445, 9116.46
57.979, 45445.5, 9116.28
57.98, 45446.1, 9116.1
57.981, 45446.6, 9115.92
57.982, 45447.2, 9115.74
57.983, 45447.7, 9115.56
57.984, 45448.3, 9115.38
57.985, 45448.8, 9115.2
57.986, 45449.4, 9115.02
57.987, 45449.9, 9114.84
57.988, 45450.5, 9114.65
57.989, 45451.1, 9114.47
57.99, 45451.6, 9114.29
57.991, 45452.2, 9114.11
57.992, 45452.7, 9113.93
57.993, 45453.3, 9113.75
57.994, 45453.8, 9113.57
57.995, 45454.4, 9113.39
57.996, 45454.9, 9113.21
57.997, 45455.5, 9113.03
57.998, 45456, 9112.85
57.999, 45456.6, 9112.67
58, 45457.2, 9112.49
58.001, 45457.7, 9112.31
58.002, 45458.3, 9112.13
58.003, 45458.8, 9111.95
58.004, 45459.4, 9111.77
58.005, 45459.9, 9111.59
58.006, 45460.5, 9111.41
58.007, 45461, 9111.23
58.008, 45461.6, 9111.04
58.009, 45462.1, 9110.86
58.01, 45462.7, 9110.68
58.011, 45463.3, 9110.5
58.012, 45463.8, 9110.32
58.013, 45464.4, 9110.14
58.014, 45464.9, 9109.96
58.015, 45465.5, 9109.78
58.016, 45466, 9109.6
58.017, 45466.6, 9109.42
58.018, 45467.1, 9109.24
58.019, 45467.7, 9109.06
58.02, 45468.2, 9108.88
58.021, 45468.8, 9108.7
58.022, 45469.4, 9108.52
58.023, 45469.9, 9108.33
58.024, 45470.5, 9108.15
58.025, 45471, 9107.97
58.026, 45471.6, 9107.79
58.027, 45472.1, 9107.61
58.028, 45472.7, 9107.43
58.029, 45473.2, 9107.25
58.03, 45473.8, 9107.07
58.031, 45474.3, 9106.89
58.032, 45474.9, 9106.71
58.033, 45475.5, 9106.53
58.034, 45476, 9106.35
58.035, 45476.6, 9106.16
58.036, 45477.1, 9105.98
58.037, 45477.7, 9105.8
58.038, 45478.2, 9105.62
58.039, 45478.8, 9105.44
58.04, 45479.3, 9105.26
58.041, 45479.9, 9105.08
58.042, 45480.4, 9104.9
58.043, 45481, 9104.72
58.044, 45481.6, 9104.54
58.045, 45482.1, 9104.35
58.046, 45482.7, 9104.17
58.047, 45483.2, 9103.99
58.048, 45483.8, 9103.81
58.049, 45484.3, 9103.63
58.05, 45484.9, 9103.45
58.051, 45485.4, 9103.27
58.052, 45486, 9103.09
58.053, 45486.5, 9102.91
58.054, 45487.1, 9102.72
58.055, 45487.7, 9102.54
58.056, 45488.2, 9102.36
58.057, 45488.8, 9102.18
58.058, 45489.3, 9102
58.059, 45489.9, 9101.82
58.06, 45490.4, 9101.64
58.061, 45491, 9101.46
58.062, 45491.5, 9101.28
58.063, 45492.1, 9101.09
58.064, 45492.6, 9100.91
58.065, 45493.2, 9100.73
58.066, 45493.7, 9100.55
58.067, 45494.3, 9100.37
58.068, 45494.9, 9100.19
58.069, 45495.4, 9100.01
58.07, 45496, 9099.82
58.071, 45496.5, 9099.64
58.072, 45497.1, 9099.46
58.073, 45497.6, 9099.28
58.074, 45498.2, 9099.1
58.075, 45498.7, 9098.92
58.076, 45499.3, 9098.74
58.077, 45499.8, 9098.56
58.078, 45500.4, 9098.37
58.079, 45501, 9098.19
58.08, 45501.5, 9098.01
58.081, 45502.1, 9097.83
58.082, 45502.6, 9097.65
58.083, 45503.2, 9097.47
58.084, 45503.7, 9097.29
58.085, 45504.3, 9097.1
58.086, 45504.8, 9096.92
58.087, 45505.4, 9096.74
58.088, 45505.9, 9096.56
58.089, 45506.5, 9096.38
58.09, 45507, 9096.2
58.091, 45507.6, 9096.01
58.092, 45508.2, 9095.83
58.093, 45508.7, 9095.65
58.094, 45509.3, 9095.47
58.095, 45509.8, 9095.29
58.096, 45510.4, 9095.11
58.097, 45510.9, 9094.93
58.098, 45511.5, 9094.74
58.099, 45512, 9094.56
58.1, 45512.6, 9094.38
58.101, 45513.1, 9094.2
58.102, 45513.7, 9094.02
58.103, 45514.2, 9093.84
58.104, 45514.8, 9093.65
58.105, 45515.4, 9093.47
58.106, 45515.9, 9093.29
58.107, 45516.5, 9093.11
58.108, 45517, 9092.93
58.109, 45517.6, 9092.74
58.11, 45518.1, 9092.56
58.111, 45518.7, 9092.38
58.112, 45519.2, 9092.2
58.113, 45519.8, 9092.02
58.114, 45520.3, 9091.84
58.115, 45520.9, 9091.65
58.116, 45521.5, 9091.47
58.117, 45522, 9091.29
58.118, 45522.6, 9091.11
58.119, 45523.1, 9090.93
58.12, 45523.7, 9090.74
58.121, 45524.2, 9090.56
58.122, 45524.8, 9090.38
58.123, 45525.3, 9090.2
58.124, 45525.9, 9090.02
58.125, 45526.4, 9089.83
58.126, 45527, 9089.65
58.127, 45527.5, 9089.47
58.128, 45528.1, 9089.29
58.129, 45528.7, 9089.11
58.13, 45529.2, 9088.92
58.131, 45529.8, 9088.74
58.132, 45530.3, 9088.56
58.133, 45530.9, 9088.38
58.134, 45531.4, 9088.2
58.135, 45532, 9088.01
58.136, 45532.5, 9087.83
58.137, 45533.1, 9087.65
58.138, 45533.6, 9087.47
58.139, 45534.2, 9087.29
58.14, 45534.7, 9087.1
58.141, 45535.3, 9086.92
58.142, 45535.9, 9086.74
58.143, 45536.4, 9086.56
58.144, 45537, 9086.38
58.145, 45537.5, 9086.19
58.146, 45538.1, 9086.01
58.147, 45538.6, 9085.83
58.148, 45539.2, 9085.65
58.149, 45539.7, 9085.46
58.15, 45540.3, 9085.28
58.151, 45540.8, 9085.1
58.152, 45541.4, 9084.92
58.153, 45541.9, 9084.74
58.154, 45542.5, 9084.55
58.155, 45543, 9084.37
58.156, 45543.6, 9084.19
58.157, 45544.2, 9084.01
58.158, 45544.7, 9083.82
58.159, 45545.3, 9083.64
58.16, 45545.8, 9083.46
58.161, 45546.4, 9083.28
58.162, 45546.9, 9083.09
58.163, 45547.5, 9082.91
58.164, 45548, 9082.73
58.165, 45548.6, 9082.55
58.166, 45549.1, 9082.37
58.167, 45549.7, 9082.18
58.168, 45550.2, 9082
58.169, 45550.8, 9081.82
58.17, 45551.4, 9081.64
58.171, 45551.9, 9081.45
58.172, 45552.5, 9081.27
58.173, 45553, 9081.09
58.174, 45553.6, 9080.91
58.175, 45554.1, 9080.72
58.176, 45554.7, 9080.54
58.177, 45555.2, 9080.36
58.178, 45555.8, 9080.18
58.179, 45556.3, 9079.99
58.18, 45556.9, 9079.81
58.181, 45557.4, 9079.63
58.182, 45558, 9079.44
58.183, 45558.6, 9079.26
58.184, 45559.1, 9079.08
58.185, 45559.7, 9078.9
58.186, 45560.2, 9078.71
58.187, 45560.8, 9078.53
58.188, 45561.3, 9078.35
58.189, 45561.9, 9078.17
58.19, 45562.4, 9077.98
58.191, 45563, 9077.8
58.192, 45563.5, 9077.62
58.193, 45564.1, 9077.44
58.194, 45564.6, 9077.25
58.195, 45565.2, 9077.07
58.196, 45565.7, 9076.89
58.197, 45566.3, 9076.7
58.198, 45566.9, 9076.52
58.199, 45567.4, 9076.34
58.2, 45568, 9076.16
58.201, 45568.5, 9075.97
58.202, 45569.1, 9075.79
58.203, 45569.6, 9075.61
58.204, 45570.2, 9075.42
58.205, 45570.7, 9075.24
58.206, 45571.3, 9075.06
58.207, 45571.8, 9074.88
58.208, 45572.4, 9074.69
58.209, 45572.9, 9074.51
58.21, 45573.5, 9074.33
58.211, 45574.1, 9074.14
58.212, 45574.6, 9073.96
58.213, 45575.2, 9073.78
58.214, 45575.7, 9073.6
58.215, 45576.3, 9073.41
58.216, 45576.8, 9073.23
58.217, 45577.4, 9073.05
58.218, 45577.9, 9072.86
58.219, 45578.5, 9072.68
58.22, 45579, 9072.5
58.221, 45579.6, 9072.31
58.222, 45580.1, 9072.13
58.223, 45580.7, 9071.95
58.224, 45581.2, 9071.77
58.225, 45581.8, 9071.58
58.226, 45582.4, 9071.4
58.227, 45582.9, 9071.22
58.228, 45583.5, 9071.03
58.229, 45584, 9070.85
58.23, 45584.6, 9070.67
58.231, 45585.1, 9070.48
58.232, 45585.7, 9070.3
58.233, 45586.2, 9070.12
58.234, 45586.8, 9069.93
58.235, 45587.3, 9069.75
58.236, 45587.9, 9069.57
58.237, 45588.4, 9069.38
58.238, 45589, 9069.2
58.239, 45589.5, 9069.02
58.24, 45590.1, 9068.83
58.241, 45590.7, 9068.65
58.242, 45591.2, 9068.47
58.243, 45591.8, 9068.28
58.244, 45592.3, 9068.1
58.245, 45592.9, 9067.92
58.246, 45593.4, 9067.73
58.247, 45594, 9067.55
58.248, 45594.5, 9067.37
58.249, 45595.1, 9067.18
58.25, 45595.6, 9067
58.251, 45596.2, 9066.82
58.252, 45596.7, 9066.63
58.253, 45597.3, 9066.45
58.254, 45597.8, 9066.27
58.255, 45598.4, 9066.08
58.256, 45599, 9065.9
58.257, 45599.5, 9065.72
58.258, 45600.1, 9065.53
58.259, 45600.6, 9065.35
58.26, 45601.2, 9065.17
58.261, 45601.7, 9064.98
58.262, 45602.3, 9064.8
58.263, 45602.8, 9064.62
58.264, 45603.4, 9064.43
58.265, 45603.9, 9064.25
58.266, 45604.5, 9064.06
58.267, 45605, 9063.88
58.268, 45605.6, 9063.7
58.269, 45606.1, 9063.51
58.27, 45606.7, 9063.33
58.271, 45607.2, 9063.15
58.272, 45607.8, 9062.96
58.273, 45608.4, 9062.78
58.274, 45608.9, 9062.6
58.275, 45609.5, 9062.41
58.276, 45610, 9062.23
58.277, 45610.6, 9062.04
58.278, 45611.1, 9061.86
58.279, 45611.7, 9061.68
58.28, 45612.2, 9061.49
58.281, 45612.8, 9061.31
58.282, 45613.3, 9061.13
58.283, 45613.9, 9060.94
58.284, 45614.4, 9060.76
58.285, 45615, 9060.57
58.286, 45615.5, 9060.39
58.287, 45616.1, 9060.21
58.288, 45616.7, 9060.02
58.289, 45617.2, 9059.84
58.29, 45617.8, 9059.66
58.291, 45618.3, 9059.47
58.292, 45618.9, 9059.29
58.293, 45619.4, 9059.1
58.294, 45620, 9058.92
58.295, 45620.5, 9058.74
58.296, 45621.1, 9058.55
58.297, 45621.6, 9058.37
58.298, 45622.2, 9058.18
58.299, 45622.7, 9058
58.3, 45623.3, 9057.82
58.301, 45623.8, 9057.63
58.302, 45624.4, 9057.45
58.303, 45624.9, 9057.26
58.304, 45625.5, 9057.08
58.305, 45626.1, 9056.9
58.306, 45626.6, 9056.71
58.307, 45627.2, 9056.53
58.308, 45627.7, 9056.34
58.309, 45628.3, 9056.16
58.31, 45628.8, 9055.98
58.311, 45629.4, 9055.79
58.312, 45629.9, 9055.61
58.313, 45630.5, 9055.42
58.314, 45631, 9055.24
58.315, 45631.6, 9055.06
58.316, 45632.1, 9054.87
58.317, 45632.7, 9054.69
58.318, 45633.2, 9054.5
58.319, 45633.8, 9054.32
58.32, 45634.3, 9054.14
58.321, 45634.9, 9053.95
58.322, 45635.5, 9053.77
58.323, 45636, 9053.58
58.324, 45636.6, 9053.4
58.325, 45637.1, 9053.21
58.326, 45637.7, 9053.03
58.327, 45638.2, 9052.85
58.328, 45638.8, 9052.66
58.329, 45639.3, 9052.48
58.33, 45639.9, 9052.29
58.331, 45640.4, 9052.11
58.332, 45641, 9051.92
58.333, 45641.5, 9051.74
58.334, 45642.1, 9051.56
58.335, 45642.6, 9051.37
58.336, 45643.2, 9051.19
58.337, 45643.7, 9051
58.338, 45644.3, 9050.82
58.339, 45644.9, 9050.63
58.34, 45645.4, 9050.45
58.341, 45646, 9050.26
58.342, 45646.5, 9050.08
58.343, 45647.1, 9049.9
58.344, 45647.6, 9049.71
58.345, 45648.2, 9049.53
58.346, 45648.7, 9049.34
58.347, 45649.3, 9049.16
58.348, 45649.8, 9048.97
58.349, 45650.4, 9048.79
58.35, 45650.9, 9048.6
58.351, 45651.5, 9048.42
58.352, 45652, 9048.23
58.353, 45652.6, 9048.05
58.354, 45653.1, 9047.87
58.355, 45653.7, 9047.68
58.356, 45654.2, 9047.5
58.357, 45654.8, 9047.31
58.358, 45655.4, 9047.13
58.359, 45655.9, 9046.94
58.36, 45656.5, 9046.76
58.361, 45657, 9046.57
58.362, 45657.6, 9046.39
58.363, 45658.1, 9046.2
58.364, 45658.7, 9046.02
58.365, 45659.2, 9045.83
58.366, 45659.8, 9045.65
58.367, 45660.3, 9045.47
58.368, 45660.9, 9045.28
58.369, 45661.4, 9045.1
58.37, 45662, 9044.91
58.371, 45662.5, 9044.73
58.372, 45663.1, 9044.54
58.373, 45663.6, 9044.36
58.374, 45664.2, 9044.17
58.375, 45664.7, 9043.99
58.376, 45665.3, 9043.8
58.377, 45665.9, 9043.62
58.378, 45666.4, 9043.43
58.379, 45667, 9043.25
58.38, 45667.5, 9043.06
58.381, 45668.1, 9042.88
58.382, 45668.6, 9042.69
58.383, 45669.2, 9042.51
58.384, 45669.7, 9042.32
58.385, 45670.3, 9042.14
58.386, 45670.8, 9041.95
58.387, 45671.4, 9041.77
58.388, 45671.9, 9041.58
58.389, 45672.5, 9041.4
58.39, 45673, 9041.21
58.391, 45673.6, 9041.03
58.392, 45674.1, 9040.84
58.393, 45674.7, 9040.66
58.394, 45675.2, 9040.47
58.395, 45675.8, 9040.29
58.396, 45676.4, 9040.1
58.397, 45676.9, 9039.92
58.398, 45677.5, 9039.73
58.399, 45678, 9039.55
58.4, 45678.6, 9039.36
58.401, 45679.1, 9039.18
58.402, 45679.7, 9038.99
58.403, 45680.2, 9038.81
58.404, 45680.8, 9038.62
58.405, 45681.3, 9038.44
58.406, 45681.9, 9038.25
58.407, 45682.4, 9038.07
58.408, 45683, 9037.88
58.409, 45683.5, 9037.7
58.41, 45684.1, 9037.51
58.411, 45684.6, 9037.33
58.412, 45685.2, 9037.14
58.413, 45685.7, 9036.95
58.414, 45686.3, 9036.77
58.415, 45686.8, 9036.58
58.416, 45687.4, 9036.4
58.417, 45688, 9036.21
58.418, 45688.5, 9036.03
58.419, 45689.1, 9035.84
58.42, 45689.6, 9035.66
58.421, 45690.2, 9035.47
58.422, 45690.7, 9035.29
58.423, 45691.3, 9035.1
58.424, 45691.8, 9034.92
58.425, 45692.4, 9034.73
58.426, 45692.9, 9034.55
58.427, 45693.5, 9034.36
58.428, 45694, 9034.17
58.429, 45694.6, 9033.99
58.43, 45695.1, 9033.8
58.431, 45695.7, 9033.62
58.432, 45696.2, 9033.43
58.433, 45696.8, 9033.25
58.434, 45697.3, 9033.06
58.435, 45697.9, 9032.88
58.436, 45698.4, 9032.69
58.437, 45699, 9032.5
58.438, 45699.6, 9032.32
58.439, 45700.1, 9032.13
58.44, 45700.7, 9031.95
58.441, 45701.2, 9031.76
58.442, 45701.8, 9031.58
58.443, 45702.3, 9031.39
58.444, 45702.9, 9031.21
58.445, 45703.4, 9031.02
58.446, 45704, 9030.83
58.447, 45704.5, 9030.65
58.448, 45705.1, 9030.46
58.449, 45705.6, 9030.28
58.45, 45706.2, 9030.09
58.451, 45706.7, 9029.91
58.452, 45707.3, 9029.72
58.453, 45707.8, 9029.53
58.454, 45708.4, 9029.35
58.455, 45708.9, 9029.16
58.456, 45709.5, 9028.98
58.457, 45710, 9028.79
58.458, 45710.6, 9028.61
58.459, 45711.1, 9028.42
58.46, 45711.7, 9028.23
58.461, 45712.3, 9028.05
58.462, 45712.8, 9027.86
58.463, 45713.4, 9027.68
58.464, 45713.9, 9027.49
58.465, 45714.5, 9027.31
58.466, 45715, 9027.12
58.467, 45715.6, 9026.93
58.468, 45716.1, 9026.75
58.469, 45716.7, 9026.56
58.47, 45717.2, 9026.38
58.471, 45717.8, 9026.19
58.472, 45718.3, 9026
58.473, 45718.9, 9025.82
58.474, 45719.4, 9025.63
58.475, 45720, 9025.45
58.476, 45720.5, 9025.26
58.477, 45721.1, 9025.07
58.478, 45721.6, 9024.89
58.479, 45722.2, 9024.7
58.48, 45722.7, 9024.52
58.481, 45723.3, 9024.33
58.482, 45723.8, 9024.14
58.483, 45724.4, 9023.96
58.484, 45725, 9023.77
58.485, 45725.5, 9023.59
58.486, 45726.1, 9023.4
58.487, 45726.6, 9023.21
58.488, 45727.2, 9023.03
58.489, 45727.7, 9022.84
58.49, 45728.3, 9022.65
58.491, 45728.8, 9022.47
58.492, 45729.4, 9022.28
58.493, 45729.9, 9022.1
58.494, 45730.5, 9021.91
58.495, 45731, 9021.72
58.496, 45731.6, 9021.54
58.497, 45732.1, 9021.35
58.498, 45732.7, 9021.17
58.499, 45733.2, 9020.98
58.5, 45733.8, 9020.79
58.501, 45734.3, 9020.61
58.502, 45734.9, 9020.42
58.503, 45735.4, 9020.23
58.504, 45736, 9020.05
58.505, 45736.5, 9019.86
58.506, 45737.1, 9019.67
58.507, 45737.6, 9019.49
58.508, 45738.2, 9019.3
58.509, 45738.8, 9019.12
58.51, 45739.3, 9018.93
58.511, 45739.9, 9018.74
58.512, 45740.4, 9018.56
58.513, 45741, 9018.37
58.514, 45741.5, 9018.18
58.515, 45742.1, 9018
58.516, 45742.6, 9017.81
58.517, 45743.2, 9017.62
58.518, 45743.7, 9017.44
58.519, 45744.3, 9017.25
58.52, 45744.8, 9017.06
58.521, 45745.4, 9016.88
58.522, 45745.9, 9016.69
58.523, 45746.5, 9016.51
58.524, 45747, 9016.32
58.525, 45747.6, 9016.13
58.526, 45748.1, 9015.95
58.527, 45748.7, 9015.76
58.528, 45749.2, 9015.57
58.529, 45749.8, 9015.39
58.53, 45750.3, 9015.2
58.531, 45750.9, 9015.01
58.532, 45751.4, 9014.83
58.533, 45752, 9014.64
58.534, 45752.5, 9014.45
58.535, 45753.1, 9014.27
58.536, 45753.7, 9014.08
58.537, 45754.2, 9013.89
58.538, 45754.8, 9013.71
58.539, 45755.3, 9013.52
58.54, 45755.9, 9013.33
58.541, 45756.4, 9013.15
58.542, 45757, 9012.96
58.543, 45757.5, 9012.77
58.544, 45758.1, 9012.59
58.545, 45758.6, 9012.4
58.546, 45759.2, 9012.21
58.547, 45759.7, 9012.02
58.548, 45760.3, 9011.84
58.549, 45760.8, 9011.65
58.55, 45761.4, 9011.46
58.551, 45761.9, 9011.28
58.552, 45762.5, 9011.09
58.553, 45763, 9010.9
58.554, 45763.6, 9010.72
58.555, 45764.1, 9010.53
58.556, 45764.7, 9010.34
58.557, 45765.2, 9010.16
58.558, 45765.8, 9009.97
58.559, 45766.3, 9009.78
58.56, 45766.9, 9009.6
58.561, 45767.4, 9009.41
58.562, 45768, 9009.22
58.563, 45768.5, 9009.03
58.564, 45769.1, 9008.85
58.565, 45769.6, 9008.66
58.566, 45770.2, 9008.47
58.567, 45770.8, 9008.29
58.568, 45771.3, 9008.1
58.569, 45771.9, 9007.91
58.57, 45772.4, 9007.72
58.571, 45773, 9007.54
58.572, 45773.5, 9007.35
58.573, 45774.1, 9007.16
58.574, 45774.6, 9006.98
58.575, 45775.2, 9006.79
58.576, 45775.7, 9006.6
58.577, 45776.3, 9006.42
58.578, 45776.8, 9006.23
58.579, 45777.4, 9006.04
58.58, 45777.9, 9005.85
58.581, 45778.5, 9005.67
58.582, 45779, 9005.48
58.583, 45779.6, 9005.29
58.584, 45780.1, 9005.1
58.585, 45780.7, 9004.92
58.586, 45781.2, 9004.73
58.587, 45781.8, 9004.54
58.588, 45782.3, 9004.36
58.589, 45782.9, 9004.17
58.59, 45783.4, 9003.98
58.591, 45784, 9003.79
58.592, 45784.5, 9003.61
58.593, 45785.1, 9003.42
58.594, 45785.6, 9003.23
58.595, 45786.2, 9003.04
58.596, 45786.7, 9002.86
58.597, 45787.3, 9002.67
58.598, 45787.9, 9002.48
58.599, 45788.4, 9002.29
58.6, 45789, 9002.11
58.601, 45789.5, 9001.92
58.602, 45790.1, 9001.73
58.603, 45790.6, 9001.54
58.604, 45791.2, 9001.36
58.605, 45791.7, 9001.17
58.606, 45792.3, 9000.98
58.607, 45792.8, 9000.79
58.608, 45793.4, 9000.61
58.609, 45793.9, 9000.42
58.61, 45794.5, 9000.23
58.611, 45795, 9000.04
58.612, 45795.6, 8999.86
58.613, 45796.1, 8999.67
58.614, 45796.7, 8999.48
58.615, 45797.2, 8999.29
58.616, 45797.8, 8999.11
58.617, 45798.3, 8998.92
58.618, 45798.9, 8998.73
58.619, 45799.4, 8998.54
58.62, 45800, 8998.36
58.621, 45800.5, 8998.17
58.622, 45801.1, 8997.98
58.623, 45801.6, 8997.79
58.624, 45802.2, 8997.61
58.625, 45802.7, 8997.42
58.626, 45803.3, 8997.23
58.627, 45803.8, 8997.04
58.628, 45804.4, 8996.85
58.629, 45804.9, 8996.67
58.63, 45805.5, 8996.48
58.631, 45806, 8996.29
58.632, 45806.6, 8996.1
58.633, 45807.1, 8995.92
58.634, 45807.7, 8995.73
58.635, 45808.3, 8995.54
58.636, 45808.8, 8995.35
58.637, 45809.4, 8995.16
58.638, 45809.9, 8994.98
58.639, 45810.5, 8994.79
58.64, 45811, 8994.6
58.641, 45811.6, 8994.41
58.642, 45812.1, 8994.22
58.643, 45812.7, 8994.04
58.644, 45813.2, 8993.85
58.645, 45813.8, 8993.66
58.646, 45814.3, 8993.47
58.647, 45814.9, 8993.29
58.648, 45815.4, 8993.1
58.649, 45816, 8992.91
58.65, 45816.5, 8992.72
58.651, 45817.1, 8992.53
58.652, 45817.6, 8992.35
58.653, 45818.2, 8992.16
58.654, 45818.7, 8991.97
58.655, 45819.3, 8991.78
58.656, 45819.8, 8991.59
58.657, 45820.4, 8991.4
58.658, 45820.9, 8991.22
58.659, 45821.5, 8991.03
58.66, 45822, 8990.84
58.661, 45822.6, 8990.65
58.662, 45823.1, 8990.46
58.663, 45823.7, 8990.28
58.664, 45824.2, 8990.09
58.665, 45824.8, 8989.9
58.666, 45825.3, 8989.71
58.667, 45825.9, 8989.52
58.668, 45826.4, 8989.34
58.669, 45827, 8989.15
58.67, 45827.5, 8988.96
58.671, 45828.1, 8988.77
58.672, 45828.6, 8988.58
58.673, 45829.2, 8988.39
58.674, 45829.7, 8988.21
58.675, 45830.3, 8988.02
58.676, 45830.8, 8987.83
58.677, 45831.4, 8987.64
58.678, 45831.9, 8987.45
58.679, 45832.5, 8987.26
58.68, 45833.1, 8987.08
58.681, 45833.6, 8986.89
58.682, 45834.2, 8986.7
58.683, 45834.7, 8986.51
58.684, 45835.3, 8986.32
58.685, 45835.8, 8986.13
58.686, 45836.4, 8985.95
58.687, 45836.9, 8985.76
58.688, 45837.5, 8985.57
58.689, 45838, 8985.38
58.69, 45838.6, 8985.19
58.691, 45839.1, 8985
58.692, 45839.7, 8984.81
58.693, 45840.2, 8984.63
58.694, 45840.8, 8984.44
58.695, 45841.3, 8984.25
58.696, 45841.9, 8984.06
58.697, 45842.4, 8983.87
58.698, 45843, 8983.68
58.699, 45843.5, 8983.49
58.7, 45844.1, 8983.31
58.701, 45844.6, 8983.12
58.702, 45845.2, 8982.93
58.703, 45845.7, 8982.74
58.704, 45846.3, 8982.55
58.705, 45846.8, 8982.36
58.706, 45847.4, 8982.17
58.707, 45847.9, 8981.99
58.708, 45848.5, 8981.8
58.709, 45849, 8981.61
58.71, 45849.6, 8981.42
58.711, 45850.1, 8981.23
58.712, 45850.7, 8981.04
58.713, 45851.2, 8980.85
58.714, 45851.8, 8980.66
58.715, 45852.3, 8980.48
58.716, 45852.9, 8980.29
58.717, 45853.4, 8980.1
58.718, 45854, 8979.91
58.719, 45854.5, 8979.72
58.72, 45855.1, 8979.53
58.721, 45855.6, 8979.34
58.722, 45856.2, 8979.15
58.723, 45856.7, 8978.97
58.724, 45857.3, 8978.78
58.725, 45857.8, 8978.59
58.726, 45858.4, 8978.4
58.727, 45858.9, 8978.21
58.728, 45859.5, 8978.02
58.729, 45860, 8977.83
58.73, 45860.6, 8977.64
58.731, 45861.1, 8977.45
58.732, 45861.7, 8977.27
58.733, 45862.2, 8977.08
58.734, 45862.8, 8976.89
58.735, 45863.4, 8976.7
58.736, 45863.9, 8976.51
58.737, 45864.5, 8976.32
58.738, 45865, 8976.13
58.739, 45865.6, 8975.94
58.74, 45866.1, 8975.75
58.741, 45866.7, 8975.56
58.742, 45867.2, 8975.38
58.743, 45867.8, 8975.19
58.744, 45868.3, 8975
58.745, 45868.9, 8974.81
58.746, 45869.4, 8974.62
58.747, 45870, 8974.43
58.748, 45870.5, 8974.24
58.749, 45871.1, 8974.05
58.75, 45871.6, 8973.86
58.751, 45872.2, 8973.67
58.752, 45872.7, 8973.48
58.753, 45873.3, 8973.29
58.754, 45873.8, 8973.11
58.755, 45874.4, 8972.92
58.756, 45874.9, 8972.73
58.757, 45875.5, 8972.54
58.758, 45876, 8972.35
58.759, 45876.6, 8972.16
58.76, 45877.1, 8971.97
58.761, 45877.7, 8971.78
58.762, 45878.2, 8971.59
58.763, 45878.8, 8971.4
58.764, 45879.3, 8971.21
58.765, 45879.9, 8971.02
58.766, 45880.4, 8970.83
58.767, 45881, 8970.64
58.768, 45881.5, 8970.46
58.769, 45882.1, 8970.27
58.77, 45882.6, 8970.08
58.771, 45883.2, 8969.89
58.772, 45883.7, 8969.7
58.773, 45884.3, 8969.51
58.774, 45884.8, 8969.32
58.775, 45885.4, 8969.13
58.776, 45885.9, 8968.94
58.777, 45886.5, 8968.75
58.778, 45887, 8968.56
58.779, 45887.6, 8968.37
58.78, 45888.1, 8968.18
58.781, 45888.7, 8967.99
58.782, 45889.2, 8967.8
58.783, 45889.8, 8967.61
58.784, 45890.3, 8967.42
58.785, 45890.9, 8967.23
58.786, 45891.4, 8967.04
58.787, 45892, 8966.86
58.788, 45892.5, 8966.67
58.789, 45893.1, 8966.48
58.79, 45893.6, 8966.29
58.791, 45894.2, 8966.1
58.792, 45894.7, 8965.91
58.793, 45895.3, 8965.72
58.794, 45895.8, 8965.53
58.795, 45896.4, 8965.34
58.796, 45896.9, 8965.15
58.797, 45897.5, 8964.96
58.798, 45898, 8964.77
58.799, 45898.6, 8964.58
58.8, 45899.1, 8964.39
58.801, 45899.7, 8964.2
58.802, 45900.2, 8964.01
58.803, 45900.8, 8963.82
58.804, 45901.3, 8963.63
58.805, 45901.9, 8963.44
58.806, 45902.4, 8963.25
58.807, 45903, 8963.06
58.808, 45903.5, 8962.87
58.809, 45904.1, 8962.68
58.81, 45904.6, 8962.49
58.811, 45905.2, 8962.3
58.812, 45905.7, 8962.11
58.813, 45906.3, 8961.92
58.814, 45906.8, 8961.73
58.815, 45907.4, 8961.54
58.816, 45907.9, 8961.35
58.817, 45908.5, 8961.16
58.818, 45909, 8960.97
58.819, 45909.6, 8960.78
58.82, 45910.1, 8960.59
58.821, 45910.7, 8960.4
58.822, 45911.2, 8960.21
58.823, 45911.8, 8960.02
58.824, 45912.3, 8959.83
58.825, 45912.9, 8959.64
58.826, 45913.4, 8959.45
58.827, 45914, 8959.26
58.828, 45914.5, 8959.07
58.829, 45915.1, 8958.88
58.83, 45915.6, 8958.69
58.831, 45916.2, 8958.5
58.832, 45916.7, 8958.31
58.833, 45917.3, 8958.12
58.834, 45917.8, 8957.93
58.835, 45918.4, 8957.74
58.836, 45918.9, 8957.55
58.837, 45919.5, 8957.36
58.838, 45920, 8957.17
58.839, 45920.6, 8956.98
58.84, 45921.1, 8956.79
58.841, 45921.7, 8956.6
58.842, 45922.3, 8956.41
58.843, 45922.8, 8956.22
58.844, 45923.4, 8956.03
58.845, 45923.9, 8955.84
58.846, 45924.5, 8955.65
58.847, 45925, 8955.46
58.848, 45925.6, 8955.27
58.849, 45926.1, 8955.08
58.85, 45926.7, 8954.89
58.851, 45927.2, 8954.7
58.852, 45927.8, 8954.51
58.853, 45928.3, 8954.32
58.854, 45928.9, 8954.13
58.855, 45929.4, 8953.94
58.856, 45930, 8953.75
58.857, 45930.5, 8953.55
58.858, 45931.1, 8953.36
58.859, 45931.6, 8953.17
58.86, 45932.2, 8952.98
58.861, 45932.7, 8952.79
58.862, 45933.3, 8952.6
58.863, 45933.8, 8952.41
58.864, 45934.4, 8952.22
58.865, 45934.9, 8952.03
58.866, 45935.5, 8951.84
58.867, 45936, 8951.65
58.868, 45936.6, 8951.46
58.869, 45937.1, 8951.27
58.87, 45937.7, 8951.08
58.871, 45938.2, 8950.89
58.872, 45938.8, 8950.7
58.873, 45939.3, 8950.51
58.874, 45939.9, 8950.32
58.875, 45940.4, 8950.13
58.876, 45941, 8949.94
58.877, 45941.5, 8949.74
58.878, 45942.1, 8949.55
58.879, 45942.6, 8949.36
58.88, 45943.2, 8949.17
58.881, 45943.7, 8948.98
58.882, 45944.3, 8948.79
58.883, 45944.8, 8948.6
58.884, 45945.4, 8948.41
58.885, 45945.9, 8948.22
58.886, 45946.5, 8948.03
58.887, 45947, 8947.84
58.888, 45947.6, 8947.65
58.889, 45948.1, 8947.46
58.89, 45948.7, 8947.27
58.891, 45949.2, 8947.07
58.892, 45949.8, 8946.88
58.893, 45950.3, 8946.69
58.894, 45950.9, 8946.5
58.895, 45951.4, 8946.31
58.896, 45952, 8946.12
58.897, 45952.5, 8945.93
58.898, 45953.1, 8945.74
58.899, 45953.6, 8945.55
58.9, 45954.2, 8945.36
58.901, 45954.7, 8945.17
58.902, 45955.3, 8944.97
58.903, 45955.8, 8944.78
58.904, 45956.4, 8944.59
58.905, 45956.9, 8944.4
58.906, 45957.5, 8944.21
58.907, 45958, 8944.02
58.908, 45958.6, 8943.83
58.909, 45959.1, 8943.64
58.91, 45959.7, 8943.45
58.911, 45960.2, 8943.26
58.912, 45960.8, 8943.06
58.913, 45961.3, 8942.87
58.914, 45961.9, 8942.68
58.915, 45962.4, 8942.49
58.916, 45962.9, 8942.3
58.917, 45963.5, 8942.11
58.918, 45964, 8941.92
58.919, 45964.6, 8941.73
58.92, 45965.1, 8941.54
58.921, 45965.7, 8941.34
58.922, 45966.2, 8941.15
58.923, 45966.8, 8940.96
58.924, 45967.3, 8940.77
58.925, 45967.9, 8940.58
58.926, 45968.4, 8940.39
58.927, 45969, 8940.2
58.928, 45969.5, 8940.01
58.929, 45970.1, 8939.82
58.93, 45970.6, 8939.62
58.931, 45971.2, 8939.43
58.932, 45971.7, 8939.24
58.933, 45972.3, 8939.05
58.934, 45972.8, 8938.86
58.935, 45973.4, 8938.67
58.936, 45973.9, 8938.48
58.937, 45974.5, 8938.29
58.938, 45975, 8938.09
58.939, 45975.6, 8937.9
58.94, 45976.1, 8937.71
58.941, 45976.7, 8937.52
58.942, 45977.2, 8937.33
58.943, 45977.8, 8937.14
58.944, 45978.3, 8936.95
58.945, 45978.9, 8936.75
58.946, 45979.4, 8936.56
58.947, 45980, 8936.37
58.948, 45980.5, 8936.18
58.949, 45981.1, 8935.99
58.95, 45981.6, 8935.8
58.951, 45982.2, 8935.61
58.952, 45982.7, 8935.41
58.953, 45983.3, 8935.22
58.954, 45983.8, 8935.03
58.955, 45984.4, 8934.84
58.956, 45984.9, 8934.65
58.957, 45985.5, 8934.46
58.958, 45986, 8934.26
58.959, 45986.6, 8934.07
58.96, 45987.1, 8933.88
58.961, 45987.7, 8933.69
58.962, 45988.2, 8933.5
58.963, 45988.8, 8933.31
58.964, 45989.3, 8933.11
58.965, 45989.9, 8932.92
58.966, 45990.4, 8932.73
58.967, 45991, 8932.54
58.968, 45991.5, 8932.35
58.969, 45992.1, 8932.16
58.97, 45992.6, 8931.96
58.971, 45993.2, 8931.77
58.972, 45993.7, 8931.58
58.973, 45994.3, 8931.39
58.974, 45994.8, 8931.2
58.975, 45995.4, 8931.01
58.976, 45995.9, 8930.81
58.977, 45996.5, 8930.62
58.978, 45997, 8930.43
58.979, 45997.6, 8930.24
58.98, 45998.1, 8930.05
58.981, 45998.7, 8929.85
58.982, 45999.2, 8929.66
58.983, 45999.8, 8929.47
58.984, 46000.3, 8929.28
58.985, 46000.9, 8929.09
58.986, 46001.4, 8928.9
58.987, 46002, 8928.7
58.988, 46002.5, 8928.51
58.989, 46003.1, 8928.32
58.99, 46003.6, 8928.13
58.991, 46004.2, 8927.94
58.992, 46004.7, 8927.74
58.993, 46005.3, 8927.55
58.994, 46005.8, 8927.36
58.995, 46006.4, 8927.17
58.996, 46006.9, 8926.98
58.997, 46007.5, 8926.78
58.998, 46008, 8926.59
58.999, 46008.6, 8926.4
59, 46009.1, 8926.21
59.001, 46009.7, 8926.02
59.002, 46010.2, 8925.82
59.003, 46010.8, 8925.63
59.004, 46011.3, 8925.44
59.005, 46011.9, 8925.25
59.006, 46012.4, 8925.06
59.007, 46013, 8924.86
59.008, 46013.5, 8924.67
59.009, 46014.1, 8924.48
59.01, 46014.6, 8924.29
59.011, 46015.2, 8924.09
59.012, 46015.7, 8923.9
59.013, 46016.3, 8923.71
59.014, 46016.8, 8923.52
59.015, 46017.4, 8923.33
59.016, 46017.9, 8923.13
59.017, 46018.5, 8922.94
59.018, 46019, 8922.75
59.019, 46019.6, 8922.56
59.02, 46020.1, 8922.36
59.021, 46020.7, 8922.17
59.022, 46021.2, 8921.98
59.023, 46021.7, 8921.79
59.024, 46022.3, 8921.59
59.025, 46022.8, 8921.4
59.026, 46023.4, 8921.21
59.027, 46023.9, 8921.02
59.028, 46024.5, 8920.83
59.029, 46025, 8920.63
59.03, 46025.6, 8920.44
59.031, 46026.1, 8920.25
59.032, 46026.7, 8920.06
59.033, 46027.2, 8919.86
59.034, 46027.8, 8919.67
59.035, 46028.3, 8919.48
59.036, 46028.9, 8919.29
59.037, 46029.4, 8919.09
59.038, 46030, 8918.9
59.039, 46030.5, 8918.71
59.04, 46031.1, 8918.52
59.041, 46031.6, 8918.32
59.042, 46032.2, 8918.13
59.043, 46032.7, 8917.94
59.044, 46033.3, 8917.75
59.045, 46033.8, 8917.55
59.046, 46034.4, 8917.36
59.047, 46034.9, 8917.17
59.048, 46035.5, 8916.98
59.049, 46036, 8916.78
59.05, 46036.6, 8916.59
59.051, 46037.1, 8916.4
59.052, 46037.7, 8916.2
59.053, 46038.2, 8916.01
59.054, 46038.8, 8915.82
59.055, 46039.3, 8915.63
59.056, 46039.9, 8915.43
59.057, 46040.4, 8915.24
59.058, 46041, 8915.05
59.059, 46041.5, 8914.86
59.06, 46042.1, 8914.66
59.061, 46042.6, 8914.47
59.062, 46043.2, 8914.28
59.063, 46043.7, 8914.08
59.064, 46044.3, 8913.89
59.065, 46044.8, 8913.7
59.066, 46045.4, 8913.51
59.067, 46045.9, 8913.31
59.068, 46046.5, 8913.12
59.069, 46047, 8912.93
59.07, 46047.6, 8912.73
59.071, 46048.1, 8912.54
59.072, 46048.7, 8912.35
59.073, 46049.2, 8912.16
59.074, 46049.8, 8911.96
59.075, 46050.3, 8911.77
59.076, 46050.9, 8911.58
59.077, 46051.4, 8911.38
59.078, 46051.9, 8911.19
59.079, 46052.5, 8911
59.08, 46053, 8910.81
59.081, 46053.6, 8910.61
59.082, 46054.1, 8910.42
59.083, 46054.7, 8910.23
59.084, 46055.2, 8910.03
59.085, 46055.8, 8909.84
59.086, 46056.3, 8909.65
59.087, 46056.9, 8909.45
59.088, 46057.4, 8909.26
59.089, 46058, 8909.07
59.09, 46058.5, 8908.87
59.091, 46059.1, 8908.68
59.092, 46059.6, 8908.49
59.093, 46060.2, 8908.3
59.094, 46060.7, 8908.1
59.095, 46061.3, 8907.91
59.096, 46061.8, 8907.72
59.097, 46062.4, 8907.52
59.098, 46062.9, 8907.33
59.099, 46063.5, 8907.14
59.1, 46064, 8906.94
59.101, 46064.6, 8906.75
59.102, 46065.1, 8906.56
59.103, 46065.7, 8906.36
59.104, 46066.2, 8906.17
59.105, 46066.8, 8905.98
59.106, 46067.3, 8905.78
59.107, 46067.9, 8905.59
59.108, 46068.4, 8905.4
59.109, 46069, 8905.2
59.11, 46069.5, 8905.01
59.111, 46070.1, 8904.82
59.112, 46070.6, 8904.62
59.113, 46071.2, 8904.43
59.114, 46071.7, 8904.24
59.115, 46072.3, 8904.04
59.116, 46072.8, 8903.85
59.117, 46073.4, 8903.66
59.118, 46073.9, 8903.46
59.119, 46074.5, 8903.27
59.12, 46075, 8903.08
59.121, 46075.6, 8902.88
59.122, 46076.1, 8902.69
59.123, 46076.6, 8902.5
59.124, 46077.2, 8902.3
59.125, 46077.7, 8902.11
59.126, 46078.3, 8901.91
59.127, 46078.8, 8901.72
59.128, 46079.4, 8901.53
59.129, 46079.9, 8901.33
59.13, 46080.5, 8901.14
59.131, 46081, 8900.95
59.132, 46081.6, 8900.75
59.133, 46082.1, 8900.56
59.134, 46082.7, 8900.37
59.135, 46083.2, 8900.17
59.136, 46083.8, 8899.98
59.137, 46084.3, 8899.79
59.138, 46084.9, 8899.59
59.139, 46085.4, 8899.4
59.14, 46086, 8899.2
59.141, 46086.5, 8899.01
59.142, 46087.1, 8898.82
59.143, 46087.6, 8898.62
59.144, 46088.2, 8898.43
59.145, 46088.7, 8898.24
59.146, 46089.3, 8898.04
59.147, 46089.8, 8897.85
59.148, 46090.4, 8897.65
59.149, 46090.9, 8897.46
59.15, 46091.5, 8897.27
59.151, 46092, 8897.07
59.152, 46092.6, 8896.88
59.153, 46093.1, 8896.68
59.154, 46093.7, 8896.49
59.155, 46094.2, 8896.3
59.156, 46094.8, 8896.1
59.157, 46095.3, 8895.91
59.158, 46095.9, 8895.72
59.159, 46096.4, 8895.52
59.16, 46096.9, 8895.33
59.161, 46097.5, 8895.13
59.162, 46098, 8894.94
59.163, 46098.6, 8894.75
59.164, 46099.1, 8894.55
59.165, 46099.7, 8894.36
59.166, 46100.2, 8894.16
59.167, 46100.8, 8893.97
59.168, 46101.3, 8893.78
59.169, 46101.9, 8893.58
59.17, 46102.4, 8893.39
59.171, 46103, 8893.19
59.172, 46103.5, 8893
59.173, 46104.1, 8892.81
59.174, 46104.6, 8892.61
59.175, 46105.2, 8892.42
59.176, 46105.7, 8892.22
59.177, 46106.3, 8892.03
59.178, 46106.8, 8891.84
59.179, 46107.4, 8891.64
59.18, 46107.9, 8891.45
59.181, 46108.5, 8891.25
59.182, 46109, 8891.06
59.183, 46109.6, 8890.86
59.184, 46110.1, 8890.67
59.185, 46110.7, 8890.48
59.186, 46111.2, 8890.28
59.187, 46111.8, 8890.09
59.188, 46112.3, 8889.89
59.189, 46112.9, 8889.7
59.19, 46113.4, 8889.5
59.191, 46113.9, 8889.31
59.192, 46114.5, 8889.12
59.193, 46115, 8888.92
59.194, 46115.6, 8888.73
59.195, 46116.1, 8888.53
59.196, 46116.7, 8888.34
59.197, 46117.2, 8888.14
59.198, 46117.8, 8887.95
59.199, 46118.3, 8887.76
59.2, 46118.9, 8887.56
59.201, 46119.4, 8887.37
59.202, 46120, 8887.17
59.203, 46120.5, 8886.98
59.204, 46121.1, 8886.78
59.205, 46121.6, 8886.59
59.206, 46122.2, 8886.39
59.207, 46122.7, 8886.2
59.208, 46123.3, 8886.01
59.209, 46123.8, 8885.81
59.21, 46124.4, 8885.62
59.211, 46124.9, 8885.42
59.212, 46125.5, 8885.23
59.213, 46126, 8885.03
59.214, 46126.6, 8884.84
59.215, 46127.1, 8884.64
59.216, 46127.7, 8884.45
59.217, 46128.2, 8884.25
59.218, 46128.8, 8884.06
59.219, 46129.3, 8883.87
59.22, 46129.8, 8883.67
59.221, 46130.4, 8883.48
59.222, 46130.9, 8883.28
59.223, 46131.5, 8883.09
59.224, 46132, 8882.89
59.225, 46132.6, 8882.7
59.226, 46133.1, 8882.5
59.227, 46133.7, 8882.31
59.228, 46134.2, 8882.11
59.229, 46134.8, 8881.92
59.23, 46135.3, 8881.72
59.231, 46135.9, 8881.53
59.232, 46136.4, 8881.33
59.233, 46137, 8881.14
59.234, 46137.5, 8880.94
59.235, 46138.1, 8880.75
59.236, 46138.6, 8880.56
59.237, 46139.2, 8880.36
59.238, 46139.7, 8880.17
59.239, 46140.3, 8879.97
59.24, 46140.8, 8879.78
59.241, 46141.4, 8879.58
59.242, 46141.9, 8879.39
59.243, 46142.5, 8879.19
59.244, 46143, 8879
59.245, 46143.6, 8878.8
59.246, 46144.1, 8878.61
59.247, 46144.6, 8878.41
59.248, 46145.2, 8878.22
59.249, 46145.7, 8878.02
59.25, 46146.3, 8877.83
59.251, 46146.8, 8877.63
59.252, 46147.4, 8877.44
59.253, 46147.9, 8877.24
59.254, 46148.5, 8877.05
59.255, 46149, 8876.85
59.256, 46149.6, 8876.66
59.257, 46150.1, 8876.46
59.258, 46150.7, 8876.27
59.259, 46151.2, 8876.07
59.26, 46151.8, 8875.88
59.261, 46152.3, 8875.68
59.262, 46152.9, 8875.49
59.263, 46153.4, 8875.29
59.264, 46154, 8875.1
59.265, 46154.5, 8874.9
59.266, 46155.1, 8874.71
59.267, 46155.6, 8874.51
59.268, 46156.2, 8874.32
59.269, 46156.7, 8874.12
59.27, 46157.3, 8873.92
59.271, 46157.8, 8873.73
59.272, 46158.4, 8873.53
59.273, 46158.9, 8873.34
59.274, 46159.4, 8873.14
59.275, 46160, 8872.95
59.276, 46160.5, 8872.75
59.277, 46161.1, 8872.56
59.278, 46161.6, 8872.36
59.279, 46162.2, 8872.17
59.28, 46162.7, 8871.97
59.281, 46163.3, 8871.78
59.282, 46163.8, 8871.58
59.283, 46164.4, 8871.39
59.284, 46164.9, 8871.19
59.285, 46165.5, 8871
59.286, 46166, 8870.8
59.287, 46166.6, 8870.6
59.288, 46167.1, 8870.41
59.289, 46167.7, 8870.21
59.29, 46168.2, 8870.02
59.291, 46168.8, 8869.82
59.292, 46169.3, 8869.63
59.293, 46169.9, 8869.43
59.294, 46170.4, 8869.24
59.295, 46171, 8869.04
59.296, 46171.5, 8868.85
59.297, 46172, 8868.65
59.298, 46172.6, 8868.45
59.299, 46173.1, 8868.26
59.3, 46173.7, 8868.06
59.301, 46174.2, 8867.87
59.302, 46174.8, 8867.67
59.303, 46175.3, 8867.48
59.304, 46175.9, 8867.28
59.305, 46176.4, 8867.09
59.306, 46177, 8866.89
59.307, 46177.5, 8866.69
59.308, 46178.1, 8866.5
59.309, 46178.6, 8866.3
59.31, 46179.2, 8866.11
59.311, 46179.7, 8865.91
59.312, 46180.3, 8865.72
59.313, 46180.8, 8865.52
59.314, 46181.4, 8865.32
59.315, 46181.9, 8865.13
59.316, 46182.5, 8864.93
59.317, 46183, 8864.74
59.318, 46183.6, 8864.54
59.319, 46184.1, 8864.35
59.32, 46184.6, 8864.15
59.321, 46185.2, 8863.95
59.322, 46185.7, 8863.76
59.323, 46186.3, 8863.56
59.324, 46186.8, 8863.37
59.325, 46187.4, 8863.17
59.326, 46187.9, 8862.97
59.327, 46188.5, 8862.78
59.328, 46189, 8862.58
59.329, 46189.6, 8862.39
59.33, 46190.1, 8862.19
59.331, 46190.7, 8862
59.332, 46191.2, 8861.8
59.333, 46191.8, 8861.6
59.334, 46192.3, 8861.41
59.335, 46192.9, 8861.21
59.336, 46193.4, 8861.02
59.337, 46194, 8860.82
59.338, 46194.5, 8860.62
59.339, 46195.1, 8860.43
59.34, 46195.6, 8860.23
59.341, 46196.1, 8860.04
59.342, 46196.7, 8859.84
59.343, 46197.2, 8859.64
59.344, 46197.8, 8859.45
59.345, 46198.3, 8859.25
59.346, 46198.9, 8859.05
59.347, 46199.4, 8858.86
59.348, 46200, 8858.66
59.349, 46200.5, 8858.47
59.35, 46201.1, 8858.27
59.351, 46201.6, 8858.07
59.352, 46202.2, 8857.88
59.353, 46202.7, 8857.68
59.354, 46203.3, 8857.49
59.355, 46203.8, 8857.29
59.356, 46204.4, 8857.09
59.357, 46204.9, 8856.9
59.358, 46205.5, 8856.7
59.359, 46206, 8856.5
59.36, 46206.5, 8856.31
59.361, 46207.1, 8856.11
59.362, 46207.6, 8855.92
59.363, 46208.2, 8855.72
59.364, 46208.7, 8855.52
59.365, 46209.3, 8855.33
59.366, 46209.8, 8855.13
59.367, 46210.4, 8854.93
59.368, 46210.9, 8854.74
59.369, 46211.5, 8854.54
59.37, 46212, 8854.35
59.371, 46212.6, 8854.15
59.372, 46213.1, 8853.95
59.373, 46213.7, 8853.76
59.374, 46214.2, 8853.56
59.375, 46214.8, 8853.36
59.376, 46215.3, 8853.17
59.377, 46215.9, 8852.97
59.378, 46216.4, 8852.77
59.379, 46217, 8852.58
59.38, 46217.5, 8852.38
59.381, 46218, 8852.18
59.382, 46218.6, 8851.99
59.383, 46219.1, 8851.79
59.384, 46219.7, 8851.59
59.385, 46220.2, 8851.4
59.386, 46220.8, 8851.2
59.387, 46221.3, 8851
59.388, 46221.9, 8850.81
59.389, 46222.4, 8850.61
59.39, 46223, 8850.42
59.391, 46223.5, 8850.22
59.392, 46224.1, 8850.02
59.393, 46224.6, 8849.83
59.394, 46225.2, 8849.63
59.395, 46225.7, 8849.43
59.396, 46226.3, 8849.24
59.397, 46226.8, 8849.04
59.398, 46227.4, 8848.84
59.399, 46227.9, 8848.65
59.4, 46228.4, 8848.45
59.401, 46229, 8848.25
59.402, 46229.5, 8848.05
59.403, 46230.1, 8847.86
59.404, 46230.6, 8847.66
59.405, 46231.2, 8847.46
59.406, 46231.7, 8847.27
59.407, 46232.3, 8847.07
59.408, 46232.8, 8846.87
59.409, 46233.4, 8846.68
59.41, 46233.9, 8846.48
59.411, 46234.5, 8846.28
59.412, 46235, 8846.09
59.413, 46235.6, 8845.89
59.414, 46236.1, 8845.69
59.415, 46236.7, 8845.5
59.416, 46237.2, 8845.3
59.417, 46237.7, 8845.1
59.418, 46238.3, 8844.91
59.419, 46238.8, 8844.71
59.42, 46239.4, 8844.51
59.421, 46239.9, 8844.31
59.422, 46240.5, 8844.12
59.423, 46241, 8843.92
59.424, 46241.6, 8843.72
59.425, 46242.1, 8843.53
59.426, 46242.7, 8843.33
59.427, 46243.2, 8843.13
59.428, 46243.8, 8842.94
59.429, 46244.3, 8842.74
59.43, 46244.9, 8842.54
59.431, 46245.4, 8842.34
59.432, 46246, 8842.15
59.433, 46246.5, 8841.95
59.434, 46247, 8841.75
59.435, 46247.6, 8841.56
59.436, 46248.1, 8841.36
59.437, 46248.7, 8841.16
59.438, 46249.2, 8840.96
59.439, 46249.8, 8840.77
59.44, 46250.3, 8840.57
59.441, 46250.9, 8840.37
59.442, 46251.4, 8840.18
59.443, 46252, 8839.98
59.444, 46252.5, 8839.78
59.445, 46253.1, 8839.58
59.446, 46253.6, 8839.39
59.447, 46254.2, 8839.19
59.448, 46254.7, 8838.99
59.449, 46255.3, 8838.79
59.45, 46255.8, 8838.6
59.451, 46256.3, 8838.4
59.452, 46256.9, 8838.2
59.453, 46257.4, 8838.01
59.454, 46258, 8837.81
59.455, 46258.5, 8837.61
59.456, 46259.1, 8837.41
59.457, 46259.6, 8837.22
59.458, 46260.2, 8837.02
59.459, 46260.7, 8836.82
59.46, 46261.3, 8836.62
59.461, 46261.8, 8836.43
59.462, 46262.4, 8836.23
59.463, 46262.9, 8836.03
59.464, 46263.5, 8835.83
59.465, 46264, 8835.64
59.466, 46264.6, 8835.44
59.467, 46265.1, 8835.24
59.468, 46265.6, 8835.04
59.469, 46266.2, 8834.85
59.47, 46266.7, 8834.65
59.471, 46267.3, 8834.45
59.472, 46267.8, 8834.25
59.473, 46268.4, 8834.06
59.474, 46268.9, 8833.86
59.475, 46269.5, 8833.66
59.476, 46270, 8833.46
59.477, 46270.6, 8833.27
59.478, 46271.1, 8833.07
59.479, 46271.7, 8832.87
59.48, 46272.2, 8832.67
59.481, 46272.8, 8832.47
59.482, 46273.3, 8832.28
59.483, 46273.9, 8832.08
59.484, 46274.4, 8831.88
59.485, 46274.9, 8831.68
59.486, 46275.5, 8831.49
59.487, 46276, 8831.29
59.488, 46276.6, 8831.09
59.489, 46277.1, 8830.89
59.49, 46277.7, 8830.7
59.491, 46278.2, 8830.5
59.492, 46278.8, 8830.3
59.493, 46279.3, 8830.1
59.494, 46279.9, 8829.9
59.495, 46280.4, 8829.71
59.496, 46281, 8829.51
59.497, 46281.5, 8829.31
59.498, 46282.1, 8829.11
59.499, 46282.6, 8828.91
59.5, 46283.1, 8828.72
59.501, 46283.7, 8828.52
59.502, 46284.2, 8828.32
59.503, 46284.8, 8828.12
59.504, 46285.3, 8827.93
59.505, 46285.9, 8827.73
59.506, 46286.4, 8827.53
59.507, 46287, 8827.33
59.508, 46287.5, 8827.13
59.509, 46288.1, 8826.94
59.51, 46288.6, 8826.74
59.511, 46289.2, 8826.54
59.512, 46289.7, 8826.34
59.513, 46290.3, 8826.14
59.514, 46290.8, 8825.95
59.515, 46291.3, 8825.75
59.516, 46291.9, 8825.55
59.517, 46292.4, 8825.35
59.518, 46293, 8825.15
59.519, 46293.5, 8824.95
59.52, 46294.1, 8824.76
59.521, 46294.6, 8824.56
59.522, 46295.2, 8824.36
59.523, 46295.7, 8824.16
59.524, 46296.3, 8823.96
59.525, 46296.8, 8823.77
59.526, 46297.4, 8823.57
59.527, 46297.9, 8823.37
59.528, 46298.5, 8823.17
59.529, 46299, 8822.97
59.53, 46299.5, 8822.77
59.531, 46300.1, 8822.58
59.532, 46300.6, 8822.38
59.533, 46301.2, 8822.18
59.534, 46301.7, 8821.98
59.535, 46302.3, 8821.78
59.536, 46302.8, 8821.58
59.537, 46303.4, 8821.39
59.538, 46303.9, 8821.19
59.539, 46304.5, 8820.99
59.54, 46305, 8820.79
59.541, 46305.6, 8820.59
59.542, 46306.1, 8820.39
59.543, 46306.7, 8820.2
59.544, 46307.2, 8820
59.545, 46307.7, 8819.8
59.546, 46308.3, 8819.6
59.547, 46308.8, 8819.4
59.548, 46309.4, 8819.2
59.549, 46309.9, 8819.01
59.55, 46310.5, 8818.81
59.551, 46311, 8818.61
59.552, 46311.6, 8818.41
59.553, 46312.1, 8818.21
59.554, 46312.7, 8818.01
59.555, 46313.2, 8817.81
59.556, 46313.8, 8817.62
59.557, 46314.3, 8817.42
59.558, 46314.9, 8817.22
59.559, 46315.4, 8817.02
59.56, 46315.9, 8816.82
59.561, 46316.5, 8816.62
59.562, 46317, 8816.42
59.563, 46317.6, 8816.23
59.564, 46318.1, 8816.03
59.565, 46318.7, 8815.83
59.566, 46319.2, 8815.63
59.567, 46319.8, 8815.43
59.568, 46320.3, 8815.23
59.569, 46320.9, 8815.03
59.57, 46321.4, 8814.84
59.571, 46322, 8814.64
59.572, 46322.5, 8814.44
59.573, 46323, 8814.24
59.574, 46323.6, 8814.04
59.575, 46324.1, 8813.84
59.576, 46324.7, 8813.64
59.577, 46325.2, 8813.44
59.578, 46325.8, 8813.24
59.579, 46326.3, 8813.05
59.58, 46326.9, 8812.85
59.581, 46327.4, 8812.65
59.582, 46328, 8812.45
59.583, 46328.5, 8812.25
59.584, 46329.1, 8812.05
59.585, 46329.6, 8811.85
59.586, 46330.1, 8811.65
59.587, 46330.7, 8811.46
59.588, 46331.2, 8811.26
59.589, 46331.8, 8811.06
59.59, 46332.3, 8810.86
59.591, 46332.9, 8810.66
59.592, 46333.4, 8810.46
59.593, 46334, 8810.26
59.594, 46334.5, 8810.06
59.595, 46335.1, 8809.86
59.596, 46335.6, 8809.66
59.597, 46336.2, 8809.47
59.598, 46336.7, 8809.27
59.599, 46337.3, 8809.07
59.6, 46337.8, 8808.87
59.601, 46338.3, 8808.67
59.602, 46338.9, 8808.47
59.603, 46339.4, 8808.27
59.604, 46340, 8808.07
59.605, 46340.5, 8807.87
59.606, 46341.1, 8807.67
59.607, 46341.6, 8807.47
59.608, 46342.2, 8807.28
59.609, 46342.7, 8807.08
59.61, 46343.3, 8806.88
59.611, 46343.8, 8806.68
59.612, 46344.4, 8806.48
59.613, 46344.9, 8806.28
59.614, 46345.4, 8806.08
59.615, 46346, 8805.88
59.616, 46346.5, 8805.68
59.617, 46347.1, 8805.48
59.618, 46347.6, 8805.28
59.619, 46348.2, 8805.08
59.62, 46348.7, 8804.88
59.621, 46349.3, 8804.69
59.622, 46349.8, 8804.49
59.623, 46350.4, 8804.29
59.624, 46350.9, 8804.09
59.625, 46351.5, 8803.89
59.626, 46352, 8803.69
59.627, 46352.5, 8803.49
59.628, 46353.1, 8803.29
59.629, 46353.6, 8803.09
59.63, 46354.2, 8802.89
59.631, 46354.7, 8802.69
59.632, 46355.3, 8802.49
59.633, 46355.8, 8802.29
59.634, 46356.4, 8802.09
59.635, 46356.9, 8801.89
59.636, 46357.5, 8801.69
59.637, 46358, 8801.49
59.638, 46358.5, 8801.3
59.639, 46359.1, 8801.1
59.64, 46359.6, 8800.9
59.641, 46360.2, 8800.7
59.642, 46360.7, 8800.5
59.643, 46361.3, 8800.3
59.644, 46361.8, 8800.1
59.645, 46362.4, 8799.9
59.646, 46362.9, 8799.7
59.647, 46363.5, 8799.5
59.648, 46364, 8799.3
59.649, 46364.6, 8799.1
59.65, 46365.1, 8798.9
59.651, 46365.6, 8798.7
59.652, 46366.2, 8798.5
59.653, 46366.7, 8798.3
59.654, 46367.3, 8798.1
59.655, 46367.8, 8797.9
59.656, 46368.4, 8797.7
59.657, 46368.9, 8797.5
59.658, 46369.5, 8797.3
59.659, 46370, 8797.1
59.66, 46370.6, 8796.9
59.661, 46371.1, 8796.7
59.662, 46371.7, 8796.5
59.663, 46372.2, 8796.3
59.664, 46372.7, 8796.1
59.665, 46373.3, 8795.9
59.666, 46373.8, 8795.7
59.667, 46374.4, 8795.5
59.668, 46374.9, 8795.3
59.669, 46375.5, 8795.1
59.67, 46376, 8794.9
59.671, 46376.6, 8794.7
59.672, 46377.1, 8794.5
59.673, 46377.7, 8794.3
59.674, 46378.2, 8794.1
59.675, 46378.7, 8793.9
59.676, 46379.3, 8793.7
59.677, 46379.8, 8793.51
59.678, 46380.4, 8793.31
59.679, 46380.9, 8793.11
59.68, 46381.5, 8792.91
59.681, 46382, 8792.71
59.682, 46382.6, 8792.5
59.683, 46383.1, 8792.3
59.684, 46383.7, 8792.1
59.685, 46384.2, 8791.9
59.686, 46384.8, 8791.7
59.687, 46385.3, 8791.5
59.688, 46385.8, 8791.3
59.689, 46386.4, 8791.1
59.69, 46386.9, 8790.9
59.691, 46387.5, 8790.7
59.692, 46388, 8790.5
59.693, 46388.6, 8790.3
59.694, 46389.1, 8790.1
59.695, 46389.7, 8789.9
59.696, 46390.2, 8789.7
59.697, 46390.8, 8789.5
59.698, 46391.3, 8789.3
59.699, 46391.8, 8789.1
59.7, 46392.4, 8788.9
59.701, 46392.9, 8788.7
59.702, 46393.5, 8788.5
59.703, 46394, 8788.3
59.704, 46394.6, 8788.1
59.705, 46395.1, 8787.9
59.706, 46395.7, 8787.7
59.707, 46396.2, 8787.5
59.708, 46396.8, 8787.3
59.709, 46397.3, 8787.1
59.71, 46397.9, 8786.9
59.711, 46398.4, 8786.7
59.712, 46398.9, 8786.5
59.713, 46399.5, 8786.3
59.714, 46400, 8786.1
59.715, 46400.6, 8785.9
59.716, 46401.1, 8785.7
59.717, 46401.7, 8785.5
59.718, 46402.2, 8785.3
59.719, 46402.8, 8785.1
59.72, 46403.3, 8784.9
59.721, 46403.9, 8784.69
59.722, 46404.4, 8784.49
59.723, 46404.9, 8784.29
59.724, 46405.5, 8784.09
59.725, 46406, 8783.89
59.726, 46406.6, 8783.69
59.727, 46407.1, 8783.49
59.728, 46407.7, 8783.29
59.729, 46408.2, 8783.09
59.73, 46408.8, 8782.89
59.731, 46409.3, 8782.69
59.732, 46409.9, 8782.49
59.733, 46410.4, 8782.29
59.734, 46410.9, 8782.09
59.735, 46411.5, 8781.89
59.736, 46412, 8781.69
59.737, 46412.6, 8781.49
59.738, 46413.1, 8781.28
59.739, 46413.7, 8781.08
59.74, 46414.2, 8780.88
59.741, 46414.8, 8780.68
59.742, 46415.3, 8780.48
59.743, 46415.9, 8780.28
59.744, 46416.4, 8780.08
59.745, 46416.9, 8779.88
59.746, 46417.5, 8779.68
59.747, 46418, 8779.48
59.748, 46418.6, 8779.28
59.749, 46419.1, 8779.08
59.75, 46419.7, 8778.88
59.751, 46420.2, 8778.67
59.752, 46420.8, 8778.47
59.753, 46421.3, 8778.27
59.754, 46421.9, 8778.07
59.755, 46422.4, 8777.87
59.756, 46422.9, 8777.67
59.757, 46423.5, 8777.47
59.758, 46424, 8777.27
59.759, 46424.6, 8777.07
59.76, 46425.1, 8776.87
59.761, 46425.7, 8776.67
59.762, 46426.2, 8776.46
59.763, 46426.8, 8776.26
59.764, 46427.3, 8776.06
59.765, 46427.9, 8775.86
59.766, 46428.4, 8775.66
59.767, 46428.9, 8775.46
59.768, 46429.5, 8775.26
59.769, 46430, 8775.06
59.77, 46430.6, 8774.86
59.771, 46431.1, 8774.66
59.772, 46431.7, 8774.45
59.773, 46432.2, 8774.25
59.774, 46432.8, 8774.05
59.775, 46433.3, 8773.85
59.776, 46433.9, 8773.65
59.777, 46434.4, 8773.45
59.778, 46434.9, 8773.25
59.779, 46435.5, 8773.05
59.78, 46436, 8772.85
59.781, 46436.6, 8772.64
59.782, 46437.1, 8772.44
59.783, 46437.7, 8772.24
59.784, 46438.2, 8772.04
59.785, 46438.8, 8771.84
59.786, 46439.3, 8771.64
59.787, 46439.9, 8771.44
59.788, 46440.4, 8771.24
59.789, 46440.9, 8771.03
59.79, 46441.5, 8770.83
59.791, 46442, 8770.63
59.792, 46442.6, 8770.43
59.793, 46443.1, 8770.23
59.794, 46443.7, 8770.03
59.795, 46444.2, 8769.83
59.796, 46444.8, 8769.63
59.797, 46445.3, 8769.42
59.798, 46445.8, 8769.22
59.799, 46446.4, 8769.02
59.8, 46446.9, 8768.82
59.801, 46447.5, 8768.62
59.802, 46448, 8768.42
59.803, 46448.6, 8768.22
59.804, 46449.1, 8768.01
59.805, 46449.7, 8767.81
59.806, 46450.2, 8767.61
59.807, 46450.8, 8767.41
59.808, 46451.3, 8767.21
59.809, 46451.8, 8767.01
59.81, 46452.4, 8766.8
59.811, 46452.9, 8766.6
59.812, 46453.5, 8766.4
59.813, 46454, 8766.2
59.814, 46454.6, 8766
59.815, 46455.1, 8765.8
59.816, 46455.7, 8765.6
59.817, 46456.2, 8765.39
59.818, 46456.8, 8765.19
59.819, 46457.3, 8764.99
59.82, 46457.8, 8764.79
59.821, 46458.4, 8764.59
59.822, 46458.9, 8764.39
59.823, 46459.5, 8764.18
59.824, 46460, 8763.98
59.825, 46460.6, 8763.78
59.826, 46461.1, 8763.58
59.827, 46461.7, 8763.38
59.828, 46462.2, 8763.18
59.829, 46462.7, 8762.97
59.83, 46463.3, 8762.77
59.831, 46463.8, 8762.57
59.832, 46464.4, 8762.37
59.833, 46464.9, 8762.17
59.834, 46465.5, 8761.96
59.835, 46466, 8761.76
59.836, 46466.6, 8761.56
59.837, 46467.1, 8761.36
59.838, 46467.7, 8761.16
59.839, 46468.2, 8760.96
59.84, 46468.7, 8760.75
59.841, 46469.3, 8760.55
59.842, 46469.8, 8760.35
59.843, 46470.4, 8760.15
59.844, 46470.9, 8759.95
59.845, 46471.5, 8759.74
59.846, 46472, 8759.54
59.847, 46472.6, 8759.34
59.848, 46473.1, 8759.14
59.849, 46473.6, 8758.94
59.85, 46474.2, 8758.73
59.851, 46474.7, 8758.53
59.852, 46475.3, 8758.33
59.853, 46475.8, 8758.13
59.854, 46476.4, 8757.93
59.855, 46476.9, 8757.72
59.856, 46477.5, 8757.52
59.857, 46478, 8757.32
59.858, 46478.6, 8757.12
59.859, 46479.1, 8756.92
59.86, 46479.6, 8756.71
59.861, 46480.2, 8756.51
59.862, 46480.7, 8756.31
59.863, 46481.3, 8756.11
59.864, 46481.8, 8755.9
59.865, 46482.4, 8755.7
59.866, 46482.9, 8755.5
59.867, 46483.5, 8755.3
59.868, 46484, 8755.1
59.869, 46484.5, 8754.89
59.87, 46485.1, 8754.69
59.871, 46485.6, 8754.49
59.872, 46486.2, 8754.29
59.873, 46486.7, 8754.08
59.874, 46487.3, 8753.88
59.875, 46487.8, 8753.68
59.876, 46488.4, 8753.48
59.877, 46488.9, 8753.28
59.878, 46489.4, 8753.07
59.879, 46490, 8752.87
59.88, 46490.5, 8752.67
59.881, 46491.1, 8752.47
59.882, 46491.6, 8752.26
59.883, 46492.2, 8752.06
59.884, 46492.7, 8751.86
59.885, 46493.3, 8751.66
59.886, 46493.8, 8751.45
59.887, 46494.4, 8751.25
59.888, 46494.9, 8751.05
59.889, 46495.4, 8750.85
59.89, 46496, 8750.64
59.891, 46496.5, 8750.44
59.892, 46497.1, 8750.24
59.893, 46497.6, 8750.04
59.894, 46498.2, 8749.83
59.895, 46498.7, 8749.63
59.896, 46499.3, 8749.43
59.897, 46499.8, 8749.23
59.898, 46500.3, 8749.02
59.899, 46500.9, 8748.82
59.9, 46501.4, 8748.62
59.901, 46502, 8748.42
59.902, 46502.5, 8748.21
59.903, 46503.1, 8748.01
59.904, 46503.6, 8747.81
59.905, 46504.2, 8747.61
59.906, 46504.7, 8747.4
59.907, 46505.2, 8747.2
59.908, 46505.8, 8747
59.909, 46506.3, 8746.8
59.91, 46506.9, 8746.59
59.911, 46507.4, 8746.39
59.912, 46508, 8746.19
59.913, 46508.5, 8745.98
59.914, 46509.1, 8745.78
59.915, 46509.6, 8745.58
59.916, 46510.1, 8745.38
59.917, 46510.7, 8745.17
59.918, 46511.2, 8744.97
59.919, 46511.8, 8744.77
59.92, 46512.3, 8744.56
59.921, 46512.9, 8744.36
59.922, 46513.4, 8744.16
59.923, 46514, 8743.96
59.924, 46514.5, 8743.75
59.925, 46515, 8743.55
59.926, 46515.6, 8743.35
59.927, 46516.1, 8743.14
59.928, 46516.7, 8742.94
59.929, 46517.2, 8742.74
59.93, 46517.8, 8742.54
59.931, 46518.3, 8742.33
59.932, 46518.9, 8742.13
59.933, 46519.4, 8741.93
59.934, 46519.9, 8741.72
59.935, 46520.5, 8741.52
59.936, 46521, 8741.32
59.937, 46521.6, 8741.11
59.938, 46522.1, 8740.91
59.939, 46522.7, 8740.71
59.94, 46523.2, 8740.51
59.941, 46523.8, 8740.3
59.942, 46524.3, 8740.1
59.943, 46524.8, 8739.9
59.944, 46525.4, 8739.69
59.945, 46525.9, 8739.49
59.946, 46526.5, 8739.29
59.947, 46527, 8739.08
59.948, 46527.6, 8738.88
59.949, 46528.1, 8738.68
59.95, 46528.7, 8738.47
59.951, 46529.2, 8738.27
59.952, 46529.7, 8738.07
59.953, 46530.3, 8737.86
59.954, 46530.8, 8737.66
59.955, 46531.4, 8737.46
59.956, 46531.9, 8737.26
59.957, 46532.5, 8737.05
59.958, 46533, 8736.85
59.959, 46533.6, 8736.65
59.96, 46534.1, 8736.44
59.961, 46534.6, 8736.24
59.962, 46535.2, 8736.04
59.963, 46535.7, 8735.83
59.964, 46536.3, 8735.63
59.965, 46536.8, 8735.43
59.966, 46537.4, 8735.22
59.967, 46537.9, 8735.02
59.968, 46538.5, 8734.82
59.969, 46539, 8734.61
59.97, 46539.5, 8734.41
59.971, 46540.1, 8734.21
59.972, 46540.6, 8734
59.973, 46541.2, 8733.8
59.974, 46541.7, 8733.59
59.975, 46542.3, 8733.39
59.976, 46542.8, 8733.19
59.977, 46543.4, 8732.98
59.978, 46543.9, 8732.78
59.979, 46544.4, 8732.58
59.98, 46545, 8732.37
59.981, 46545.5, 8732.17
59.982, 46546.1, 8731.97
59.983, 46546.6, 8731.76
59.984, 46547.2, 8731.56
59.985, 46547.7, 8731.36
59.986, 46548.3, 8731.15
59.987, 46548.8, 8730.95
59.988, 46549.3, 8730.75
59.989, 46549.9, 8730.54
59.99, 46550.4, 8730.34
59.991, 46551, 8730.13
59.992, 46551.5, 8729.93
59.993, 46552.1, 8729.73
59.994, 46552.6, 8729.52
59.995, 46553.2, 8729.32
59.996, 46553.7, 8729.12
59.997, 46554.2, 8728.91
59.998, 46554.8, 8728.71
59.999, 46555.3, 8728.5
60, 46555.9, 8728.3
60.001, 46556.4, 8728.1
60.002, 46557, 8727.89
60.003, 46557.5, 8727.69
60.004, 46558, 8727.49
60.005, 46558.6, 8727.28
60.006, 46559.1, 8727.08
60.007, 46559.7, 8726.87
60.008, 46560.2, 8726.67
60.009, 46560.8, 8726.47
60.01, 46561.3, 8726.26
60.011, 46561.9, 8726.06
60.012, 46562.4, 8725.85
60.013, 46562.9, 8725.65
60.014, 46563.5, 8725.45
60.015, 46564, 8725.24
60.016, 46564.6, 8725.04
60.017, 46565.1, 8724.83
60.018, 46565.7, 8724.63
60.019, 46566.2, 8724.43
60.02, 46566.8, 8724.22
60.021, 46567.3, 8724.02
60.022, 46567.8, 8723.81
60.023, 46568.4, 8723.61
60.024, 46568.9, 8723.41
60.025, 46569.5, 8723.2
60.026, 46570, 8723
60.027, 46570.6, 8722.79
60.028, 46571.1, 8722.59
60.029, 46571.6, 8722.39
60.03, 46572.2, 8722.18
60.031, 46572.7, 8721.98
60.032, 46573.3, 8721.77
60.033, 46573.8, 8721.57
60.034, 46574.4, 8721.37
60.035, 46574.9, 8721.16
60.036, 46575.5, 8720.96
60.037, 46576, 8720.75
60.038, 46576.5, 8720.55
60.039, 46577.1, 8720.34
60.04, 46577.6, 8720.14
60.041, 46578.2, 8719.94
60.042, 46578.7, 8719.73
60.043, 46579.3, 8719.53
60.044, 46579.8, 8719.32
60.045, 46580.4, 8719.12
60.046, 46580.9, 8718.91
60.047, 46581.4, 8718.71
60.048, 46582, 8718.51
60.049, 46582.5, 8718.3
60.05, 46583.1, 8718.1
60.051, 46583.6, 8717.89
60.052, 46584.2, 8717.69
60.053, 46584.7, 8717.48
60.054, 46585.2, 8717.28
60.055, 46585.8, 8717.08
60.056, 46586.3, 8716.87
60.057, 46586.9, 8716.67
60.058, 46587.4, 8716.46
60.059, 46588, 8716.26
60.06, 46588.5, 8716.05
60.061, 46589.1, 8715.85
60.062, 46589.6, 8715.64
60.063, 46590.1, 8715.44
60.064, 46590.7, 8715.24
60.065, 46591.2, 8715.03
60.066, 46591.8, 8714.83
60.067, 46592.3, 8714.62
60.068, 46592.9, 8714.42
60.069, 46593.4, 8714.21
60.07, 46593.9, 8714.01
60.071, 46594.5, 8713.8
60.072, 46595, 8713.6
60.073, 46595.6, 8713.39
60.074, 46596.1, 8713.19
60.075, 46596.7, 8712.98
60.076, 46597.2, 8712.78
60.077, 46597.8, 8712.58
60.078, 46598.3, 8712.37
60.079, 46598.8, 8712.17
60.08, 46599.4, 8711.96
60.081, 46599.9, 8711.76
60.082, 46600.5, 8711.55
60.083, 46601, 8711.35
60.084, 46601.6, 8711.14
60.085, 46602.1, 8710.94
60.086, 46602.6, 8710.73
60.087, 46603.2, 8710.53
60.088, 46603.7, 8710.32
60.089, 46604.3, 8710.12
60.09, 46604.8, 8709.91
60.091, 46605.4, 8709.71
60.092, 46605.9, 8709.5
60.093, 46606.5, 8709.3
60.094, 46607, 8709.09
60.095, 46607.5, 8708.89
60.096, 46608.1, 8708.68
60.097, 46608.6, 8708.48
60.098, 46609.2, 8708.27
60.099, 46609.7, 8708.07
60.1, 46610.3, 8707.86
60.101, 46610.8, 8707.66
60.102, 46611.3, 8707.45
60.103, 46611.9, 8707.25
60.104, 46612.4, 8707.04
60.105, 46613, 8706.84
60.106, 46613.5, 8706.63
60.107, 46614.1, 8706.43
60.108, 46614.6, 8706.22
60.109, 46615.2, 8706.02
60.11, 46615.7, 8705.81
60.111, 46616.2, 8705.61
60.112, 46616.8, 8705.4
60.113, 46617.3, 8705.2
60.114, 46617.9, 8704.99
60.115, 46618.4, 8704.79
60.116, 46619, 8704.58
60.117, 46619.5, 8704.38
60.118, 46620, 8704.17
60.119, 46620.6, 8703.97
60.12, 46621.1, 8703.76
60.121, 46621.7, 8703.56
60.122, 46622.2, 8703.35
60.123, 46622.8, 8703.15
60.124, 46623.3, 8702.94
60.125, 46623.8, 8702.74
60.126, 46624.4, 8702.53
60.127, 46624.9, 8702.33
60.128, 46625.5, 8702.12
60.129, 46626, 8701.92
60.13, 46626.6, 8701.71
60.131, 46627.1, 8701.51
60.132, 46627.7, 8701.3
60.133, 46628.2, 8701.1
60.134, 46628.7, 8700.89
60.135, 46629.3, 8700.68
60.136, 46629.8, 8700.48
60.137, 46630.4, 8700.27
60.138, 46630.9, 8700.07
60.139, 46631.5, 8699.86
60.14, 46632, 8699.66
60.141, 46632.5, 8699.45
60.142, 46633.1, 8699.25
60.143, 46633.6, 8699.04
60.144, 46634.2, 8698.84
60.145, 46634.7, 8698.63
60.146, 46635.3, 8698.42
60.147, 46635.8, 8698.22
60.148, 46636.3, 8698.01
60.149, 46636.9, 8697.81
60.15, 46637.4, 8697.6
60.151, 46638, 8697.4
60.152, 46638.5, 8697.19
60.153, 46639.1, 8696.99
60.154, 46639.6, 8696.78
60.155, 46640.1, 8696.57
60.156, 46640.7, 8696.37
60.157, 46641.2, 8696.16
60.158, 46641.8, 8695.96
60.159, 46642.3, 8695.75
60.16, 46642.9, 8695.55
60.161, 46643.4, 8695.34
60.162, 46644, 8695.14
60.163, 46644.5, 8694.93
60.164, 46645, 8694.72
60.165, 46645.6, 8694.52
60.166, 46646.1, 8694.31
60.167, 46646.7, 8694.11
60.168, 46647.2, 8693.9
60.169, 46647.8, 8693.7
60.17, 46648.3, 8693.49
60.171, 46648.8, 8693.28
60.172, 46649.4, 8693.08
60.173, 46649.9, 8692.87
60.174, 46650.5, 8692.67
60.175, 46651, 8692.46
60.176, 46651.6, 8692.25
60.177, 46652.1, 8692.05
60.178, 46652.6, 8691.84
60.179, 46653.2, 8691.64
60.18, 46653.7, 8691.43
60.181, 46654.3, 8691.23
60.182, 46654.8, 8691.02
60.183, 46655.4, 8690.81
60.184, 46655.9, 8690.61
60.185, 46656.4, 8690.4
60.186, 46657, 8690.2
60.187, 46657.5, 8689.99
60.188, 46658.1, 8689.78
60.189, 46658.6, 8689.58
60.19, 46659.2, 8689.37
60.191, 46659.7, 8689.17
60.192, 46660.2, 8688.96
60.193, 46660.8, 8688.75
60.194, 46661.3, 8688.55
60.195, 46661.9, 8688.34
60.196, 46662.4, 8688.14
60.197, 46663, 8687.93
60.198, 46663.5, 8687.72
60.199, 46664, 8687.52
60.2, 46664.6, 8687.31
60.201, 46665.1, 8687.1
60.202, 46665.7, 8686.9
60.203, 46666.2, 8686.69
60.204, 46666.8, 8686.49
60.205, 46667.3, 8686.28
60.206, 46667.9, 8686.07
60.207, 46668.4, 8685.87
60.208, 46668.9, 8685.66
60.209, 46669.5, 8685.46
60.21, 46670, 8685.25
60.211, 46670.6, 8685.04
60.212, 46671.1, 8684.84
60.213, 46671.7, 8684.63
60.214, 46672.2, 8684.42
60.215, 46672.7, 8684.22
60.216, 46673.3, 8684.01
60.217, 46673.8, 8683.81
60.218, 46674.4, 8683.6
60.219, 46674.9, 8683.39
60.22, 46675.5, 8683.19
60.221, 46676, 8682.98
60.222, 46676.5, 8682.77
60.223, 46677.1, 8682.57
60.224, 46677.6, 8682.36
60.225, 46678.2, 8682.15
60.226, 46678.7, 8681.95
60.227, 46679.3, 8681.74
60.228, 46679.8, 8681.53
60.229, 46680.3, 8681.33
60.23, 46680.9, 8681.12
60.231, 46681.4, 8680.92
60.232, 46682, 8680.71
60.233, 46682.5, 8680.5
60.234, 46683.1, 8680.3
60.235, 46683.6, 8680.09
60.236, 46684.1, 8679.88
60.237, 46684.7, 8679.68
60.238, 46685.2, 8679.47
60.239, 46685.8, 8679.26
60.24, 46686.3, 8679.06
60.241, 46686.9, 8678.85
60.242, 46687.4, 8678.64
60.243, 46687.9, 8678.44
60.244, 46688.5, 8678.23
60.245, 46689, 8678.02
60.246, 46689.6, 8677.82
60.247, 46690.1, 8677.61
60.248, 46690.7, 8677.4
60.249, 46691.2, 8677.2
60.25, 46691.7, 8676.99
60.251, 46692.3, 8676.78
60.252, 46692.8, 8676.58
60.253, 46693.4, 8676.37
60.254, 46693.9, 8676.16
60.255, 46694.5, 8675.96
60.256, 46695, 8675.75
60.257, 46695.5, 8675.54
60.258, 46696.1, 8675.34
60.259, 46696.6, 8675.13
60.26, 46697.2, 8674.92
60.261, 46697.7, 8674.72
60.262, 46698.3, 8674.51
60.263, 46698.8, 8674.3
60.264, 46699.3, 8674.09
60.265, 46699.9, 8673.89
60.266, 46700.4, 8673.68
60.267, 46701, 8673.47
60.268, 46701.5, 8673.27
60.269, 46702.1, 8673.06
60.27, 46702.6, 8672.85
60.271, 46703.1, 8672.65
60.272, 46703.7, 8672.44
60.273, 46704.2, 8672.23
60.274, 46704.8, 8672.03
60.275, 46705.3, 8671.82
60.276, 46705.9, 8671.61
60.277, 46706.4, 8671.4
60.278, 46706.9, 8671.2
60.279, 46707.5, 8670.99
60.28, 46708, 8670.78
60.281, 46708.6, 8670.58
60.282, 46709.1, 8670.37
60.283, 46709.6, 8670.16
60.284, 46710.2, 8669.95
60.285, 46710.7, 8669.75
60.286, 46711.3, 8669.54
60.287, 46711.8, 8669.33
60.288, 46712.4, 8669.13
60.289, 46712.9, 8668.92
60.29, 46713.4, 8668.71
60.291, 46714, 8668.5
60.292, 46714.5, 8668.3
60.293, 46715.1, 8668.09
60.294, 46715.6, 8667.88
60.295, 46716.2, 8667.68
60.296, 46716.7, 8667.47
60.297, 46717.2, 8667.26
60.298, 46717.8, 8667.05
60.299, 46718.3, 8666.85
60.3, 46718.9, 8666.64
60.301, 46719.4, 8666.43
60.302, 46720, 8666.22
60.303, 46720.5, 8666.02
60.304, 46721, 8665.81
60.305, 46721.6, 8665.6
60.306, 46722.1, 8665.39
60.307, 46722.7, 8665.19
60.308, 46723.2, 8664.98
60.309, 46723.8, 8664.77
60.31, 46724.3, 8664.57
60.311, 46724.8, 8664.36
60.312, 46725.4, 8664.15
60.313, 46725.9, 8663.94
60.314, 46726.5, 8663.74
60.315, 46727, 8663.53
60.316, 46727.6, 8663.32
60.317, 46728.1, 8663.11
60.318, 46728.6, 8662.91
60.319, 46729.2, 8662.7
60.32, 46729.7, 8662.49
60.321, 46730.3, 8662.28
60.322, 46730.8, 8662.08
60.323, 46731.4, 8661.87
60.324, 46731.9, 8661.66
60.325, 46732.4, 8661.45
60.326, 46733, 8661.24
60.327, 46733.5, 8661.04
60.328, 46734.1, 8660.83
60.329, 46734.6, 8660.62
60.33, 46735.1, 8660.41
60.331, 46735.7, 8660.21
60.332, 46736.2, 8660
60.333, 46736.8, 8659.79
60.334, 46737.3, 8659.58
60.335, 46737.9, 8659.38
60.336, 46738.4, 8659.17
60.337, 46738.9, 8658.96
60.338, 46739.5, 8658.75
60.339, 46740, 8658.54
60.34, 46740.6, 8658.34
60.341, 46741.1, 8658.13
60.342, 46741.7, 8657.92
60.343, 46742.2, 8657.71
60.344, 46742.7, 8657.51
60.345, 46743.3, 8657.3
60.346, 46743.8, 8657.09
60.347, 46744.4, 8656.88
60.348, 46744.9, 8656.67
60.349, 46745.5, 8656.47
60.35, 46746, 8656.26
60.351, 46746.5, 8656.05
60.352, 46747.1, 8655.84
60.353, 46747.6, 8655.63
60.354, 46748.2, 8655.43
60.355, 46748.7, 8655.22
60.356, 46749.2, 8655.01
60.357, 46749.8, 8654.8
60.358, 46750.3, 8654.6
60.359, 46750.9, 8654.39
60.36, 46751.4, 8654.18
60.361, 46752, 8653.97
60.362, 46752.5, 8653.76
60.363, 46753, 8653.55
60.364, 46753.6, 8653.35
60.365, 46754.1, 8653.14
60.366, 46754.7, 8652.93
60.367, 46755.2, 8652.72
60.368, 46755.8, 8652.51
60.369, 46756.3, 8652.31
60.37, 46756.8, 8652.1
60.371, 46757.4, 8651.89
60.372, 46757.9, 8651.68
60.373, 46758.5, 8651.47
60.374, 46759, 8651.27
60.375, 46759.6, 8651.06
60.376, 46760.1, 8650.85
60.377, 46760.6, 8650.64
60.378, 46761.2, 8650.43
60.379, 46761.7, 8650.22
60.38, 46762.3, 8650.02
60.381, 46762.8, 8649.81
60.382, 46763.3, 8649.6
60.383, 46763.9, 8649.39
60.384, 46764.4, 8649.18
60.385, 46765, 8648.97
60.386, 46765.5, 8648.77
60.387, 46766.1, 8648.56
60.388, 46766.6, 8648.35
60.389, 46767.1, 8648.14
60.39, 46767.7, 8647.93
60.391, 46768.2, 8647.72
60.392, 46768.8, 8647.52
60.393, 46769.3, 8647.31
60.394, 46769.9, 8647.1
60.395, 46770.4, 8646.89
60.396, 46770.9, 8646.68
60.397, 46771.5, 8646.47
60.398, 46772, 8646.27
60.399, 46772.6, 8646.06
60.4, 46773.1, 8645.85
60.401, 46773.6, 8645.64
60.402, 46774.2, 8645.43
60.403, 46774.7, 8645.22
60.404, 46775.3, 8645.01
60.405, 46775.8, 8644.81
60.406, 46776.4, 8644.6
60.407, 46776.9, 8644.39
60.408, 46777.4, 8644.18
60.409, 46778, 8643.97
60.41, 46778.5, 8643.76
60.411, 46779.1, 8643.55
60.412, 46779.6, 8643.35
60.413, 46780.1, 8643.14
60.414, 46780.7, 8642.93
60.415, 46781.2, 8642.72
60.416, 46781.8, 8642.51
60.417, 46782.3, 8642.3
60.418, 46782.9, 8642.09
60.419, 46783.4, 8641.89
60.42, 46783.9, 8641.68
60.421, 46784.5, 8641.47
60.422, 46785, 8641.26
60.423, 46785.6, 8641.05
60.424, 46786.1, 8640.84
60.425, 46786.7, 8640.63
60.426, 46787.2, 8640.42
60.427, 46787.7, 8640.22
60.428, 46788.3, 8640.01
60.429, 46788.8, 8639.8
60.43, 46789.4, 8639.59
60.431, 46789.9, 8639.38
60.432, 46790.4, 8639.17
60.433, 46791, 8638.96
60.434, 46791.5, 8638.75
60.435, 46792.1, 8638.54
60.436, 46792.6, 8638.34
60.437, 46793.2, 8638.13
60.438, 46793.7, 8637.92
60.439, 46794.2, 8637.71
60.44, 46794.8, 8637.5
60.441, 46795.3, 8637.29
60.442, 46795.9, 8637.08
60.443, 46796.4, 8636.87
60.444, 46796.9, 8636.66
60.445, 46797.5, 8636.45
60.446, 46798, 8636.25
60.447, 46798.6, 8636.04
60.448, 46799.1, 8635.83
60.449, 46799.7, 8635.62
60.45, 46800.2, 8635.41
60.451, 46800.7, 8635.2
60.452, 46801.3, 8634.99
60.453, 46801.8, 8634.78
60.454, 46802.4, 8634.57
60.455, 46802.9, 8634.36
60.456, 46803.4, 8634.15
60.457, 46804, 8633.95
60.458, 46804.5, 8633.74
60.459, 46805.1, 8633.53
60.46, 46805.6, 8633.32
60.461, 46806.2, 8633.11
60.462, 46806.7, 8632.9
60.463, 46807.2, 8632.69
60.464, 46807.8, 8632.48
60.465, 46808.3, 8632.27
60.466, 46808.9, 8632.06
60.467, 46809.4, 8631.85
60.468, 46809.9, 8631.64
60.469, 46810.5, 8631.43
60.47, 46811, 8631.23
60.471, 46811.6, 8631.02
60.472, 46812.1, 8630.81
60.473, 46812.7, 8630.6
60.474, 46813.2, 8630.39
60.475, 46813.7, 8630.18
60.476, 46814.3, 8629.97
60.477, 46814.8, 8629.76
60.478, 46815.4, 8629.55
60.479, 46815.9, 8629.34
60.48, 46816.4, 8629.13
60.481, 46817, 8628.92
60.482, 46817.5, 8628.71
60.483, 46818.1, 8628.5
60.484, 46818.6, 8628.29
60.485, 46819.2, 8628.08
60.486, 46819.7, 8627.87
60.487, 46820.2, 8627.66
60.488, 46820.8, 8627.46
60.489, 46821.3, 8627.25
60.49, 46821.9, 8627.04
60.491, 46822.4, 8626.83
60.492, 46822.9, 8626.62
60.493, 46823.5, 8626.41
60.494, 46824, 8626.2
60.495, 46824.6, 8625.99
60.496, 46825.1, 8625.78
60.497, 46825.7, 8625.57
60.498, 46826.2, 8625.36
60.499, 46826.7, 8625.15
60.5, 46827.3, 8624.94
60.501, 46827.8, 8624.73
60.502, 46828.4, 8624.52
60.503, 46828.9, 8624.31
60.504, 46829.4, 8624.1
60.505, 46830, 8623.89
60.506, 46830.5, 8623.68
60.507, 46831.1, 8623.47
60.508, 46831.6, 8623.26
60.509, 46832.2, 8623.05
60.51, 46832.7, 8622.84
60.511, 46833.2, 8622.63
60.512, 46833.8, 8622.42
60.513, 46834.3, 8622.21
60.514, 46834.9, 8622
60.515, 46835.4, 8621.79
60.516, 46835.9, 8621.58
60.517, 46836.5, 8621.37
60.518, 46837, 8621.16
60.519, 46837.6, 8620.95
60.52, 46838.1, 8620.74
60.521, 46838.6, 8620.53
60.522, 46839.2, 8620.32
60.523, 46839.7, 8620.11
60.524, 46840.3, 8619.9
60.525, 46840.8, 8619.69
60.526, 46841.4, 8619.48
60.527, 46841.9, 8619.27
60.528, 46842.4, 8619.06
60.529, 46843, 8618.85
60.53, 46843.5, 8618.64
60.531, 46844.1, 8618.43
60.532, 46844.6, 8618.22
60.533, 46845.1, 8618.01
60.534, 46845.7, 8617.8
60.535, 46846.2, 8617.59
60.536, 46846.8, 8617.38
60.537, 46847.3, 8617.17
60.538, 46847.9, 8616.96
60.539, 46848.4, 8616.75
60.54, 46848.9, 8616.54
60.541, 46849.5, 8616.33
60.542, 46850, 8616.12
60.543, 46850.6, 8615.91
60.544, 46851.1, 8615.7
60.545, 46851.6, 8615.49
60.546, 46852.2, 8615.28
60.547, 46852.7, 8615.07
60.548, 46853.3, 8614.86
60.549, 46853.8, 8614.65
60.55, 46854.3, 8614.44
60.551, 46854.9, 8614.23
60.552, 46855.4, 8614.02
60.553, 46856, 8613.81
60.554, 46856.5, 8613.6
60.555, 46857.1, 8613.39
60.556, 46857.6, 8613.18
60.557, 46858.1, 8612.97
60.558, 46858.7, 8612.76
60.559, 46859.2, 8612.55
60.56, 46859.8, 8612.34
60.561, 46860.3, 8612.13
60.562, 46860.8, 8611.92
60.563, 46861.4, 8611.71
60.564, 46861.9, 8611.5
60.565, 46862.5, 8611.29
60.566, 46863, 8611.08
60.567, 46863.5, 8610.86
60.568, 46864.1, 8610.65
60.569, 46864.6, 8610.44
60.57, 46865.2, 8610.23
60.571, 46865.7, 8610.02
60.572, 46866.3, 8609.81
60.573, 46866.8, 8609.6
60.574, 46867.3, 8609.39
60.575, 46867.9, 8609.18
60.576, 46868.4, 8608.97
60.577, 46869, 8608.76
60.578, 46869.5, 8608.55
60.579, 46870, 8608.34
60.58, 46870.6, 8608.13
60.581, 46871.1, 8607.92
60.582, 46871.7, 8607.71
60.583, 46872.2, 8607.5
60.584, 46872.7, 8607.29
60.585, 46873.3, 8607.07
60.586, 46873.8, 8606.86
60.587, 46874.4, 8606.65
60.588, 46874.9, 8606.44
60.589, 46875.5, 8606.23
60.59, 46876, 8606.02
60.591, 46876.5, 8605.81
60.592, 46877.1, 8605.6
60.593, 46877.6, 8605.39
60.594, 46878.2, 8605.18
60.595, 46878.7, 8604.97
60.596, 46879.2, 8604.76
60.597, 46879.8, 8604.55
60.598, 46880.3, 8604.33
60.599, 46880.9, 8604.12
60.6, 46881.4, 8603.91
60.601, 46881.9, 8603.7
60.602, 46882.5, 8603.49
60.603, 46883, 8603.28
60.604, 46883.6, 8603.07
60.605, 46884.1, 8602.86
60.606, 46884.6, 8602.65
60.607, 46885.2, 8602.44
60.608, 46885.7, 8602.23
60.609, 46886.3, 8602.01
60.61, 46886.8, 8601.8
60.611, 46887.4, 8601.59
60.612, 46887.9, 8601.38
60.613, 46888.4, 8601.17
60.614, 46889, 8600.96
60.615, 46889.5, 8600.75
60.616, 46890.1, 8600.54
60.617, 46890.6, 8600.33
60.618, 46891.1, 8600.12
60.619, 46891.7, 8599.9
60.62, 46892.2, 8599.69
60.621, 46892.8, 8599.48
60.622, 46893.3, 8599.27
60.623, 46893.8, 8599.06
60.624, 46894.4, 8598.85
60.625, 46894.9, 8598.64
60.626, 46895.5, 8598.43
60.627, 46896, 8598.21
60.628, 46896.5, 8598
60.629, 46897.1, 8597.79
60.63, 46897.6, 8597.58
60.631, 46898.2, 8597.37
60.632, 46898.7, 8597.16
60.633, 46899.2, 8596.95
60.634, 46899.8, 8596.74
60.635, 46900.3, 8596.53
60.636, 46900.9, 8596.31
60.637, 46901.4, 8596.1
60.638, 46902, 8595.89
60.639, 46902.5, 8595.68
60.64, 46903, 8595.47
60.641, 46903.6, 8595.26
60.642, 46904.1, 8595.05
60.643, 46904.7, 8594.83
60.644, 46905.2, 8594.62
60.645, 46905.7, 8594.41
60.646, 46906.3, 8594.2
60.647, 46906.8, 8593.99
60.648, 46907.4, 8593.78
60.649, 46907.9, 8593.57
60.65, 46908.4, 8593.35
60.651, 46909, 8593.14
60.652, 46909.5, 8592.93
60.653, 46910.1, 8592.72
60.654, 46910.6, 8592.51
60.655, 46911.1, 8592.3
60.656, 46911.7, 8592.09
60.657, 46912.2, 8591.87
60.658, 46912.8, 8591.66
60.659, 46913.3, 8591.45
60.66, 46913.8, 8591.24
60.661, 46914.4, 8591.03
60.662, 46914.9, 8590.82
60.663, 46915.5, 8590.6
60.664, 46916, 8590.39
60.665, 46916.6, 8590.18
60.666, 46917.1, 8589.97
60.667, 46917.6, 8589.76
60.668, 46918.2, 8589.55
60.669, 46918.7, 8589.33
60.67, 46919.3, 8589.12
60.671, 46919.8, 8588.91
60.672, 46920.3, 8588.7
60.673, 46920.9, 8588.49
60.674, 46921.4, 8588.28
60.675, 46922, 8588.06
60.676, 46922.5, 8587.85
60.677, 46923, 8587.64
60.678, 46923.6, 8587.43
60.679, 46924.1, 8587.22
60.68, 46924.7, 8587.01
60.681, 46925.2, 8586.79
60.682, 46925.7, 8586.58
60.683, 46926.3, 8586.37
60.684, 46926.8, 8586.16
60.685, 46927.4, 8585.95
60.686, 46927.9, 8585.73
60.687, 46928.4, 8585.52
60.688, 46929, 8585.31
60.689, 46929.5, 8585.1
60.69, 46930.1, 8584.89
60.691, 46930.6, 8584.67
60.692, 46931.1, 8584.46
60.693, 46931.7, 8584.25
60.694, 46932.2, 8584.04
60.695, 46932.8, 8583.83
60.696, 46933.3, 8583.61
60.697, 46933.8, 8583.4
60.698, 46934.4, 8583.19
60.699, 46934.9, 8582.98
60.7, 46935.5, 8582.77
60.701, 46936, 8582.55
60.702, 46936.6, 8582.34
60.703, 46937.1, 8582.13
60.704, 46937.6, 8581.92
60.705, 46938.2, 8581.71
60.706, 46938.7, 8581.49
60.707, 46939.3, 8581.28
60.708, 46939.8, 8581.07
60.709, 46940.3, 8580.86
60.71, 46940.9, 8580.65
60.711, 46941.4, 8580.43
60.712, 46942, 8580.22
60.713, 46942.5, 8580.01
60.714, 46943, 8579.8
60.715, 46943.6, 8579.58
60.716, 46944.1, 8579.37
60.717, 46944.7, 8579.16
60.718, 46945.2, 8578.95
60.719, 46945.7, 8578.74
60.72, 46946.3, 8578.52
60.721, 46946.8, 8578.31
60.722, 46947.4, 8578.1
60.723, 46947.9, 8577.89
60.724, 46948.4, 8577.67
60.725, 46949, 8577.46
60.726, 46949.5, 8577.25
60.727, 46950.1, 8577.04
60.728, 46950.6, 8576.82
60.729, 46951.1, 8576.61
60.73, 46951.7, 8576.4
60.731, 46952.2, 8576.19
60.732, 46952.8, 8575.97
60.733, 46953.3, 8575.76
60.734, 46953.8, 8575.55
60.735, 46954.4, 8575.34
60.736, 46954.9, 8575.12
60.737, 46955.5, 8574.91
60.738, 46956, 8574.7
60.739, 46956.5, 8574.49
60.74, 46957.1, 8574.27
60.741, 46957.6, 8574.06
60.742, 46958.2, 8573.85
60.743, 46958.7, 8573.64
60.744, 46959.2, 8573.42
60.745, 46959.8, 8573.21
60.746, 46960.3, 8573
60.747, 46960.9, 8572.79
60.748, 46961.4, 8572.57
60.749, 46961.9, 8572.36
60.75, 46962.5, 8572.15
60.751, 46963, 8571.94
60.752, 46963.6, 8571.72
60.753, 46964.1, 8571.51
60.754, 46964.6, 8571.3
60.755, 46965.2, 8571.09
60.756, 46965.7, 8570.87
60.757, 46966.3, 8570.66
60.758, 46966.8, 8570.45
60.759, 46967.3, 8570.23
60.76, 46967.9, 8570.02
60.761, 46968.4, 8569.81
60.762, 46969, 8569.6
60.763, 46969.5, 8569.38
60.764, 46970, 8569.17
60.765, 46970.6, 8568.96
60.766, 46971.1, 8568.75
60.767, 46971.7, 8568.53
60.768, 46972.2, 8568.32
60.769, 46972.7, 8568.11
60.77, 46973.3, 8567.89
60.771, 46973.8, 8567.68
60.772, 46974.4, 8567.47
60.773, 46974.9, 8567.25
60.774, 46975.4, 8567.04
60.775, 46976, 8566.83
60.776, 46976.5, 8566.62
60.777, 46977.1, 8566.4
60.778, 46977.6, 8566.19
60.779, 46978.1, 8565.98
60.78, 46978.7, 8565.76
60.781, 46979.2, 8565.55
60.782, 46979.8, 8565.34
60.783, 46980.3, 8565.13
60.784, 46980.8, 8564.91
60.785, 46981.4, 8564.7
60.786, 46981.9, 8564.49
60.787, 46982.5, 8564.27
60.788, 46983, 8564.06
60.789, 46983.5, 8563.85
60.79, 46984.1, 8563.63
60.791, 46984.6, 8563.42
60.792, 46985.2, 8563.21
60.793, 46985.7, 8562.99
60.794, 46986.2, 8562.78
60.795, 46986.8, 8562.57
60.796, 46987.3, 8562.35
60.797, 46987.9, 8562.14
60.798, 46988.4, 8561.93
60.799, 46988.9, 8561.71
60.8, 46989.5, 8561.5
60.801, 46990, 8561.29
60.802, 46990.6, 8561.08
60.803, 46991.1, 8560.86
60.804, 46991.6, 8560.65
60.805, 46992.2, 8560.44
60.806, 46992.7, 8560.22
60.807, 46993.3, 8560.01
60.808, 46993.8, 8559.8
60.809, 46994.3, 8559.58
60.81, 46994.9, 8559.37
60.811, 46995.4, 8559.16
60.812, 46996, 8558.94
60.813, 46996.5, 8558.73
60.814, 46997, 8558.52
60.815, 46997.6, 8558.3
60.816, 46998.1, 8558.09
60.817, 46998.7, 8557.87
60.818, 46999.2, 8557.66
60.819, 46999.7, 8557.45
60.82, 47000.3, 8557.23
60.821, 47000.8, 8557.02
60.822, 47001.4, 8556.81
60.823, 47001.9, 8556.59
60.824, 47002.4, 8556.38
60.825, 47003, 8556.17
60.826, 47003.5, 8555.95
60.827, 47004.1, 8555.74
60.828, 47004.6, 8555.53
60.829, 47005.1, 8555.31
60.83, 47005.7, 8555.1
60.831, 47006.2, 8554.89
60.832, 47006.8, 8554.67
60.833, 47007.3, 8554.46
60.834, 47007.8, 8554.24
60.835, 47008.4, 8554.03
60.836, 47008.9, 8553.82
60.837, 47009.5, 8553.6
60.838, 47010, 8553.39
60.839, 47010.5, 8553.18
60.84, 47011.1, 8552.96
60.841, 47011.6, 8552.75
60.842, 47012.2, 8552.53
60.843, 47012.7, 8552.32
60.844, 47013.2, 8552.11
60.845, 47013.8, 8551.89
60.846, 47014.3, 8551.68
60.847, 47014.9, 8551.47
60.848, 47015.4, 8551.25
60.849, 47015.9, 8551.04
60.85, 47016.5, 8550.82
60.851, 47017, 8550.61
60.852, 47017.6, 8550.4
60.853, 47018.1, 8550.18
60.854, 47018.6, 8549.97
60.855, 47019.2, 8549.76
60.856, 47019.7, 8549.54
60.857, 47020.3, 8549.33
60.858, 47020.8, 8549.11
60.859, 47021.3, 8548.9
60.86, 47021.9, 8548.69
60.861, 47022.4, 8548.47
60.862, 47023, 8548.26
60.863, 47023.5, 8548.04
60.864, 47024, 8547.83
60.865, 47024.6, 8547.62
60.866, 47025.1, 8547.4
60.867, 47025.6, 8547.19
60.868, 47026.2, 8546.97
60.869, 47026.7, 8546.76
60.87, 47027.3, 8546.55
60.871, 47027.8, 8546.33
60.872, 47028.3, 8546.12
60.873, 47028.9, 8545.9
60.874, 47029.4, 8545.69
60.875, 47030, 8545.47
60.876, 47030.5, 8545.26
60.877, 47031, 8545.05
60.878, 47031.6, 8544.83
60.879, 47032.1, 8544.62
60.88, 47032.7, 8544.4
60.881, 47033.2, 8544.19
60.882, 47033.7, 8543.98
60.883, 47034.3, 8543.76
60.884, 47034.8, 8543.55
60.885, 47035.4, 8543.33
60.886, 47035.9, 8543.12
60.887, 47036.4, 8542.9
60.888, 47037, 8542.69
60.889, 47037.5, 8542.48
60.89, 47038.1, 8542.26
60.891, 47038.6, 8542.05
60.892, 47039.1, 8541.83
60.893, 47039.7, 8541.62
60.894, 47040.2, 8541.4
60.895, 47040.8, 8541.19
60.896, 47041.3, 8540.98
60.897, 47041.8, 8540.76
60.898, 47042.4, 8540.55
60.899, 47042.9, 8540.33
60.9, 47043.5, 8540.12
60.901, 47044, 8539.9
60.902, 47044.5, 8539.69
60.903, 47045.1, 8539.47
60.904, 47045.6, 8539.26
60.905, 47046.1, 8539.05
60.906, 47046.7, 8538.83
60.907, 47047.2, 8538.62
60.908, 47047.8, 8538.4
60.909, 47048.3, 8538.19
60.91, 47048.8, 8537.97
60.911, 47049.4, 8537.76
60.912, 47049.9, 8537.54
60.913, 47050.5, 8537.33
60.914, 47051, 8537.11
60.915, 47051.5, 8536.9
60.916, 47052.1, 8536.69
60.917, 47052.6, 8536.47
60.918, 47053.2, 8536.26
60.919, 47053.7, 8536.04
60.92, 47054.2, 8535.83
60.921, 47054.8, 8535.61
60.922, 47055.3, 8535.4
60.923, 47055.9, 8535.18
60.924, 47056.4, 8534.97
60.925, 47056.9, 8534.75
60.926, 47057.5, 8534.54
60.927, 47058, 8534.32
60.928, 47058.6, 8534.11
60.929, 47059.1, 8533.89
60.93, 47059.6, 8533.68
60.931, 47060.2, 8533.46
60.932, 47060.7, 8533.25
60.933, 47061.2, 8533.03
60.934, 47061.8, 8532.82
60.935, 47062.3, 8532.6
60.936, 47062.9, 8532.39
60.937, 47063.4, 8532.18
60.938, 47063.9, 8531.96
60.939, 47064.5, 8531.75
60.94, 47065, 8531.53
60.941, 47065.6, 8531.32
60.942, 47066.1, 8531.1
60.943, 47066.6, 8530.89
60.944, 47067.2, 8530.67
60.945, 47067.7, 8530.46
60.946, 47068.3, 8530.24
60.947, 47068.8, 8530.03
60.948, 47069.3, 8529.81
60.949, 47069.9, 8529.6
60.95, 47070.4, 8529.38
60.951, 47071, 8529.17
60.952, 47071.5, 8528.95
60.953, 47072, 8528.74
60.954, 47072.6, 8528.52
60.955, 47073.1, 8528.31
60.956, 47073.6, 8528.09
60.957, 47074.2, 8527.88
60.958, 47074.7, 8527.66
60.959, 47075.3, 8527.45
60.96, 47075.8, 8527.23
60.961, 47076.3, 8527.01
60.962, 47076.9, 8526.8
60.963, 47077.4, 8526.58
60.964, 47078, 8526.37
60.965, 47078.5, 8526.15
60.966, 47079, 8525.94
60.967, 47079.6, 8525.72
60.968, 47080.1, 8525.51
60.969, 47080.7, 8525.29
60.97, 47081.2, 8525.08
60.971, 47081.7, 8524.86
60.972, 47082.3, 8524.65
60.973, 47082.8, 8524.43
60.974, 47083.3, 8524.22
60.975, 47083.9, 8524
60.976, 47084.4, 8523.79
60.977, 47085, 8523.57
60.978, 47085.5, 8523.36
60.979, 47086, 8523.14
60.98, 47086.6, 8522.92
60.981, 47087.1, 8522.71
60.982, 47087.7, 8522.49
60.983, 47088.2, 8522.28
60.984, 47088.7, 8522.06
60.985, 47089.3, 8521.85
60.986, 47089.8, 8521.63
60.987, 47090.4, 8521.42
60.988, 47090.9, 8521.2
60.989, 47091.4, 8520.99
60.99, 47092, 8520.77
60.991, 47092.5, 8520.55
60.992, 47093, 8520.34
60.993, 47093.6, 8520.12
60.994, 47094.1, 8519.91
60.995, 47094.7, 8519.69
60.996, 47095.2, 8519.48
60.997, 47095.7, 8519.26
60.998, 47096.3, 8519.05
60.999, 47096.8, 8518.83
61, 47097.4, 8518.61
61.001, 47097.9, 8518.4
61.002, 47098.4, 8518.18
61.003, 47099, 8517.97
61.004, 47099.5, 8517.75
61.005, 47100.1, 8517.54
61.006, 47100.6, 8517.32
61.007, 47101.1, 8517.1
61.008, 47101.7, 8516.89
61.009, 47102.2, 8516.67
61.01, 47102.7, 8516.46
61.011, 47103.3, 8516.24
61.012, 47103.8, 8516.03
61.013, 47104.4, 8515.81
61.014, 47104.9, 8515.59
61.015, 47105.4, 8515.38
61.016, 47106, 8515.16
61.017, 47106.5, 8514.95
61.018, 47107.1, 8514.73
61.019, 47107.6, 8514.52
61.02, 47108.1, 8514.3
61.021, 47108.7, 8514.08
61.022, 47109.2, 8513.87
61.023, 47109.8, 8513.65
61.024, 47110.3, 8513.44
61.025, 47110.8, 8513.22
61.026, 47111.4, 8513
61.027, 47111.9, 8512.79
61.028, 47112.4, 8512.57
61.029, 47113, 8512.36
61.03, 47113.5, 8512.14
61.031, 47114.1, 8511.92
61.032, 47114.6, 8511.71
61.033, 47115.1, 8511.49
61.034, 47115.7, 8511.28
61.035, 47116.2, 8511.06
61.036, 47116.8, 8510.84
61.037, 47117.3, 8510.63
61.038, 47117.8, 8510.41
61.039, 47118.4, 8510.2
61.04, 47118.9, 8509.98
61.041, 47119.4, 8509.76
61.042, 47120, 8509.55
61.043, 47120.5, 8509.33
61.044, 47121.1, 8509.11
61.045, 47121.6, 8508.9
61.046, 47122.1, 8508.68
61.047, 47122.7, 8508.47
61.048, 47123.2, 8508.25
61.049, 47123.8, 8508.03
61.05, 47124.3, 8507.82
61.051, 47124.8, 8507.6
61.052, 47125.4, 8507.39
61.053, 47125.9, 8507.17
61.054, 47126.4, 8506.95
61.055, 47127, 8506.74
61.056, 47127.5, 8506.52
61.057, 47128.1, 8506.3
61.058, 47128.6, 8506.09
61.059, 47129.1, 8505.87
61.06, 47129.7, 8505.65
61.061, 47130.2, 8505.44
61.062, 47130.8, 8505.22
61.063, 47131.3, 8505.01
61.064, 47131.8, 8504.79
61.065, 47132.4, 8504.57
61.066, 47132.9, 8504.36
61.067, 47133.4, 8504.14
61.068, 47134, 8503.92
61.069, 47134.5, 8503.71
61.07, 47135.1, 8503.49
61.071, 47135.6, 8503.27
61.072, 47136.1, 8503.06
61.073, 47136.7, 8502.84
61.074, 47137.2, 8502.62
61.075, 47137.8, 8502.41
61.076, 47138.3, 8502.19
61.077, 47138.8, 8501.98
61.078, 47139.4, 8501.76
61.079, 47139.9, 8501.54
61.08, 47140.4, 8501.33
61.081, 47141, 8501.11
61.082, 47141.5, 8500.89
61.083, 47142.1, 8500.68
61.084, 47142.6, 8500.46
61.085, 47143.1, 8500.24
61.086, 47143.7, 8500.03
61.087, 47144.2, 8499.81
61.088, 47144.8, 8499.59
61.089, 47145.3, 8499.38
61.09, 47145.8, 8499.16
61.091, 47146.4, 8498.94
61.092, 47146.9, 8498.73
61.093, 47147.4, 8498.51
61.094, 47148, 8498.29
61.095, 47148.5, 8498.08
61.096, 47149.1, 8497.86
61.097, 47149.6, 8497.64
61.098, 47150.1, 8497.43
61.099, 47150.7, 8497.21
61.1, 47151.2, 8496.99
61.101, 47151.8, 8496.77
61.102, 47152.3, 8496.56
61.103, 47152.8, 8496.34
61.104, 47153.4, 8496.12
61.105, 47153.9, 8495.91
61.106, 47154.4, 8495.69
61.107, 47155, 8495.47
61.108, 47155.5, 8495.26
61.109, 47156.1, 8495.04
61.11, 47156.6, 8494.82
61.111, 47157.1, 8494.61
61.112, 47157.7, 8494.39
61.113, 47158.2, 8494.17
61.114, 47158.8, 8493.95
61.115, 47159.3, 8493.74
61.116, 47159.8, 8493.52
61.117, 47160.4, 8493.3
61.118, 47160.9, 8493.09
61.119, 47161.4, 8492.87
61.12, 47162, 8492.65
61.121, 47162.5, 8492.44
61.122, 47163.1, 8492.22
61.123, 47163.6, 8492
61.124, 47164.1, 8491.78
61.125, 47164.7, 8491.57
61.126, 47165.2, 8491.35
61.127, 47165.7, 8491.13
61.128, 47166.3, 8490.92
61.129, 47166.8, 8490.7
61.13, 47167.4, 8490.48
61.131, 47167.9, 8490.26
61.132, 47168.4, 8490.05
61.133, 47169, 8489.83
61.134, 47169.5, 8489.61
61.135, 47170.1, 8489.4
61.136, 47170.6, 8489.18
61.137, 47171.1, 8488.96
61.138, 47171.7, 8488.74
61.139, 47172.2, 8488.53
61.14, 47172.7, 8488.31
61.141, 47173.3, 8488.09
61.142, 47173.8, 8487.87
61.143, 47174.4, 8487.66
61.144, 47174.9, 8487.44
61.145, 47175.4, 8487.22
61.146, 47176, 8487
61.147, 47176.5, 8486.79
61.148, 47177, 8486.57
61.149, 47177.6, 8486.35
61.15, 47178.1, 8486.14
61.151, 47178.7, 8485.92
61.152, 47179.2, 8485.7
61.153, 47179.7, 8485.48
61.154, 47180.3, 8485.27
61.155, 47180.8, 8485.05
61.156, 47181.4, 8484.83
61.157, 47181.9, 8484.61
61.158, 47182.4, 8484.4
61.159, 47183, 8484.18
61.16, 47183.5, 8483.96
61.161, 47184, 8483.74
61.162, 47184.6, 8483.53
61.163, 47185.1, 8483.31
61.164, 47185.7, 8483.09
61.165, 47186.2, 8482.87
61.166, 47186.7, 8482.65
61.167, 47187.3, 8482.44
61.168, 47187.8, 8482.22
61.169, 47188.3, 8482
61.17, 47188.9, 8481.78
61.171, 47189.4, 8481.57
61.172, 47190, 8481.35
61.173, 47190.5, 8481.13
61.174, 47191, 8480.91
61.175, 47191.6, 8480.7
61.176, 47192.1, 8480.48
61.177, 47192.6, 8480.26
61.178, 47193.2, 8480.04
61.179, 47193.7, 8479.82
61.18, 47194.3, 8479.61
61.181, 47194.8, 8479.39
61.182, 47195.3, 8479.17
61.183, 47195.9, 8478.95
61.184, 47196.4, 8478.74
61.185, 47197, 8478.52
61.186, 47197.5, 8478.3
61.187, 47198, 8478.08
61.188, 47198.6, 8477.86
61.189, 47199.1, 8477.65
61.19, 47199.6, 8477.43
61.191, 47200.2, 8477.21
61.192, 47200.7, 8476.99
61.193, 47201.3, 8476.77
61.194, 47201.8, 8476.56
61.195, 47202.3, 8476.34
61.196, 47202.9, 8476.12
61.197, 47203.4, 8475.9
61.198, 47203.9, 8475.69
61.199, 47204.5, 8475.47
61.2, 47205, 8475.25
61.201, 47205.6, 8475.03
61.202, 47206.1, 8474.81
61.203, 47206.6, 8474.59
61.204, 47207.2, 8474.38
61.205, 47207.7, 8474.16
61.206, 47208.2, 8473.94
61.207, 47208.8, 8473.72
61.208, 47209.3, 8473.5
61.209, 47209.9, 8473.29
61.21, 47210.4, 8473.07
61.211, 47210.9, 8472.85
61.212, 47211.5, 8472.63
61.213, 47212, 8472.41
61.214, 47212.5, 8472.2
61.215, 47213.1, 8471.98
61.216, 47213.6, 8471.76
61.217, 47214.2, 8471.54
61.218, 47214.7, 8471.32
61.219, 47215.2, 8471.1
61.22, 47215.8, 8470.89
61.221, 47216.3, 8470.67
61.222, 47216.8, 8470.45
61.223, 47217.4, 8470.23
61.224, 47217.9, 8470.01
61.225, 47218.5, 8469.79
61.226, 47219, 8469.58
61.227, 47219.5, 8469.36
61.228, 47220.1, 8469.14
61.229, 47220.6, 8468.92
61.23, 47221.1, 8468.7
61.231, 47221.7, 8468.48
61.232, 47222.2, 8468.27
61.233, 47222.8, 8468.05
61.234, 47223.3, 8467.83
61.235, 47223.8, 8467.61
61.236, 47224.4, 8467.39
61.237, 47224.9, 8467.17
61.238, 47225.5, 8466.96
61.239, 47226, 8466.74
61.24, 47226.5, 8466.52
61.241, 47227.1, 8466.3
61.242, 47227.6, 8466.08
61.243, 47228.1, 8465.86
61.244, 47228.7, 8465.64
61.245, 47229.2, 8465.43
61.246, 47229.8, 8465.21
61.247, 47230.3, 8464.99
61.248, 47230.8, 8464.77
61.249, 47231.4, 8464.55
61.25, 47231.9, 8464.33
61.251, 47232.4, 8464.11
61.252, 47233, 8463.9
61.253, 47233.5, 8463.68
61.254, 47234.1, 8463.46
61.255, 47234.6, 8463.24
61.256, 47235.1, 8463.02
61.257, 47235.7, 8462.8
61.258, 47236.2, 8462.58
61.259, 47236.7, 8462.36
61.26, 47237.3, 8462.15
61.261, 47237.8, 8461.93
61.262, 47238.4, 8461.71
61.263, 47238.9, 8461.49
61.264, 47239.4, 8461.27
61.265, 47240, 8461.05
61.266, 47240.5, 8460.83
61.267, 47241, 8460.61
61.268, 47241.6, 8460.4
61.269, 47242.1, 8460.18
61.27, 47242.6, 8459.96
61.271, 47243.2, 8459.74
61.272, 47243.7, 8459.52
61.273, 47244.3, 8459.3
61.274, 47244.8, 8459.08
61.275, 47245.3, 8458.86
61.276, 47245.9, 8458.64
61.277, 47246.4, 8458.43
61.278, 47246.9, 8458.21
61.279, 47247.5, 8457.99
61.28, 47248, 8457.77
61.281, 47248.6, 8457.55
61.282, 47249.1, 8457.33
61.283, 47249.6, 8457.11
61.284, 47250.2, 8456.89
61.285, 47250.7, 8456.67
61.286, 47251.2, 8456.45
61.287, 47251.8, 8456.24
61.288, 47252.3, 8456.02
61.289, 47252.9, 8455.8
61.29, 47253.4, 8455.58
61.291, 47253.9, 8455.36
61.292, 47254.5, 8455.14
61.293, 47255, 8454.92
61.294, 47255.5, 8454.7
61.295, 47256.1, 8454.48
61.296, 47256.6, 8454.26
61.297, 47257.2, 8454.04
61.298, 47257.7, 8453.83
61.299, 47258.2, 8453.61
61.3, 47258.8, 8453.39
61.301, 47259.3, 8453.17
61.302, 47259.8, 8452.95
61.303, 47260.4, 8452.73
61.304, 47260.9, 8452.51
61.305, 47261.5, 8452.29
61.306, 47262, 8452.07
61.307, 47262.5, 8451.85
61.308, 47263.1, 8451.63
61.309, 47263.6, 8451.41
61.31, 47264.1, 8451.19
61.311, 47264.7, 8450.97
61.312, 47265.2, 8450.76
61.313, 47265.8, 8450.54
61.314, 47266.3, 8450.32
61.315, 47266.8, 8450.1
61.316, 47267.4, 8449.88
61.317, 47267.9, 8449.66
61.318, 47268.4, 8449.44
61.319, 47269, 8449.22
61.32, 47269.5, 8449
61.321, 47270, 8448.78
61.322, 47270.6, 8448.56
61.323, 47271.1, 8448.34
61.324, 47271.7, 8448.12
61.325, 47272.2, 8447.9
61.326, 47272.7, 8447.68
61.327, 47273.3, 8447.46
61.328, 47273.8, 8447.24
61.329, 47274.3, 8447.02
61.33, 47274.9, 8446.8
61.331, 47275.4, 8446.59
61.332, 47276, 8446.37
61.333, 47276.5, 8446.15
61.334, 47277, 8445.93
61.335, 47277.6, 8445.71
61.336, 47278.1, 8445.49
61.337, 47278.6, 8445.27
61.338, 47279.2, 8445.05
61.339, 47279.7, 8444.83
61.34, 47280.3, 8444.61
61.341, 47280.8, 8444.39
61.342, 47281.3, 8444.17
61.343, 47281.9, 8443.95
61.344, 47282.4, 8443.73
61.345, 47282.9, 8443.51
61.346, 47283.5, 8443.29
61.347, 47284, 8443.07
61.348, 47284.5, 8442.85
61.349, 47285.1, 8442.63
61.35, 47285.6, 8442.41
61.351, 47286.2, 8442.19
61.352, 47286.7, 8441.97
61.353, 47287.2, 8441.75
61.354, 47287.8, 8441.53
61.355, 47288.3, 8441.31
61.356, 47288.8, 8441.09
61.357, 47289.4, 8440.87
61.358, 47289.9, 8440.65
61.359, 47290.5, 8440.43
61.36, 47291, 8440.21
61.361, 47291.5, 8439.99
61.362, 47292.1, 8439.77
61.363, 47292.6, 8439.55
61.364, 47293.1, 8439.33
61.365, 47293.7, 8439.11
61.366, 47294.2, 8438.89
61.367, 47294.8, 8438.67
61.368, 47295.3, 8438.45
61.369, 47295.8, 8438.23
61.37, 47296.4, 8438.01
61.371, 47296.9, 8437.79
61.372, 47297.4, 8437.57
61.373, 47298, 8437.35
61.374, 47298.5, 8437.13
61.375, 47299, 8436.91
61.376, 47299.6, 8436.69
61.377, 47300.1, 8436.47
61.378, 47300.7, 8436.25
61.379, 47301.2, 8436.03
61.38, 47301.7, 8435.81
61.381, 47302.3, 8435.59
61.382, 47302.8, 8435.37
61.383, 47303.3, 8435.15
61.384, 47303.9, 8434.93
61.385, 47304.4, 8434.71
61.386, 47305, 8434.49
61.387, 47305.5, 8434.27
61.388, 47306, 8434.05
61.389, 47306.6, 8433.83
61.39, 47307.1, 8433.61
61.391, 47307.6, 8433.39
61.392, 47308.2, 8433.17
61.393, 47308.7, 8432.95
61.394, 47309.2, 8432.73
61.395, 47309.8, 8432.51
61.396, 47310.3, 8432.29
61.397, 47310.9, 8432.07
61.398, 47311.4, 8431.85
61.399, 47311.9, 8431.63
61.4, 47312.5, 8431.4
61.401, 47313, 8431.18
61.402, 47313.5, 8430.96
61.403, 47314.1, 8430.74
61.404, 47314.6, 8430.52
61.405, 47315.1, 8430.3
61.406, 47315.7, 8430.08
61.407, 47316.2, 8429.86
61.408, 47316.8, 8429.64
61.409, 47317.3, 8429.42
61.41, 47317.8, 8429.2
61.411, 47318.4, 8428.98
61.412, 47318.9, 8428.76
61.413, 47319.4, 8428.54
61.414, 47320, 8428.32
61.415, 47320.5, 8428.1
61.416, 47321.1, 8427.88
61.417, 47321.6, 8427.66
61.418, 47322.1, 8427.44
61.419, 47322.7, 8427.21
61.42, 47323.2, 8426.99
61.421, 47323.7, 8426.77
61.422, 47324.3, 8426.55
61.423, 47324.8, 8426.33
61.424, 47325.3, 8426.11
61.425, 47325.9, 8425.89
61.426, 47326.4, 8425.67
61.427, 47327, 8425.45
61.428, 47327.5, 8425.23
61.429, 47328, 8425.01
61.43, 47328.6, 8424.79
61.431, 47329.1, 8424.57
61.432, 47329.6, 8424.35
61.433, 47330.2, 8424.12
61.434, 47330.7, 8423.9
61.435, 47331.2, 8423.68
61.436, 47331.8, 8423.46
61.437, 47332.3, 8423.24
61.438, 47332.9, 8423.02
61.439, 47333.4, 8422.8
61.44, 47333.9, 8422.58
61.441, 47334.5, 8422.36
61.442, 47335, 8422.14
61.443, 47335.5, 8421.92
61.444, 47336.1, 8421.69
61.445, 47336.6, 8421.47
61.446, 47337.1, 8421.25
61.447, 47337.7, 8421.03
61.448, 47338.2, 8420.81
61.449, 47338.8, 8420.59
61.45, 47339.3, 8420.37
61.451, 47339.8, 8420.15
61.452, 47340.4, 8419.93
61.453, 47340.9, 8419.71
61.454, 47341.4, 8419.48
61.455, 47342, 8419.26
61.456, 47342.5, 8419.04
61.457, 47343, 8418.82
61.458, 47343.6, 8418.6
61.459, 47344.1, 8418.38
61.46, 47344.7, 8418.16
61.461, 47345.2, 8417.94
61.462, 47345.7, 8417.72
61.463, 47346.3, 8417.49
61.464, 47346.8, 8417.27
61.465, 47347.3, 8417.05
61.466, 47347.9, 8416.83
61.467, 47348.4, 8416.61
61.468, 47348.9, 8416.39
61.469, 47349.5, 8416.17
61.47, 47350, 8415.95
61.471, 47350.6, 8415.72
61.472, 47351.1, 8415.5
61.473, 47351.6, 8415.28
61.474, 47352.2, 8415.06
61.475, 47352.7, 8414.84
61.476, 47353.2, 8414.62
61.477, 47353.8, 8414.4
61.478, 47354.3, 8414.18
61.479, 47354.8, 8413.95
61.48, 47355.4, 8413.73
61.481, 47355.9, 8413.51
61.482, 47356.5, 8413.29
61.483, 47357, 8413.07
61.484, 47357.5, 8412.85
61.485, 47358.1, 8412.63
61.486, 47358.6, 8412.4
61.487, 47359.1, 8412.18
61.488, 47359.7, 8411.96
61.489, 47360.2, 8411.74
61.49, 47360.7, 8411.52
61.491, 47361.3, 8411.3
61.492, 47361.8, 8411.08
61.493, 47362.4, 8410.85
61.494, 47362.9, 8410.63
61.495, 47363.4, 8410.41
61.496, 47364, 8410.19
61.497, 47364.5, 8409.97
61.498, 47365, 8409.75
61.499, 47365.6, 8409.52
61.5, 47366.1, 8409.3
61.501, 47366.6, 8409.08
61.502, 47367.2, 8408.86
61.503, 47367.7, 8408.64
61.504, 47368.3, 8408.42
61.505, 47368.8, 8408.19
61.506, 47369.3, 8407.97
61.507, 47369.9, 8407.75
61.508, 47370.4, 8407.53
61.509, 47370.9, 8407.31
61.51, 47371.5, 8407.09
61.511, 47372, 8406.86
61.512, 47372.5, 8406.64
61.513, 47373.1, 8406.42
61.514, 47373.6, 8406.2
61.515, 47374.1, 8405.98
61.516, 47374.7, 8405.75
61.517, 47375.2, 8405.53
61.518, 47375.8, 8405.31
61.519, 47376.3, 8405.09
61.52, 47376.8, 8404.87
61.521, 47377.4, 8404.65
61.522, 47377.9, 8404.42
61.523, 47378.4, 8404.2
61.524, 47379, 8403.98
61.525, 47379.5, 8403.76
61.526, 47380, 8403.54
61.527, 47380.6, 8403.31
61.528, 47381.1, 8403.09
61.529, 47381.7, 8402.87
61.53, 47382.2, 8402.65
61.531, 47382.7, 8402.43
61.532, 47383.3, 8402.2
61.533, 47383.8, 8401.98
61.534, 47384.3, 8401.76
61.535, 47384.9, 8401.54
61.536, 47385.4, 8401.32
61.537, 47385.9, 8401.09
61.538, 47386.5, 8400.87
61.539, 47387, 8400.65
61.54, 47387.5, 8400.43
61.541, 47388.1, 8400.21
61.542, 47388.6, 8399.98
61.543, 47389.2, 8399.76
61.544, 47389.7, 8399.54
61.545, 47390.2, 8399.32
61.546, 47390.8, 8399.1
61.547, 47391.3, 8398.87
61.548, 47391.8, 8398.65
61.549, 47392.4, 8398.43
61.55, 47392.9, 8398.21
61.551, 47393.4, 8397.98
61.552, 47394, 8397.76
61.553, 47394.5, 8397.54
61.554, 47395.1, 8397.32
61.555, 47395.6, 8397.09
61.556, 47396.1, 8396.87
61.557, 47396.7, 8396.65
61.558, 47397.2, 8396.43
61.559, 47397.7, 8396.21
61.56, 47398.3, 8395.98
61.561, 47398.8, 8395.76
61.562, 47399.3, 8395.54
61.563, 47399.9, 8395.32
61.564, 47400.4, 8395.09
61.565, 47400.9, 8394.87
61.566, 47401.5, 8394.65
61.567, 47402, 8394.43
61.568, 47402.6, 8394.2
61.569, 47403.1, 8393.98
61.57, 47403.6, 8393.76
61.571, 47404.2, 8393.54
61.572, 47404.7, 8393.31
61.573, 47405.2, 8393.09
61.574, 47405.8, 8392.87
61.575, 47406.3, 8392.65
61.576, 47406.8, 8392.42
61.577, 47407.4, 8392.2
61.578, 47407.9, 8391.98
61.579, 47408.4, 8391.76
61.58, 47409, 8391.53
61.581, 47409.5, 8391.31
61.582, 47410.1, 8391.09
61.583, 47410.6, 8390.87
61.584, 47411.1, 8390.64
61.585, 47411.7, 8390.42
61.586, 47412.2, 8390.2
61.587, 47412.7, 8389.98
61.588, 47413.3, 8389.75
61.589, 47413.8, 8389.53
61.59, 47414.3, 8389.31
61.591, 47414.9, 8389.08
61.592, 47415.4, 8388.86
61.593, 47415.9, 8388.64
61.594, 47416.5, 8388.42
61.595, 47417, 8388.19
61.596, 47417.6, 8387.97
61.597, 47418.1, 8387.75
61.598, 47418.6, 8387.53
61.599, 47419.2, 8387.3
61.6, 47419.7, 8387.08
61.601, 47420.2, 8386.86
61.602, 47420.8, 8386.63
61.603, 47421.3, 8386.41
61.604, 47421.8, 8386.19
61.605, 47422.4, 8385.97
61.606, 47422.9, 8385.74
61.607, 47423.4, 8385.52
61.608, 47424, 8385.3
61.609, 47424.5, 8385.07
61.61, 47425.1, 8384.85
61.611, 47425.6, 8384.63
61.612, 47426.1, 8384.41
61.613, 47426.7, 8384.18
61.614, 47427.2, 8383.96
61.615, 47427.7, 8383.74
61.616, 47428.3, 8383.51
61.617, 47428.8, 8383.29
61.618, 47429.3, 8383.07
61.619, 47429.9, 8382.84
61.62, 47430.4, 8382.62
61.621, 47430.9, 8382.4
61.622, 47431.5, 8382.17
61.623, 47432, 8381.95
61.624, 47432.5, 8381.73
61.625, 47433.1, 8381.51
61.626, 47433.6, 8381.28
61.627, 47434.2, 8381.06
61.628, 47434.7, 8380.84
61.629, 47435.2, 8380.61
61.63, 47435.8, 8380.39
61.631, 47436.3, 8380.17
61.632, 47436.8, 8379.94
61.633, 47437.4, 8379.72
61.634, 47437.9, 8379.5
61.635, 47438.4, 8379.27
61.636, 47439, 8379.05
61.637, 47439.5, 8378.83
61.638, 47440, 8378.6
61.639, 47440.6, 8378.38
61.64, 47441.1, 8378.16
61.641, 47441.7, 8377.93
61.642, 47442.2, 8377.71
61.643, 47442.7, 8377.49
61.644, 47443.3, 8377.26
61.645, 47443.8, 8377.04
61.646, 47444.3, 8376.82
61.647, 47444.9, 8376.59
61.648, 47445.4, 8376.37
61.649, 47445.9, 8376.15
61.65, 47446.5, 8375.92
61.651, 47447, 8375.7
61.652, 47447.5, 8375.48
61.653, 47448.1, 8375.25
61.654, 47448.6, 8375.03
61.655, 47449.1, 8374.81
61.656, 47449.7, 8374.58
61.657, 47450.2, 8374.36
61.658, 47450.8, 8374.14
61.659, 47451.3, 8373.91
61.66, 47451.8, 8373.69
61.661, 47452.4, 8373.47
61.662, 47452.9, 8373.24
61.663, 47453.4, 8373.02
61.664, 47454, 8372.79
61.665, 47454.5, 8372.57
61.666, 47455, 8372.35
61.667, 47455.6, 8372.12
61.668, 47456.1, 8371.9
61.669, 47456.6, 8371.68
61.67, 47457.2, 8371.45
61.671, 47457.7, 8371.23
61.672, 47458.2, 8371.01
61.673, 47458.8, 8370.78
61.674, 47459.3, 8370.56
61.675, 47459.9, 8370.33
61.676, 47460.4, 8370.11
61.677, 47460.9, 8369.89
61.678, 47461.5, 8369.66
61.679, 47462, 8369.44
61.68, 47462.5, 8369.22
61.681, 47463.1, 8368.99
61.682, 47463.6, 8368.77
61.683, 47464.1, 8368.54
61.684, 47464.7, 8368.32
61.685, 47465.2, 8368.1
61.686, 47465.7, 8367.87
61.687, 47466.3, 8367.65
61.688, 47466.8, 8367.42
61.689, 47467.3, 8367.2
61.69, 47467.9, 8366.98
61.691, 47468.4, 8366.75
61.692, 47468.9, 8366.53
61.693, 47469.5, 8366.3
61.694, 47470, 8366.08
61.695, 47470.6, 8365.86
61.696, 47471.1, 8365.63
61.697, 47471.6, 8365.41
61.698, 47472.2, 8365.18
61.699, 47472.7, 8364.96
61.7, 47473.2, 8364.74
61.701, 47473.8, 8364.51
61.702, 47474.3, 8364.29
61.703, 47474.8, 8364.06
61.704, 47475.4, 8363.84
61.705, 47475.9, 8363.62
61.706, 47476.4, 8363.39
61.707, 47477, 8363.17
61.708, 47477.5, 8362.94
61.709, 47478, 8362.72
61.71, 47478.6, 8362.5
61.711, 47479.1, 8362.27
61.712, 47479.6, 8362.05
61.713, 47480.2, 8361.82
61.714, 47480.7, 8361.6
61.715, 47481.3, 8361.38
61.716, 47481.8, 8361.15
61.717, 47482.3, 8360.93
61.718, 47482.9, 8360.7
61.719, 47483.4, 8360.48
61.72, 47483.9, 8360.25
61.721, 47484.5, 8360.03
61.722, 47485, 8359.81
61.723, 47485.5, 8359.58
61.724, 47486.1, 8359.36
61.725, 47486.6, 8359.13
61.726, 47487.1, 8358.91
61.727, 47487.7, 8358.68
61.728, 47488.2, 8358.46
61.729, 47488.7, 8358.23
61.73, 47489.3, 8358.01
61.731, 47489.8, 8357.79
61.732, 47490.3, 8357.56
61.733, 47490.9, 8357.34
61.734, 47491.4, 8357.11
61.735, 47492, 8356.89
61.736, 47492.5, 8356.66
61.737, 47493, 8356.44
61.738, 47493.6, 8356.21
61.739, 47494.1, 8355.99
61.74, 47494.6, 8355.77
61.741, 47495.2, 8355.54
61.742, 47495.7, 8355.32
61.743, 47496.2, 8355.09
61.744, 47496.8, 8354.87
61.745, 47497.3, 8354.64
61.746, 47497.8, 8354.42
61.747, 47498.4, 8354.19
61.748, 47498.9, 8353.97
61.749, 47499.4, 8353.74
61.75, 47500, 8353.52
61.751, 47500.5, 8353.3
61.752, 47501, 8353.07
61.753, 47501.6, 8352.85
61.754, 47502.1, 8352.62
61.755, 47502.7, 8352.4
61.756, 47503.2, 8352.17
61.757, 47503.7, 8351.95
61.758, 47504.3, 8351.72
61.759, 47504.8, 8351.5
61.76, 47505.3, 8351.27
61.761, 47505.9, 8351.05
61.762, 47506.4, 8350.82
61.763, 47506.9, 8350.6
61.764, 47507.5, 8350.37
61.765, 47508, 8350.15
61.766, 47508.5, 8349.92
61.767, 47509.1, 8349.7
61.768, 47509.6, 8349.47
61.769, 47510.1, 8349.25
61.77, 47510.7, 8349.02
61.771, 47511.2, 8348.8
61.772, 47511.7, 8348.58
61.773, 47512.3, 8348.35
61.774, 47512.8, 8348.13
61.775, 47513.3, 8347.9
61.776, 47513.9, 8347.68
61.777, 47514.4, 8347.45
61.778, 47514.9, 8347.23
61.779, 47515.5, 8347
61.78, 47516, 8346.78
61.781, 47516.6, 8346.55
61.782, 47517.1, 8346.33
61.783, 47517.6, 8346.1
61.784, 47518.2, 8345.88
61.785, 47518.7, 8345.65
61.786, 47519.2, 8345.43
61.787, 47519.8, 8345.2
61.788, 47520.3, 8344.98
61.789, 47520.8, 8344.75
61.79, 47521.4, 8344.52
61.791, 47521.9, 8344.3
61.792, 47522.4, 8344.07
61.793, 47523, 8343.85
61.794, 47523.5, 8343.62
61.795, 47524, 8343.4
61.796, 47524.6, 8343.17
61.797, 47525.1, 8342.95
61.798, 47525.6, 8342.72
61.799, 47526.2, 8342.5
61.8, 47526.7, 8342.27
61.801, 47527.2, 8342.05
61.802, 47527.8, 8341.82
61.803, 47528.3, 8341.6
61.804, 47528.8, 8341.37
61.805, 47529.4, 8341.15
61.806, 47529.9, 8340.92
61.807, 47530.5, 8340.7
61.808, 47531, 8340.47
61.809, 47531.5, 8340.25
61.81, 47532.1, 8340.02
61.811, 47532.6, 8339.79
61.812, 47533.1, 8339.57
61.813, 47533.7, 8339.34
61.814, 47534.2, 8339.12
61.815, 47534.7, 8338.89
61.816, 47535.3, 8338.67
61.817, 47535.8, 8338.44
61.818, 47536.3, 8338.22
61.819, 47536.9, 8337.99
61.82, 47537.4, 8337.77
61.821, 47537.9, 8337.54
61.822, 47538.5, 8337.31
61.823, 47539, 8337.09
61.824, 47539.5, 8336.86
61.825, 47540.1, 8336.64
61.826, 47540.6, 8336.41
61.827, 47541.1, 8336.19
61.828, 47541.7, 8335.96
61.829, 47542.2, 8335.74
61.83, 47542.7, 8335.51
61.831, 47543.3, 8335.28
61.832, 47543.8, 8335.06
61.833, 47544.3, 8334.83
61.834, 47544.9, 8334.61
61.835, 47545.4, 8334.38
61.836, 47545.9, 8334.16
61.837, 47546.5, 8333.93
61.838, 47547, 8333.71
61.839, 47547.6, 8333.48
61.84, 47548.1, 8333.25
61.841, 47548.6, 8333.03
61.842, 47549.2, 8332.8
61.843, 47549.7, 8332.58
61.844, 47550.2, 8332.35
61.845, 47550.8, 8332.13
61.846, 47551.3, 8331.9
61.847, 47551.8, 8331.67
61.848, 47552.4, 8331.45
61.849, 47552.9, 8331.22
61.85, 47553.4, 8331
61.851, 47554, 8330.77
61.852, 47554.5, 8330.54
61.853, 47555, 8330.32
61.854, 47555.6, 8330.09
61.855, 47556.1, 8329.87
61.856, 47556.6, 8329.64
61.857, 47557.2, 8329.41
61.858, 47557.7, 8329.19
61.859, 47558.2, 8328.96
61.86, 47558.8, 8328.74
61.861, 47559.3, 8328.51
61.862, 47559.8, 8328.28
61.863, 47560.4, 8328.06
61.864, 47560.9, 8327.83
61.865, 47561.4, 8327.61
61.866, 47562, 8327.38
61.867, 47562.5, 8327.15
61.868, 47563, 8326.93
61.869, 47563.6, 8326.7
61.87, 47564.1, 8326.48
61.871, 47564.6, 8326.25
61.872, 47565.2, 8326.02
61.873, 47565.7, 8325.8
61.874, 47566.3, 8325.57
61.875, 47566.8, 8325.35
61.876, 47567.3, 8325.12
61.877, 47567.9, 8324.89
61.878, 47568.4, 8324.67
61.879, 47568.9, 8324.44
61.88, 47569.5, 8324.22
61.881, 47570, 8323.99
61.882, 47570.5, 8323.76
61.883, 47571.1, 8323.54
61.884, 47571.6, 8323.31
61.885, 47572.1, 8323.08
61.886, 47572.7, 8322.86
61.887, 47573.2, 8322.63
61.888, 47573.7, 8322.41
61.889, 47574.3, 8322.18
61.89, 47574.8, 8321.95
61.891, 47575.3, 8321.73
61.892, 47575.9, 8321.5
61.893, 47576.4, 8321.27
61.894, 47576.9, 8321.05
61.895, 47577.5, 8320.82
61.896, 47578, 8320.59
61.897, 47578.5, 8320.37
61.898, 47579.1, 8320.14
61.899, 47579.6, 8319.92
61.9, 47580.1, 8319.69
61.901, 47580.7, 8319.46
61.902, 47581.2, 8319.24
61.903, 47581.7, 8319.01
61.904, 47582.3, 8318.78
61.905, 47582.8, 8318.56
61.906, 47583.3, 8318.33
61.907, 47583.9, 8318.1
61.908, 47584.4, 8317.88
61.909, 47584.9, 8317.65
61.91, 47585.5, 8317.42
61.911, 47586, 8317.2
61.912, 47586.5, 8316.97
61.913, 47587.1, 8316.74
61.914, 47587.6, 8316.52
61.915, 47588.1, 8316.29
61.916, 47588.7, 8316.06
61.917, 47589.2, 8315.84
61.918, 47589.7, 8315.61
61.919, 47590.3, 8315.38
61.92, 47590.8, 8315.16
61.921, 47591.3, 8314.93
61.922, 47591.9, 8314.7
61.923, 47592.4, 8314.48
61.924, 47593, 8314.25
61.925, 47593.5, 8314.02
61.926, 47594, 8313.8
61.927, 47594.6, 8313.57
61.928, 47595.1, 8313.34
61.929, 47595.6, 8313.12
61.93, 47596.2, 8312.89
61.931, 47596.7, 8312.66
61.932, 47597.2, 8312.44
61.933, 47597.8, 8312.21
61.934, 47598.3, 8311.98
61.935, 47598.8, 8311.76
61.936, 47599.4, 8311.53
61.937, 47599.9, 8311.3
61.938, 47600.4, 8311.07
61.939, 47601, 8310.85
61.94, 47601.5, 8310.62
61.941, 47602, 8310.39
61.942, 47602.6, 8310.17
61.943, 47603.1, 8309.94
61.944, 47603.6, 8309.71
61.945, 47604.2, 8309.49
61.946, 47604.7, 8309.26
61.947, 47605.2, 8309.03
61.948, 47605.8, 8308.8
61.949, 47606.3, 8308.58
61.95, 47606.8, 8308.35
61.951, 47607.4, 8308.12
61.952, 47607.9, 8307.9
61.953, 47608.4, 8307.67
61.954, 47609, 8307.44
61.955, 47609.5, 8307.22
61.956, 47610, 8306.99
61.957, 47610.6, 8306.76
61.958, 47611.1, 8306.53
61.959, 47611.6, 8306.31
61.96, 47612.2, 8306.08
61.961, 47612.7, 8305.85
61.962, 47613.2, 8305.63
61.963, 47613.8, 8305.4
61.964, 47614.3, 8305.17
61.965, 47614.8, 8304.94
61.966, 47615.4, 8304.72
61.967, 47615.9, 8304.49
61.968, 47616.4, 8304.26
61.969, 47617, 8304.03
61.97, 47617.5, 8303.81
61.971, 47618, 8303.58
61.972, 47618.6, 8303.35
61.973, 47619.1, 8303.13
61.974, 47619.6, 8302.9
61.975, 47620.2, 8302.67
61.976, 47620.7, 8302.44
61.977, 47621.2, 8302.22
61.978, 47621.8, 8301.99
61.979, 47622.3, 8301.76
61.98, 47622.8, 8301.53
61.981, 47623.4, 8301.31
61.982, 47623.9, 8301.08
61.983, 47624.4, 8300.85
61.984, 47625, 8300.62
61.985, 47625.5, 8300.4
61.986, 47626, 8300.17
61.987, 47626.6, 8299.94
61.988, 47627.1, 8299.71
61.989, 47627.6, 8299.49
61.99, 47628.2, 8299.26
61.991, 47628.7, 8299.03
61.992, 47629.2, 8298.8
61.993, 47629.8, 8298.58
61.994, 47630.3, 8298.35
61.995, 47630.8, 8298.12
61.996, 47631.4, 8297.89
61.997, 47631.9, 8297.67
61.998, 47632.4, 8297.44
61.999, 47633, 8297.21
62, 47633.5, 8296.98
62.001, 47634, 8296.76
62.002, 47634.6, 8296.53
62.003, 47635.1, 8296.3
62.004, 47635.6, 8296.07
62.005, 47636.2, 8295.84
62.006, 47636.7, 8295.62
62.007, 47637.2, 8295.39
62.008, 47637.8, 8295.16
62.009, 47638.3, 8294.93
62.01, 47638.8, 8294.71
62.011, 47639.4, 8294.48
62.012, 47639.9, 8294.25
62.013, 47640.4, 8294.02
62.014, 47641, 8293.79
62.015, 47641.5, 8293.57
62.016, 47642, 8293.34
62.017, 47642.6, 8293.11
62.018, 47643.1, 8292.88
62.019, 47643.6, 8292.66
62.02, 47644.2, 8292.43
62.021, 47644.7, 8292.2
62.022, 47645.2, 8291.97
62.023, 47645.8, 8291.74
62.024, 47646.3, 8291.52
62.025, 47646.8, 8291.29
62.026, 47647.4, 8291.06
62.027, 47647.9, 8290.83
62.028, 47648.4, 8290.6
62.029, 47649, 8290.38
62.03, 47649.5, 8290.15
62.031, 47650, 8289.92
62.032, 47650.6, 8289.69
62.033, 47651.1, 8289.46
62.034, 47651.6, 8289.24
62.035, 47652.2, 8289.01
62.036, 47652.7, 8288.78
62.037, 47653.2, 8288.55
62.038, 47653.8, 8288.32
62.039, 47654.3, 8288.09
62.04, 47654.8, 8287.87
62.041, 47655.4, 8287.64
62.042, 47655.9, 8287.41
62.043, 47656.4, 8287.18
62.044, 47657, 8286.95
62.045, 47657.5, 8286.73
62.046, 47658, 8286.5
62.047, 47658.6, 8286.27
62.048, 47659.1, 8286.04
62.049, 47659.6, 8285.81
62.05, 47660.2, 8285.58
62.051, 47660.7, 8285.36
62.052, 47661.2, 8285.13
62.053, 47661.8, 8284.9
62.054, 47662.3, 8284.67
62.055, 47662.8, 8284.44
62.056, 47663.4, 8284.21
62.057, 47663.9, 8283.99
62.058, 47664.4, 8283.76
62.059, 47665, 8283.53
62.06, 47665.5, 8283.3
62.061, 47666, 8283.07
62.062, 47666.6, 8282.84
62.063, 47667.1, 8282.62
62.064, 47667.6, 8282.39
62.065, 47668.2, 8282.16
62.066, 47668.7, 8281.93
62.067, 47669.2, 8281.7
62.068, 47669.8, 8281.47
62.069, 47670.3, 8281.25
62.07, 47670.8, 8281.02
62.071, 47671.4, 8280.79
62.072, 47671.9, 8280.56
62.073, 47672.4, 8280.33
62.074, 47673, 8280.1
62.075, 47673.5, 8279.87
62.076, 47674, 8279.65
62.077, 47674.6, 8279.42
62.078, 47675.1, 8279.19
62.079, 47675.6, 8278.96
62.08, 47676.2, 8278.73
62.081, 47676.7, 8278.5
62.082, 47677.2, 8278.27
62.083, 47677.8, 8278.05
62.084, 47678.3, 8277.82
62.085, 47678.8, 8277.59
62.086, 47679.4, 8277.36
62.087, 47679.9, 8277.13
62.088, 47680.4, 8276.9
62.089, 47681, 8276.67
62.09, 47681.5, 8276.44
62.091, 47682, 8276.22
62.092, 47682.6, 8275.99
62.093, 47683.1, 8275.76
62.094, 47683.6, 8275.53
62.095, 47684.2, 8275.3
62.096, 47684.7, 8275.07
62.097, 47685.2, 8274.84
62.098, 47685.8, 8274.61
62.099, 47686.3, 8274.39
62.1, 47686.8, 8274.16
62.101, 47687.4, 8273.93
62.102, 47687.9, 8273.7
62.103, 47688.4, 8273.47
62.104, 47689, 8273.24
62.105, 47689.5, 8273.01
62.106, 47690, 8272.78
62.107, 47690.6, 8272.55
62.108, 47691.1, 8272.32
62.109, 47691.6, 8272.1
62.11, 47692.2, 8271.87
62.111, 47692.7, 8271.64
62.112, 47693.2, 8271.41
62.113, 47693.8, 8271.18
62.114, 47694.3, 8270.95
62.115, 47694.8, 8270.72
62.116, 47695.4, 8270.49
62.117, 47695.9, 8270.26
62.118, 47696.4, 8270.03
62.119, 47697, 8269.81
62.12, 47697.5, 8269.58
62.121, 47698, 8269.35
62.122, 47698.5, 8269.12
62.123, 47699.1, 8268.89
62.124, 47699.6, 8268.66
62.125, 47700.1, 8268.43
62.126, 47700.7, 8268.2
62.127, 47701.2, 8267.97
62.128, 47701.7, 8267.74
62.129, 47702.3, 8267.51
62.13, 47702.8, 8267.28
62.131, 47703.3, 8267.06
62.132, 47703.9, 8266.83
62.133, 47704.4, 8266.6
62.134, 47704.9, 8266.37
62.135, 47705.5, 8266.14
62.136, 47706, 8265.91
62.137, 47706.5, 8265.68
62.138, 47707.1, 8265.45
62.139, 47707.6, 8265.22
62.14, 47708.1, 8264.99
62.141, 47708.7, 8264.76
62.142, 47709.2, 8264.53
62.143, 47709.7, 8264.3
62.144, 47710.3, 8264.07
62.145, 47710.8, 8263.84
62.146, 47711.3, 8263.62
62.147, 47711.9, 8263.39
62.148, 47712.4, 8263.16
62.149, 47712.9, 8262.93
62.15, 47713.5, 8262.7
62.151, 47714, 8262.47
62.152, 47714.5, 8262.24
62.153, 47715.1, 8262.01
62.154, 47715.6, 8261.78
62.155, 47716.1, 8261.55
62.156, 47716.7, 8261.32
62.157, 47717.2, 8261.09
62.158, 47717.7, 8260.86
62.159, 47718.3, 8260.63
62.16, 47718.8, 8260.4
62.161, 47719.3, 8260.17
62.162, 47719.9, 8259.94
62.163, 47720.4, 8259.71
62.164, 47720.9, 8259.48
62.165, 47721.5, 8259.25
62.166, 47722, 8259.02
62.167, 47722.5, 8258.79
62.168, 47723.1, 8258.56
62.169, 47723.6, 8258.33
62.17, 47724.1, 8258.11
62.171, 47724.6, 8257.88
62.172, 47725.2, 8257.65
62.173, 47725.7, 8257.42
62.174, 47726.2, 8257.19
62.175, 47726.8, 8256.96
62.176, 47727.3, 8256.73
62.177, 47727.8, 8256.5
62.178, 47728.4, 8256.27
62.179, 47728.9, 8256.04
62.18, 47729.4, 8255.81
62.181, 47730, 8255.58
62.182, 47730.5, 8255.35
62.183, 47731, 8255.12
62.184, 47731.6, 8254.89
62.185, 47732.1, 8254.66
62.186, 47732.6, 8254.43
62.187, 47733.2, 8254.2
62.188, 47733.7, 8253.97
62.189, 47734.2, 8253.74
62.19, 47734.8, 8253.51
62.191, 47735.3, 8253.28
62.192, 47735.8, 8253.05
62.193, 47736.4, 8252.82
62.194, 47736.9, 8252.59
62.195, 47737.4, 8252.36
62.196, 47738, 8252.13
62.197, 47738.5, 8251.9
62.198, 47739, 8251.67
62.199, 47739.6, 8251.44
62.2, 47740.1, 8251.21
62.201, 47740.6, 8250.98
62.202, 47741.2, 8250.75
62.203, 47741.7, 8250.52
62.204, 47742.2, 8250.29
62.205, 47742.8, 8250.06
62.206, 47743.3, 8249.83
62.207, 47743.8, 8249.6
62.208, 47744.3, 8249.37
62.209, 47744.9, 8249.14
62.21, 47745.4, 8248.91
62.211, 47745.9, 8248.68
62.212, 47746.5, 8248.45
62.213, 47747, 8248.22
62.214, 47747.5, 8247.99
62.215, 47748.1, 8247.76
62.216, 47748.6, 8247.52
62.217, 47749.1, 8247.29
62.218, 47749.7, 8247.06
62.219, 47750.2, 8246.83
62.22, 47750.7, 8246.6
62.221, 47751.3, 8246.37
62.222, 47751.8, 8246.14
62.223, 47752.3, 8245.91
62.224, 47752.9, 8245.68
62.225, 47753.4, 8245.45
62.226, 47753.9, 8245.22
62.227, 47754.5, 8244.99
62.228, 47755, 8244.76
62.229, 47755.5, 8244.53
62.23, 47756.1, 8244.3
62.231, 47756.6, 8244.07
62.232, 47757.1, 8243.84
62.233, 47757.7, 8243.61
62.234, 47758.2, 8243.38
62.235, 47758.7, 8243.15
62.236, 47759.3, 8242.92
62.237, 47759.8, 8242.69
62.238, 47760.3, 8242.46
62.239, 47760.8, 8242.23
62.24, 47761.4, 8241.99
62.241, 47761.9, 8241.76
62.242, 47762.4, 8241.53
62.243, 47763, 8241.3
62.244, 47763.5, 8241.07
62.245, 47764, 8240.84
62.246, 47764.6, 8240.61
62.247, 47765.1, 8240.38
62.248, 47765.6, 8240.15
62.249, 47766.2, 8239.92
62.25, 47766.7, 8239.69
62.251, 47767.2, 8239.46
62.252, 47767.8, 8239.23
62.253, 47768.3, 8239
62.254, 47768.8, 8238.77
62.255, 47769.4, 8238.53
62.256, 47769.9, 8238.3
62.257, 47770.4, 8238.07
62.258, 47771, 8237.84
62.259, 47771.5, 8237.61
62.26, 47772, 8237.38
62.261, 47772.6, 8237.15
62.262, 47773.1, 8236.92
62.263, 47773.6, 8236.69
62.264, 47774.1, 8236.46
62.265, 47774.7, 8236.23
62.266, 47775.2, 8236
62.267, 47775.7, 8235.76
62.268, 47776.3, 8235.53
62.269, 47776.8, 8235.3
62.27, 47777.3, 8235.07
62.271, 47777.9, 8234.84
62.272, 47778.4, 8234.61
62.273, 47778.9, 8234.38
62.274, 47779.5, 8234.15
62.275, 47780, 8233.92
62.276, 47780.5, 8233.69
62.277, 47781.1, 8233.45
62.278, 47781.6, 8233.22
62.279, 47782.1, 8232.99
62.28, 47782.7, 8232.76
62.281, 47783.2, 8232.53
62.282, 47783.7, 8232.3
62.283, 47784.3, 8232.07
62.284, 47784.8, 8231.84
62.285, 47785.3, 8231.61
62.286, 47785.9, 8231.38
62.287, 47786.4, 8231.14
62.288, 47786.9, 8230.91
62.289, 47787.4, 8230.68
62.29, 47788, 8230.45
62.291, 47788.5, 8230.22
62.292, 47789, 8229.99
62.293, 47789.6, 8229.76
62.294, 47790.1, 8229.53
62.295, 47790.6, 8229.29
62.296, 47791.2, 8229.06
62.297, 47791.7, 8228.83
62.298, 47792.2, 8228.6
62.299, 47792.8, 8228.37
62.3, 47793.3, 8228.14
62.301, 47793.8, 8227.91
62.302, 47794.4, 8227.68
62.303, 47794.9, 8227.44
62.304, 47795.4, 8227.21
62.305, 47796, 8226.98
62.306, 47796.5, 8226.75
62.307, 47797, 8226.52
62.308, 47797.6, 8226.29
62.309, 47798.1, 8226.06
62.31, 47798.6, 8225.82
62.311, 47799.1, 8225.59
62.312, 47799.7, 8225.36
62.313, 47800.2, 8225.13
62.314, 47800.7, 8224.9
62.315, 47801.3, 8224.67
62.316, 47801.8, 8224.44
62.317, 47802.3, 8224.2
62.318, 47802.9, 8223.97
62.319, 47803.4, 8223.74
62.32, 47803.9, 8223.51
62.321, 47804.5, 8223.28
62.322, 47805, 8223.05
62.323, 47805.5, 8222.81
62.324, 47806.1, 8222.58
62.325, 47806.6, 8222.35
62.326, 47807.1, 8222.12
62.327, 47807.7, 8221.89
62.328, 47808.2, 8221.66
62.329, 47808.7, 8221.43
62.33, 47809.3, 8221.19
62.331, 47809.8, 8220.96
62.332, 47810.3, 8220.73
62.333, 47810.8, 8220.5
62.334, 47811.4, 8220.27
62.335, 47811.9, 8220.03
62.336, 47812.4, 8219.8
62.337, 47813, 8219.57
62.338, 47813.5, 8219.34
62.339, 47814, 8219.11
62.34, 47814.6, 8218.88
62.341, 47815.1, 8218.64
62.342, 47815.6, 8218.41
62.343, 47816.2, 8218.18
62.344, 47816.7, 8217.95
62.345, 47817.2, 8217.72
62.346, 47817.8, 8217.49
62.347, 47818.3, 8217.25
62.348, 47818.8, 8217.02
62.349, 47819.4, 8216.79
62.35, 47819.9, 8216.56
62.351, 47820.4, 8216.33
62.352, 47820.9, 8216.09
62.353, 47821.5, 8215.86
62.354, 47822, 8215.63
62.355, 47822.5, 8215.4
62.356, 47823.1, 8215.17
62.357, 47823.6, 8214.93
62.358, 47824.1, 8214.7
62.359, 47824.7, 8214.47
62.36, 47825.2, 8214.24
62.361, 47825.7, 8214.01
62.362, 47826.3, 8213.77
62.363, 47826.8, 8213.54
62.364, 47827.3, 8213.31
62.365, 47827.9, 8213.08
62.366, 47828.4, 8212.85
62.367, 47828.9, 8212.61
62.368, 47829.4, 8212.38
62.369, 47830, 8212.15
62.37, 47830.5, 8211.92
62.371, 47831, 8211.68
62.372, 47831.6, 8211.45
62.373, 47832.1, 8211.22
62.374, 47832.6, 8210.99
62.375, 47833.2, 8210.76
62.376, 47833.7, 8210.52
62.377, 47834.2, 8210.29
62.378, 47834.8, 8210.06
62.379, 47835.3, 8209.83
62.38, 47835.8, 8209.59
62.381, 47836.4, 8209.36
62.382, 47836.9, 8209.13
62.383, 47837.4, 8208.9
62.384, 47838, 8208.67
62.385, 47838.5, 8208.43
62.386, 47839, 8208.2
62.387, 47839.5, 8207.97
62.388, 47840.1, 8207.74
62.389, 47840.6, 8207.5
62.39, 47841.1, 8207.27
62.391, 47841.7, 8207.04
62.392, 47842.2, 8206.81
62.393, 47842.7, 8206.57
62.394, 47843.3, 8206.34
62.395, 47843.8, 8206.11
62.396, 47844.3, 8205.88
62.397, 47844.9, 8205.64
62.398, 47845.4, 8205.41
62.399, 47845.9, 8205.18
62.4, 47846.5, 8204.95
62.401, 47847, 8204.71
62.402, 47847.5, 8204.48
62.403, 47848, 8204.25
62.404, 47848.6, 8204.02
62.405, 47849.1, 8203.78
62.406, 47849.6, 8203.55
62.407, 47850.2, 8203.32
62.408, 47850.7, 8203.09
62.409, 47851.2, 8202.85
62.41, 47851.8, 8202.62
62.411, 47852.3, 8202.39
62.412, 47852.8, 8202.16
62.413, 47853.4, 8201.92
62.414, 47853.9, 8201.69
62.415, 47854.4, 8201.46
62.416, 47855, 8201.22
62.417, 47855.5, 8200.99
62.418, 47856, 8200.76
62.419, 47856.5, 8200.53
62.42, 47857.1, 8200.29
62.421, 47857.6, 8200.06
62.422, 47858.1, 8199.83
62.423, 47858.7, 8199.6
62.424, 47859.2, 8199.36
62.425, 47859.7, 8199.13
62.426, 47860.3, 8198.9
62.427, 47860.8, 8198.66
62.428, 47861.3, 8198.43
62.429, 47861.9, 8198.2
62.43, 47862.4, 8197.97
62.431, 47862.9, 8197.73
62.432, 47863.5, 8197.5
62.433, 47864, 8197.27
62.434, 47864.5, 8197.03
62.435, 47865, 8196.8
62.436, 47865.6, 8196.57
62.437, 47866.1, 8196.33
62.438, 47866.6, 8196.1
62.439, 47867.2, 8195.87
62.44, 47867.7, 8195.64
62.441, 47868.2, 8195.4
62.442, 47868.8, 8195.17
62.443, 47869.3, 8194.94
62.444, 47869.8, 8194.7
62.445, 47870.4, 8194.47
62.446, 47870.9, 8194.24
62.447, 47871.4, 8194
62.448, 47871.9, 8193.77
62.449, 47872.5, 8193.54
62.45, 47873, 8193.3
62.451, 47873.5, 8193.07
62.452, 47874.1, 8192.84
62.453, 47874.6, 8192.61
62.454, 47875.1, 8192.37
62.455, 47875.7, 8192.14
62.456, 47876.2, 8191.91
62.457, 47876.7, 8191.67
62.458, 47877.3, 8191.44
62.459, 47877.8, 8191.21
62.46, 47878.3, 8190.97
62.461, 47878.9, 8190.74
62.462, 47879.4, 8190.51
62.463, 47879.9, 8190.27
62.464, 47880.4, 8190.04
62.465, 47881, 8189.81
62.466, 47881.5, 8189.57
62.467, 47882, 8189.34
62.468, 47882.6, 8189.11
62.469, 47883.1, 8188.87
62.47, 47883.6, 8188.64
62.471, 47884.2, 8188.41
62.472, 47884.7, 8188.17
62.473, 47885.2, 8187.94
62.474, 47885.8, 8187.71
62.475, 47886.3, 8187.47
62.476, 47886.8, 8187.24
62.477, 47887.3, 8187.01
62.478, 47887.9, 8186.77
62.479, 47888.4, 8186.54
62.48, 47888.9, 8186.31
62.481, 47889.5, 8186.07
62.482, 47890, 8185.84
62.483, 47890.5, 8185.6
62.484, 47891.1, 8185.37
62.485, 47891.6, 8185.14
62.486, 47892.1, 8184.9
62.487, 47892.7, 8184.67
62.488, 47893.2, 8184.44
62.489, 47893.7, 8184.2
62.49, 47894.2, 8183.97
62.491, 47894.8, 8183.74
62.492, 47895.3, 8183.5
62.493, 47895.8, 8183.27
62.494, 47896.4, 8183.04
62.495, 47896.9, 8182.8
62.496, 47897.4, 8182.57
62.497, 47898, 8182.33
62.498, 47898.5, 8182.1
62.499, 47899, 8181.87
62.5, 47899.6, 8181.63
62.501, 47900.1, 8181.4
62.502, 47900.6, 8181.17
62.503, 47901.1, 8180.93
62.504, 47901.7, 8180.7
62.505, 47902.2, 8180.46
62.506, 47902.7, 8180.23
62.507, 47903.3, 8180
62.508, 47903.8, 8179.76
62.509, 47904.3, 8179.53
62.51, 47904.9, 8179.29
62.511, 47905.4, 8179.06
62.512, 47905.9, 8178.83
62.513, 47906.5, 8178.59
62.514, 47907, 8178.36
62.515, 47907.5, 8178.13
62.516, 47908, 8177.89
62.517, 47908.6, 8177.66
62.518, 47909.1, 8177.42
62.519, 47909.6, 8177.19
62.52, 47910.2, 8176.96
62.521, 47910.7, 8176.72
62.522, 47911.2, 8176.49
62.523, 47911.8, 8176.25
62.524, 47912.3, 8176.02
62.525, 47912.8, 8175.79
62.526, 47913.4, 8175.55
62.527, 47913.9, 8175.32
62.528, 47914.4, 8175.08
62.529, 47914.9, 8174.85
62.53, 47915.5, 8174.62
62.531, 47916, 8174.38
62.532, 47916.5, 8174.15
62.533, 47917.1, 8173.91
62.534, 47917.6, 8173.68
62.535, 47918.1, 8173.44
62.536, 47918.7, 8173.21
62.537, 47919.2, 8172.98
62.538, 47919.7, 8172.74
62.539, 47920.2, 8172.51
62.54, 47920.8, 8172.27
62.541, 47921.3, 8172.04
62.542, 47921.8, 8171.8
62.543, 47922.4, 8171.57
62.544, 47922.9, 8171.34
62.545, 47923.4, 8171.1
62.546, 47924, 8170.87
62.547, 47924.5, 8170.63
62.548, 47925, 8170.4
62.549, 47925.6, 8170.16
62.55, 47926.1, 8169.93
62.551, 47926.6, 8169.7
62.552, 47927.1, 8169.46
62.553, 47927.7, 8169.23
62.554, 47928.2, 8168.99
62.555, 47928.7, 8168.76
62.556, 47929.3, 8168.52
62.557, 47929.8, 8168.29
62.558, 47930.3, 8168.06
62.559, 47930.9, 8167.82
62.56, 47931.4, 8167.59
62.561, 47931.9, 8167.35
62.562, 47932.4, 8167.12
62.563, 47933, 8166.88
62.564, 47933.5, 8166.65
62.565, 47934, 8166.41
62.566, 47934.6, 8166.18
62.567, 47935.1, 8165.94
62.568, 47935.6, 8165.71
62.569, 47936.2, 8165.48
62.57, 47936.7, 8165.24
62.571, 47937.2, 8165.01
62.572, 47937.8, 8164.77
62.573, 47938.3, 8164.54
62.574, 47938.8, 8164.3
62.575, 47939.3, 8164.07
62.576, 47939.9, 8163.83
62.577, 47940.4, 8163.6
62.578, 47940.9, 8163.36
62.579, 47941.5, 8163.13
62.58, 47942, 8162.89
62.581, 47942.5, 8162.66
62.582, 47943.1, 8162.42
62.583, 47943.6, 8162.19
62.584, 47944.1, 8161.96
62.585, 47944.6, 8161.72
62.586, 47945.2, 8161.49
62.587, 47945.7, 8161.25
62.588, 47946.2, 8161.02
62.589, 47946.8, 8160.78
62.59, 47947.3, 8160.55
62.591, 47947.8, 8160.31
62.592, 47948.4, 8160.08
62.593, 47948.9, 8159.84
62.594, 47949.4, 8159.61
62.595, 47949.9, 8159.37
62.596, 47950.5, 8159.14
62.597, 47951, 8158.9
62.598, 47951.5, 8158.67
62.599, 47952.1, 8158.43
62.6, 47952.6, 8158.2
62.601, 47953.1, 8157.96
62.602, 47953.7, 8157.73
62.603, 47954.2, 8157.49
62.604, 47954.7, 8157.26
62.605, 47955.2, 8157.02
62.606, 47955.8, 8156.79
62.607, 47956.3, 8156.55
62.608, 47956.8, 8156.32
62.609, 47957.4, 8156.08
62.61, 47957.9, 8155.85
62.611, 47958.4, 8155.61
62.612, 47959, 8155.38
62.613, 47959.5, 8155.14
62.614, 47960, 8154.91
62.615, 47960.6, 8154.67
62.616, 47961.1, 8154.44
62.617, 47961.6, 8154.2
62.618, 47962.1, 8153.97
62.619, 47962.7, 8153.73
62.62, 47963.2, 8153.5
62.621, 47963.7, 8153.26
62.622, 47964.3, 8153.02
62.623, 47964.8, 8152.79
62.624, 47965.3, 8152.55
62.625, 47965.9, 8152.32
62.626, 47966.4, 8152.08
62.627, 47966.9, 8151.85
62.628, 47967.4, 8151.61
62.629, 47968, 8151.38
62.63, 47968.5, 8151.14
62.631, 47969, 8150.91
62.632, 47969.6, 8150.67
62.633, 47970.1, 8150.44
62.634, 47970.6, 8150.2
62.635, 47971.2, 8149.97
62.636, 47971.7, 8149.73
62.637, 47972.2, 8149.5
62.638, 47972.7, 8149.26
62.639, 47973.3, 8149.02
62.64, 47973.8, 8148.79
62.641, 47974.3, 8148.55
62.642, 47974.9, 8148.32
62.643, 47975.4, 8148.08
62.644, 47975.9, 8147.85
62.645, 47976.5, 8147.61
62.646, 47977, 8147.38
62.647, 47977.5, 8147.14
62.648, 47978, 8146.9
62.649, 47978.6, 8146.67
62.65, 47979.1, 8146.43
62.651, 47979.6, 8146.2
62.652, 47980.2, 8145.96
62.653, 47980.7, 8145.73
62.654, 47981.2, 8145.49
62.655, 47981.7, 8145.26
62.656, 47982.3, 8145.02
62.657, 47982.8, 8144.78
62.658, 47983.3, 8144.55
62.659, 47983.9, 8144.31
62.66, 47984.4, 8144.08
62.661, 47984.9, 8143.84
62.662, 47985.5, 8143.61
62.663, 47986, 8143.37
62.664, 47986.5, 8143.13
62.665, 47987, 8142.9
62.666, 47987.6, 8142.66
62.667, 47988.1, 8142.43
62.668, 47988.6, 8142.19
62.669, 47989.2, 8141.96
62.67, 47989.7, 8141.72
62.671, 47990.2, 8141.48
62.672, 47990.8, 8141.25
62.673, 47991.3, 8141.01
62.674, 47991.8, 8140.78
62.675, 47992.3, 8140.54
62.676, 47992.9, 8140.3
62.677, 47993.4, 8140.07
62.678, 47993.9, 8139.83
62.679, 47994.5, 8139.6
62.68, 47995, 8139.36
62.681, 47995.5, 8139.12
62.682, 47996.1, 8138.89
62.683, 47996.6, 8138.65
62.684, 47997.1, 8138.42
62.685, 47997.6, 8138.18
62.686, 47998.2, 8137.94
62.687, 47998.7, 8137.71
62.688, 47999.2, 8137.47
62.689, 47999.8, 8137.24
62.69, 48000.3, 8137
62.691, 48000.8, 8136.76
62.692, 48001.4, 8136.53
62.693, 48001.9, 8136.29
62.694, 48002.4, 8136.06
62.695, 48002.9, 8135.82
62.696, 48003.5, 8135.58
62.697, 48004, 8135.35
62.698, 48004.5, 8135.11
62.699, 48005.1, 8134.88
62.7, 48005.6, 8134.64
62.701, 48006.1, 8134.4
62.702, 48006.6, 8134.17
62.703, 48007.2, 8133.93
62.704, 48007.7, 8133.69
62.705, 48008.2, 8133.46
62.706, 48008.8, 8133.22
62.707, 48009.3, 8132.99
62.708, 48009.8, 8132.75
62.709, 48010.4, 8132.51
62.71, 48010.9, 8132.28
62.711, 48011.4, 8132.04
62.712, 48011.9, 8131.8
62.713, 48012.5, 8131.57
62.714, 48013, 8131.33
62.715, 48013.5, 8131.09
62.716, 48014.1, 8130.86
62.717, 48014.6, 8130.62
62.718, 48015.1, 8130.39
62.719, 48015.7, 8130.15
62.72, 48016.2, 8129.91
62.721, 48016.7, 8129.68
62.722, 48017.2, 8129.44
62.723, 48017.8, 8129.2
62.724, 48018.3, 8128.97
62.725, 48018.8, 8128.73
62.726, 48019.4, 8128.49
62.727, 48019.9, 8128.26
62.728, 48020.4, 8128.02
62.729, 48020.9, 8127.78
62.73, 48021.5, 8127.55
62.731, 48022, 8127.31
62.732, 48022.5, 8127.07
62.733, 48023.1, 8126.84
62.734, 48023.6, 8126.6
62.735, 48024.1, 8126.36
62.736, 48024.7, 8126.13
62.737, 48025.2, 8125.89
62.738, 48025.7, 8125.66
62.739, 48026.2, 8125.42
62.74, 48026.8, 8125.18
62.741, 48027.3, 8124.94
62.742, 48027.8, 8124.71
62.743, 48028.4, 8124.47
62.744, 48028.9, 8124.23
62.745, 48029.4, 8124
62.746, 48029.9, 8123.76
62.747, 48030.5, 8123.52
62.748, 48031, 8123.29
62.749, 48031.5, 8123.05
62.75, 48032.1, 8122.81
62.751, 48032.6, 8122.58
62.752, 48033.1, 8122.34
62.753, 48033.7, 8122.1
62.754, 48034.2, 8121.87
62.755, 48034.7, 8121.63
62.756, 48035.2, 8121.39
62.757, 48035.8, 8121.16
62.758, 48036.3, 8120.92
62.759, 48036.8, 8120.68
62.76, 48037.4, 8120.45
62.761, 48037.9, 8120.21
62.762, 48038.4, 8119.97
62.763, 48038.9, 8119.73
62.764, 48039.5, 8119.5
62.765, 48040, 8119.26
62.766, 48040.5, 8119.02
62.767, 48041.1, 8118.79
62.768, 48041.6, 8118.55
62.769, 48042.1, 8118.31
62.77, 48042.6, 8118.08
62.771, 48043.2, 8117.84
62.772, 48043.7, 8117.6
62.773, 48044.2, 8117.36
62.774, 48044.8, 8117.13
62.775, 48045.3, 8116.89
62.776, 48045.8, 8116.65
62.777, 48046.4, 8116.42
62.778, 48046.9, 8116.18
62.779, 48047.4, 8115.94
62.78, 48047.9, 8115.7
62.781, 48048.5, 8115.47
62.782, 48049, 8115.23
62.783, 48049.5, 8114.99
62.784, 48050.1, 8114.76
62.785, 48050.6, 8114.52
62.786, 48051.1, 8114.28
62.787, 48051.6, 8114.04
62.788, 48052.2, 8113.81
62.789, 48052.7, 8113.57
62.79, 48053.2, 8113.33
62.791, 48053.8, 8113.09
62.792, 48054.3, 8112.86
62.793, 48054.8, 8112.62
62.794, 48055.3, 8112.38
62.795, 48055.9, 8112.15
62.796, 48056.4, 8111.91
62.797, 48056.9, 8111.67
62.798, 48057.5, 8111.43
62.799, 48058, 8111.2
62.8, 48058.5, 8110.96
62.801, 48059.1, 8110.72
62.802, 48059.6, 8110.48
62.803, 48060.1, 8110.25
62.804, 48060.6, 8110.01
62.805, 48061.2, 8109.77
62.806, 48061.7, 8109.53
62.807, 48062.2, 8109.3
62.808, 48062.8, 8109.06
62.809, 48063.3, 8108.82
62.81, 48063.8, 8108.58
62.811, 48064.3, 8108.35
62.812, 48064.9, 8108.11
62.813, 48065.4, 8107.87
62.814, 48065.9, 8107.63
62.815, 48066.5, 8107.4
62.816, 48067, 8107.16
62.817, 48067.5, 8106.92
62.818, 48068, 8106.68
62.819, 48068.6, 8106.45
62.82, 48069.1, 8106.21
62.821, 48069.6, 8105.97
62.822, 48070.2, 8105.73
62.823, 48070.7, 8105.49
62.824, 48071.2, 8105.26
62.825, 48071.7, 8105.02
62.826, 48072.3, 8104.78
62.827, 48072.8, 8104.54
62.828, 48073.3, 8104.31
62.829, 48073.9, 8104.07
62.83, 48074.4, 8103.83
62.831, 48074.9, 8103.59
62.832, 48075.5, 8103.35
62.833, 48076, 8103.12
62.834, 48076.5, 8102.88
62.835, 48077, 8102.64
62.836, 48077.6, 8102.4
62.837, 48078.1, 8102.17
62.838, 48078.6, 8101.93
62.839, 48079.2, 8101.69
62.84, 48079.7, 8101.45
62.841, 48080.2, 8101.21
62.842, 48080.7, 8100.98
62.843, 48081.3, 8100.74
62.844, 48081.8, 8100.5
62.845, 48082.3, 8100.26
62.846, 48082.9, 8100.02
62.847, 48083.4, 8099.79
62.848, 48083.9, 8099.55
62.849, 48084.4, 8099.31
62.85, 48085, 8099.07
62.851, 48085.5, 8098.83
62.852, 48086, 8098.6
62.853, 48086.6, 8098.36
62.854, 48087.1, 8098.12
62.855, 48087.6, 8097.88
62.856, 48088.1, 8097.64
62.857, 48088.7, 8097.41
62.858, 48089.2, 8097.17
62.859, 48089.7, 8096.93
62.86, 48090.3, 8096.69
62.861, 48090.8, 8096.45
62.862, 48091.3, 8096.22
62.863, 48091.8, 8095.98
62.864, 48092.4, 8095.74
62.865, 48092.9, 8095.5
62.866, 48093.4, 8095.26
62.867, 48094, 8095.02
62.868, 48094.5, 8094.79
62.869, 48095, 8094.55
62.87, 48095.5, 8094.31
62.871, 48096.1, 8094.07
62.872, 48096.6, 8093.83
62.873, 48097.1, 8093.59
62.874, 48097.7, 8093.36
62.875, 48098.2, 8093.12
62.876, 48098.7, 8092.88
62.877, 48099.2, 8092.64
62.878, 48099.8, 8092.4
62.879, 48100.3, 8092.16
62.88, 48100.8, 8091.93
62.881, 48101.4, 8091.69
62.882, 48101.9, 8091.45
62.883, 48102.4, 8091.21
62.884, 48102.9, 8090.97
62.885, 48103.5, 8090.73
62.886, 48104, 8090.5
62.887, 48104.5, 8090.26
62.888, 48105.1, 8090.02
62.889, 48105.6, 8089.78
62.89, 48106.1, 8089.54
62.891, 48106.6, 8089.3
62.892, 48107.2, 8089.06
62.893, 48107.7, 8088.83
62.894, 48108.2, 8088.59
62.895, 48108.8, 8088.35
62.896, 48109.3, 8088.11
62.897, 48109.8, 8087.87
62.898, 48110.3, 8087.63
62.899, 48110.9, 8087.39
62.9, 48111.4, 8087.16
62.901, 48111.9, 8086.92
62.902, 48112.5, 8086.68
62.903, 48113, 8086.44
62.904, 48113.5, 8086.2
62.905, 48114, 8085.96
62.906, 48114.6, 8085.72
62.907, 48115.1, 8085.48
62.908, 48115.6, 8085.25
62.909, 48116.2, 8085.01
62.91, 48116.7, 8084.77
62.911, 48117.2, 8084.53
62.912, 48117.7, 8084.29
62.913, 48118.3, 8084.05
62.914, 48118.8, 8083.81
62.915, 48119.3, 8083.57
62.916, 48119.9, 8083.34
62.917, 48120.4, 8083.1
62.918, 48120.9, 8082.86
62.919, 48121.4, 8082.62
62.92, 48122, 8082.38
62.921, 48122.5, 8082.14
62.922, 48123, 8081.9
62.923, 48123.6, 8081.66
62.924, 48124.1, 8081.42
62.925, 48124.6, 8081.19
62.926, 48125.1, 8080.95
62.927, 48125.7, 8080.71
62.928, 48126.2, 8080.47
62.929, 48126.7, 8080.23
62.93, 48127.3, 8079.99
62.931, 48127.8, 8079.75
62.932, 48128.3, 8079.51
62.933, 48128.8, 8079.27
62.934, 48129.4, 8079.03
62.935, 48129.9, 8078.8
62.936, 48130.4, 8078.56
62.937, 48131, 8078.32
62.938, 48131.5, 8078.08
62.939, 48132, 8077.84
62.94, 48132.5, 8077.6
62.941, 48133.1, 8077.36
62.942, 48133.6, 8077.12
62.943, 48134.1, 8076.88
62.944, 48134.7, 8076.64
62.945, 48135.2, 8076.4
62.946, 48135.7, 8076.16
62.947, 48136.2, 8075.93
62.948, 48136.8, 8075.69
62.949, 48137.3, 8075.45
62.95, 48137.8, 8075.21
62.951, 48138.4, 8074.97
62.952, 48138.9, 8074.73
62.953, 48139.4, 8074.49
62.954, 48139.9, 8074.25
62.955, 48140.5, 8074.01
62.956, 48141, 8073.77
62.957, 48141.5, 8073.53
62.958, 48142.1, 8073.29
62.959, 48142.6, 8073.05
62.96, 48143.1, 8072.81
62.961, 48143.6, 8072.57
62.962, 48144.2, 8072.34
62.963, 48144.7, 8072.1
62.964, 48145.2, 8071.86
62.965, 48145.7, 8071.62
62.966, 48146.3, 8071.38
62.967, 48146.8, 8071.14
62.968, 48147.3, 8070.9
62.969, 48147.9, 8070.66
62.97, 48148.4, 8070.42
62.971, 48148.9, 8070.18
62.972, 48149.4, 8069.94
62.973, 48150, 8069.7
62.974, 48150.5, 8069.46
62.975, 48151, 8069.22
62.976, 48151.6, 8068.98
62.977, 48152.1, 8068.74
62.978, 48152.6, 8068.5
62.979, 48153.1, 8068.26
62.98, 48153.7, 8068.02
62.981, 48154.2, 8067.78
62.982, 48154.7, 8067.54
62.983, 48155.3, 8067.31
62.984, 48155.8, 8067.07
62.985, 48156.3, 8066.83
62.986, 48156.8, 8066.59
62.987, 48157.4, 8066.35
62.988, 48157.9, 8066.11
62.989, 48158.4, 8065.87
62.99, 48159, 8065.63
62.991, 48159.5, 8065.39
62.992, 48160, 8065.15
62.993, 48160.5, 8064.91
62.994, 48161.1, 8064.67
62.995, 48161.6, 8064.43
62.996, 48162.1, 8064.19
62.997, 48162.6, 8063.95
62.998, 48163.2, 8063.71
62.999, 48163.7, 8063.47
63, 48164.2, 8063.23
63.001, 48164.8, 8062.99
63.002, 48165.3, 8062.75
63.003, 48165.8, 8062.51
63.004, 48166.3, 8062.27
63.005, 48166.9, 8062.03
63.006, 48167.4, 8061.79
63.007, 48167.9, 8061.55
63.008, 48168.5, 8061.31
63.009, 48169, 8061.07
63.01, 48169.5, 8060.83
63.011, 48170, 8060.59
63.012, 48170.6, 8060.35
63.013, 48171.1, 8060.11
63.014, 48171.6, 8059.87
63.015, 48172.1, 8059.63
63.016, 48172.7, 8059.39
63.017, 48173.2, 8059.15
63.018, 48173.7, 8058.91
63.019, 48174.3, 8058.67
63.02, 48174.8, 8058.43
63.021, 48175.3, 8058.19
63.022, 48175.8, 8057.95
63.023, 48176.4, 8057.71
63.024, 48176.9, 8057.47
63.025, 48177.4, 8057.23
63.026, 48178, 8056.99
63.027, 48178.5, 8056.75
63.028, 48179, 8056.51
63.029, 48179.5, 8056.27
63.03, 48180.1, 8056.03
63.031, 48180.6, 8055.79
63.032, 48181.1, 8055.55
63.033, 48181.7, 8055.31
63.034, 48182.2, 8055.07
63.035, 48182.7, 8054.83
63.036, 48183.2, 8054.59
63.037, 48183.8, 8054.35
63.038, 48184.3, 8054.1
63.039, 48184.8, 8053.86
63.04, 48185.3, 8053.62
63.041, 48185.9, 8053.38
63.042, 48186.4, 8053.14
63.043, 48186.9, 8052.9
63.044, 48187.5, 8052.66
63.045, 48188, 8052.42
63.046, 48188.5, 8052.18
63.047, 48189, 8051.94
63.048, 48189.6, 8051.7
63.049, 48190.1, 8051.46
63.05, 48190.6, 8051.22
63.051, 48191.2, 8050.98
63.052, 48191.7, 8050.74
63.053, 48192.2, 8050.5
63.054, 48192.7, 8050.26
63.055, 48193.3, 8050.02
63.056, 48193.8, 8049.78
63.057, 48194.3, 8049.54
63.058, 48194.8, 8049.3
63.059, 48195.4, 8049.05
63.06, 48195.9, 8048.81
63.061, 48196.4, 8048.57
63.062, 48197, 8048.33
63.063, 48197.5, 8048.09
63.064, 48198, 8047.85
63.065, 48198.5, 8047.61
63.066, 48199.1, 8047.37
63.067, 48199.6, 8047.13
63.068, 48200.1, 8046.89
63.069, 48200.6, 8046.65
63.07, 48201.2, 8046.41
63.071, 48201.7, 8046.17
63.072, 48202.2, 8045.93
63.073, 48202.8, 8045.69
63.074, 48203.3, 8045.44
63.075, 48203.8, 8045.2
63.076, 48204.3, 8044.96
63.077, 48204.9, 8044.72
63.078, 48205.4, 8044.48
63.079, 48205.9, 8044.24
63.08, 48206.5, 8044
63.081, 48207, 8043.76
63.082, 48207.5, 8043.52
63.083, 48208, 8043.28
63.084, 48208.6, 8043.04
63.085, 48209.1, 8042.79
63.086, 48209.6, 8042.55
63.087, 48210.1, 8042.31
63.088, 48210.7, 8042.07
63.089, 48211.2, 8041.83
63.09, 48211.7, 8041.59
63.091, 48212.3, 8041.35
63.092, 48212.8, 8041.11
63.093, 48213.3, 8040.87
63.094, 48213.8, 8040.63
63.095, 48214.4, 8040.38
63.096, 48214.9, 8040.14
63.097, 48215.4, 8039.9
63.098, 48215.9, 8039.66
63.099, 48216.5, 8039.42
63.1, 48217, 8039.18
63.101, 48217.5, 8038.94
63.102, 48218.1, 8038.7
63.103, 48218.6, 8038.46
63.104, 48219.1, 8038.22
63.105, 48219.6, 8037.97
63.106, 48220.2, 8037.73
63.107, 48220.7, 8037.49
63.108, 48221.2, 8037.25
63.109, 48221.7, 8037.01
63.11, 48222.3, 8036.77
63.111, 48222.8, 8036.53
63.112, 48223.3, 8036.29
63.113, 48223.9, 8036.04
63.114, 48224.4, 8035.8
63.115, 48224.9, 8035.56
63.116, 48225.4, 8035.32
63.117, 48226, 8035.08
63.118, 48226.5, 8034.84
63.119, 48227, 8034.6
63.12, 48227.5, 8034.35
63.121, 48228.1, 8034.11
63.122, 48228.6, 8033.87
63.123, 48229.1, 8033.63
63.124, 48229.7, 8033.39
63.125, 48230.2, 8033.15
63.126, 48230.7, 8032.91
63.127, 48231.2, 8032.67
63.128, 48231.8, 8032.42
63.129, 48232.3, 8032.18
63.13, 48232.8, 8031.94
63.131, 48233.3, 8031.7
63.132, 48233.9, 8031.46
63.133, 48234.4, 8031.22
63.134, 48234.9, 8030.97
63.135, 48235.5, 8030.73
63.136, 48236, 8030.49
63.137, 48236.5, 8030.25
63.138, 48237, 8030.01
63.139, 48237.6, 8029.77
63.14, 48238.1, 8029.53
63.141, 48238.6, 8029.28
63.142, 48239.1, 8029.04
63.143, 48239.7, 8028.8
63.144, 48240.2, 8028.56
63.145, 48240.7, 8028.32
63.146, 48241.3, 8028.08
63.147, 48241.8, 8027.83
63.148, 48242.3, 8027.59
63.149, 48242.8, 8027.35
63.15, 48243.4, 8027.11
63.151, 48243.9, 8026.87
63.152, 48244.4, 8026.63
63.153, 48244.9, 8026.38
63.154, 48245.5, 8026.14
63.155, 48246, 8025.9
63.156, 48246.5, 8025.66
63.157, 48247.1, 8025.42
63.158, 48247.6, 8025.17
63.159, 48248.1, 8024.93
63.16, 48248.6, 8024.69
63.161, 48249.2, 8024.45
63.162, 48249.7, 8024.21
63.163, 48250.2, 8023.97
63.164, 48250.7, 8023.72
63.165, 48251.3, 8023.48
63.166, 48251.8, 8023.24
63.167, 48252.3, 8023
63.168, 48252.9, 8022.76
63.169, 48253.4, 8022.51
63.17, 48253.9, 8022.27
63.171, 48254.4, 8022.03
63.172, 48255, 8021.79
63.173, 48255.5, 8021.55
63.174, 48256, 8021.3
63.175, 48256.5, 8021.06
63.176, 48257.1, 8020.82
63.177, 48257.6, 8020.58
63.178, 48258.1, 8020.34
63.179, 48258.7, 8020.09
63.18, 48259.2, 8019.85
63.181, 48259.7, 8019.61
63.182, 48260.2, 8019.37
63.183, 48260.8, 8019.12
63.184, 48261.3, 8018.88
63.185, 48261.8, 8018.64
63.186, 48262.3, 8018.4
63.187, 48262.9, 8018.16
63.188, 48263.4, 8017.91
63.189, 48263.9, 8017.67
63.19, 48264.4, 8017.43
63.191, 48265, 8017.19
63.192, 48265.5, 8016.95
63.193, 48266, 8016.7
63.194, 48266.6, 8016.46
63.195, 48267.1, 8016.22
63.196, 48267.6, 8015.98
63.197, 48268.1, 8015.73
63.198, 48268.7, 8015.49
63.199, 48269.2, 8015.25
63.2, 48269.7, 8015.01
63.201, 48270.2, 8014.76
63.202, 48270.8, 8014.52
63.203, 48271.3, 8014.28
63.204, 48271.8, 8014.04
63.205, 48272.4, 8013.79
63.206, 48272.9, 8013.55
63.207, 48273.4, 8013.31
63.208, 48273.9, 8013.07
63.209, 48274.5, 8012.83
63.21, 48275, 8012.58
63.211, 48275.5, 8012.34
63.212, 48276, 8012.1
63.213, 48276.6, 8011.86
63.214, 48277.1, 8011.61
63.215, 48277.6, 8011.37
63.216, 48278.1, 8011.13
63.217, 48278.7, 8010.89
63.218, 48279.2, 8010.64
63.219, 48279.7, 8010.4
63.22, 48280.3, 8010.16
63.221, 48280.8, 8009.91
63.222, 48281.3, 8009.67
63.223, 48281.8, 8009.43
63.224, 48282.4, 8009.19
63.225, 48282.9, 8008.94
63.226, 48283.4, 8008.7
63.227, 48283.9, 8008.46
63.228, 48284.5, 8008.22
63.229, 48285, 8007.97
63.23, 48285.5, 8007.73
63.231, 48286, 8007.49
63.232, 48286.6, 8007.25
63.233, 48287.1, 8007
63.234, 48287.6, 8006.76
63.235, 48288.2, 8006.52
63.236, 48288.7, 8006.27
63.237, 48289.2, 8006.03
63.238, 48289.7, 8005.79
63.239, 48290.3, 8005.55
63.24, 48290.8, 8005.3
63.241, 48291.3, 8005.06
63.242, 48291.8, 8004.82
63.243, 48292.4, 8004.57
63.244, 48292.9, 8004.33
63.245, 48293.4, 8004.09
63.246, 48293.9, 8003.85
63.247, 48294.5, 8003.6
63.248, 48295, 8003.36
63.249, 48295.5, 8003.12
63.25, 48296.1, 8002.87
63.251, 48296.6, 8002.63
63.252, 48297.1, 8002.39
63.253, 48297.6, 8002.15
63.254, 48298.2, 8001.9
63.255, 48298.7, 8001.66
63.256, 48299.2, 8001.42
63.257, 48299.7, 8001.17
63.258, 48300.3, 8000.93
63.259, 48300.8, 8000.69
63.26, 48301.3, 8000.44
63.261, 48301.8, 8000.2
63.262, 48302.4, 7999.96
63.263, 48302.9, 7999.71
63.264, 48303.4, 7999.47
63.265, 48304, 7999.23
63.266, 48304.5, 7998.99
63.267, 48305, 7998.74
63.268, 48305.5, 7998.5
63.269, 48306.1, 7998.26
63.27, 48306.6, 7998.01
63.271, 48307.1, 7997.77
63.272, 48307.6, 7997.53
63.273, 48308.2, 7997.28
63.274, 48308.7, 7997.04
63.275, 48309.2, 7996.8
63.276, 48309.7, 7996.55
63.277, 48310.3, 7996.31
63.278, 48310.8, 7996.07
63.279, 48311.3, 7995.82
63.28, 48311.8, 7995.58
63.281, 48312.4, 7995.34
63.282, 48312.9, 7995.09
63.283, 48313.4, 7994.85
63.284, 48314, 7994.61
63.285, 48314.5, 7994.36
63.286, 48315, 7994.12
63.287, 48315.5, 7993.88
63.288, 48316.1, 7993.63
63.289, 48316.6, 7993.39
63.29, 48317.1, 7993.15
63.291, 48317.6, 7992.9
63.292, 48318.2, 7992.66
63.293, 48318.7, 7992.42
63.294, 48319.2, 7992.17
63.295, 48319.7, 7991.93
63.296, 48320.3, 7991.68
63.297, 48320.8, 7991.44
63.298, 48321.3, 7991.2
63.299, 48321.8, 7990.95
63.3, 48322.4, 7990.71
63.301, 48322.9, 7990.47
63.302, 48323.4, 7990.22
63.303, 48324, 7989.98
63.304, 48324.5, 7989.74
63.305, 48325, 7989.49
63.306, 48325.5, 7989.25
63.307, 48326.1, 7989.01
63.308, 48326.6, 7988.76
63.309, 48327.1, 7988.52
63.31, 48327.6, 7988.27
63.311, 48328.2, 7988.03
63.312, 48328.7, 7987.79
63.313, 48329.2, 7987.54
63.314, 48329.7, 7987.3
63.315, 48330.3, 7987.06
63.316, 48330.8, 7986.81
63.317, 48331.3, 7986.57
63.318, 48331.8, 7986.32
63.319, 48332.4, 7986.08
63.32, 48332.9, 7985.84
63.321, 48333.4, 7985.59
63.322, 48334, 7985.35
63.323, 48334.5, 7985.1
63.324, 48335, 7984.86
63.325, 48335.5, 7984.62
63.326, 48336.1, 7984.37
63.327, 48336.6, 7984.13
63.328, 48337.1, 7983.89
63.329, 48337.6, 7983.64
63.33, 48338.2, 7983.4
63.331, 48338.7, 7983.15
63.332, 48339.2, 7982.91
63.333, 48339.7, 7982.67
63.334, 48340.3, 7982.42
63.335, 48340.8, 7982.18
63.336, 48341.3, 7981.93
63.337, 48341.8, 7981.69
63.338, 48342.4, 7981.45
63.339, 48342.9, 7981.2
63.34, 48343.4, 7980.96
63.341, 48344, 7980.71
63.342, 48344.5, 7980.47
63.343, 48345, 7980.23
63.344, 48345.5, 7979.98
63.345, 48346.1, 7979.74
63.346, 48346.6, 7979.49
63.347, 48347.1, 7979.25
63.348, 48347.6, 7979
63.349, 48348.2, 7978.76
63.35, 48348.7, 7978.52
63.351, 48349.2, 7978.27
63.352, 48349.7, 7978.03
63.353, 48350.3, 7977.78
63.354, 48350.8, 7977.54
63.355, 48351.3, 7977.29
63.356, 48351.8, 7977.05
63.357, 48352.4, 7976.81
63.358, 48352.9, 7976.56
63.359, 48353.4, 7976.32
63.36, 48353.9, 7976.07
63.361, 48354.5, 7975.83
63.362, 48355, 7975.58
63.363, 48355.5, 7975.34
63.364, 48356, 7975.1
63.365, 48356.6, 7974.85
63.366, 48357.1, 7974.61
63.367, 48357.6, 7974.36
63.368, 48358.2, 7974.12
63.369, 48358.7, 7973.87
63.37, 48359.2, 7973.63
63.371, 48359.7, 7973.39
63.372, 48360.3, 7973.14
63.373, 48360.8, 7972.9
63.374, 48361.3, 7972.65
63.375, 48361.8, 7972.41
63.376, 48362.4, 7972.16
63.377, 48362.9, 7971.92
63.378, 48363.4, 7971.67
63.379, 48363.9, 7971.43
63.38, 48364.5, 7971.18
63.381, 48365, 7970.94
63.382, 48365.5, 7970.7
63.383, 48366, 7970.45
63.384, 48366.6, 7970.21
63.385, 48367.1, 7969.96
63.386, 48367.6, 7969.72
63.387, 48368.1, 7969.47
63.388, 48368.7, 7969.23
63.389, 48369.2, 7968.98
63.39, 48369.7, 7968.74
63.391, 48370.2, 7968.49
63.392, 48370.8, 7968.25
63.393, 48371.3, 7968
63.394, 48371.8, 7967.76
63.395, 48372.4, 7967.51
63.396, 48372.9, 7967.27
63.397, 48373.4, 7967.02
63.398, 48373.9, 7966.78
63.399, 48374.5, 7966.54
63.4, 48375, 7966.29
63.401, 48375.5, 7966.05
63.402, 48376, 7965.8
63.403, 48376.6, 7965.56
63.404, 48377.1, 7965.31
63.405, 48377.6, 7965.07
63.406, 48378.1, 7964.82
63.407, 48378.7, 7964.58
63.408, 48379.2, 7964.33
63.409, 48379.7, 7964.09
63.41, 48380.2, 7963.84
63.411, 48380.8, 7963.6
63.412, 48381.3, 7963.35
63.413, 48381.8, 7963.11
63.414, 48382.3, 7962.86
63.415, 48382.9, 7962.62
63.416, 48383.4, 7962.37
63.417, 48383.9, 7962.13
63.418, 48384.4, 7961.88
63.419, 48385, 7961.64
63.42, 48385.5, 7961.39
63.421, 48386, 7961.15
63.422, 48386.5, 7960.9
63.423, 48387.1, 7960.66
63.424, 48387.6, 7960.41
63.425, 48388.1, 7960.17
63.426, 48388.6, 7959.92
63.427, 48389.2, 7959.68
63.428, 48389.7, 7959.43
63.429, 48390.2, 7959.19
63.43, 48390.8, 7958.94
63.431, 48391.3, 7958.7
63.432, 48391.8, 7958.45
63.433, 48392.3, 7958.2
63.434, 48392.9, 7957.96
63.435, 48393.4, 7957.71
63.436, 48393.9, 7957.47
63.437, 48394.4, 7957.22
63.438, 48395, 7956.98
63.439, 48395.5, 7956.73
63.44, 48396, 7956.49
63.441, 48396.5, 7956.24
63.442, 48397.1, 7956
63.443, 48397.6, 7955.75
63.444, 48398.1, 7955.51
63.445, 48398.6, 7955.26
63.446, 48399.2, 7955.02
63.447, 48399.7, 7954.77
63.448, 48400.2, 7954.52
63.449, 48400.7, 7954.28
63.45, 48401.3, 7954.03
63.451, 48401.8, 7953.79
63.452, 48402.3, 7953.54
63.453, 48402.8, 7953.3
63.454, 48403.4, 7953.05
63.455, 48403.9, 7952.81
63.456, 48404.4, 7952.56
63.457, 48404.9, 7952.32
63.458, 48405.5, 7952.07
63.459, 48406, 7951.82
63.46, 48406.5, 7951.58
63.461, 48407, 7951.33
63.462, 48407.6, 7951.09
63.463, 48408.1, 7950.84
63.464, 48408.6, 7950.6
63.465, 48409.1, 7950.35
63.466, 48409.7, 7950.11
63.467, 48410.2, 7949.86
63.468, 48410.7, 7949.61
63.469, 48411.2, 7949.37
63.47, 48411.8, 7949.12
63.471, 48412.3, 7948.88
63.472, 48412.8, 7948.63
63.473, 48413.3, 7948.39
63.474, 48413.9, 7948.14
63.475, 48414.4, 7947.89
63.476, 48414.9, 7947.65
63.477, 48415.4, 7947.4
63.478, 48416, 7947.16
63.479, 48416.5, 7946.91
63.48, 48417, 7946.67
63.481, 48417.5, 7946.42
63.482, 48418.1, 7946.17
63.483, 48418.6, 7945.93
63.484, 48419.1, 7945.68
63.485, 48419.7, 7945.44
63.486, 48420.2, 7945.19
63.487, 48420.7, 7944.94
63.488, 48421.2, 7944.7
63.489, 48421.8, 7944.45
63.49, 48422.3, 7944.21
63.491, 48422.8, 7943.96
63.492, 48423.3, 7943.71
63.493, 48423.9, 7943.47
63.494, 48424.4, 7943.22
63.495, 48424.9, 7942.98
63.496, 48425.4, 7942.73
63.497, 48426, 7942.48
63.498, 48426.5, 7942.24
63.499, 48427, 7941.99
63.5, 48427.5, 7941.75
63.501, 48428.1, 7941.5
63.502, 48428.6, 7941.25
63.503, 48429.1, 7941.01
63.504, 48429.6, 7940.76
63.505, 48430.2, 7940.52
63.506, 48430.7, 7940.27
63.507, 48431.2, 7940.02
63.508, 48431.7, 7939.78
63.509, 48432.3, 7939.53
63.51, 48432.8, 7939.29
63.511, 48433.3, 7939.04
63.512, 48433.8, 7938.79
63.513, 48434.4, 7938.55
63.514, 48434.9, 7938.3
63.515, 48435.4, 7938.05
63.516, 48435.9, 7937.81
63.517, 48436.5, 7937.56
63.518, 48437, 7937.32
63.519, 48437.5, 7937.07
63.52, 48438, 7936.82
63.521, 48438.6, 7936.58
63.522, 48439.1, 7936.33
63.523, 48439.6, 7936.08
63.524, 48440.1, 7935.84
63.525, 48440.7, 7935.59
63.526, 48441.2, 7935.34
63.527, 48441.7, 7935.1
63.528, 48442.2, 7934.85
63.529, 48442.8, 7934.61
63.53, 48443.3, 7934.36
63.531, 48443.8, 7934.11
63.532, 48444.3, 7933.87
63.533, 48444.9, 7933.62
63.534, 48445.4, 7933.37
63.535, 48445.9, 7933.13
63.536, 48446.4, 7932.88
63.537, 48447, 7932.63
63.538, 48447.5, 7932.39
63.539, 48448, 7932.14
63.54, 48448.5, 7931.89
63.541, 48449.1, 7931.65
63.542, 48449.6, 7931.4
63.543, 48450.1, 7931.15
63.544, 48450.6, 7930.91
63.545, 48451.2, 7930.66
63.546, 48451.7, 7930.41
63.547, 48452.2, 7930.17
63.548, 48452.7, 7929.92
63.549, 48453.3, 7929.67
63.55, 48453.8, 7929.43
63.551, 48454.3, 7929.18
63.552, 48454.8, 7928.93
63.553, 48455.4, 7928.69
63.554, 48455.9, 7928.44
63.555, 48456.4, 7928.19
63.556, 48456.9, 7927.95
63.557, 48457.5, 7927.7
63.558, 48458, 7927.45
63.559, 48458.5, 7927.21
63.56, 48459, 7926.96
63.561, 48459.6, 7926.71
63.562, 48460.1, 7926.47
63.563, 48460.6, 7926.22
63.564, 48461.1, 7925.97
63.565, 48461.7, 7925.73
63.566, 48462.2, 7925.48
63.567, 48462.7, 7925.23
63.568, 48463.2, 7924.99
63.569, 48463.8, 7924.74
63.57, 48464.3, 7924.49
63.571, 48464.8, 7924.25
63.572, 48465.3, 7924
63.573, 48465.9, 7923.75
63.574, 48466.4, 7923.5
63.575, 48466.9, 7923.26
63.576, 48467.4, 7923.01
63.577, 48468, 7922.76
63.578, 48468.5, 7922.52
63.579, 48469, 7922.27
63.58, 48469.5, 7922.02
63.581, 48470.1, 7921.77
63.582, 48470.6, 7921.53
63.583, 48471.1, 7921.28
63.584, 48471.6, 7921.03
63.585, 48472.2, 7920.79
63.586, 48472.7, 7920.54
63.587, 48473.2, 7920.29
63.588, 48473.7, 7920.05
63.589, 48474.3, 7919.8
63.59, 48474.8, 7919.55
63.591, 48475.3, 7919.3
63.592, 48475.8, 7919.06
63.593, 48476.3, 7918.81
63.594, 48476.9, 7918.56
63.595, 48477.4, 7918.31
63.596, 48477.9, 7918.07
63.597, 48478.4, 7917.82
63.598, 48479, 7917.57
63.599, 48479.5, 7917.33
63.6, 48480, 7917.08
63.601, 48480.5, 7916.83
63.602, 48481.1, 7916.58
63.603, 48481.6, 7916.34
63.604, 48482.1, 7916.09
63.605, 48482.6, 7915.84
63.606, 48483.2, 7915.59
63.607, 48483.7, 7915.35
63.608, 48484.2, 7915.1
63.609, 48484.7, 7914.85
63.61, 48485.3, 7914.6
63.611, 48485.8, 7914.36
63.612, 48486.3, 7914.11
63.613, 48486.8, 7913.86
63.614, 48487.4, 7913.62
63.615, 48487.9, 7913.37
63.616, 48488.4, 7913.12
63.617, 48488.9, 7912.87
63.618, 48489.5, 7912.63
63.619, 48490, 7912.38
63.62, 48490.5, 7912.13
63.621, 48491, 7911.88
63.622, 48491.6, 7911.63
63.623, 48492.1, 7911.39
63.624, 48492.6, 7911.14
63.625, 48493.1, 7910.89
63.626, 48493.7, 7910.64
63.627, 48494.2, 7910.4
63.628, 48494.7, 7910.15
63.629, 48495.2, 7909.9
63.63, 48495.8, 7909.65
63.631, 48496.3, 7909.41
63.632, 48496.8, 7909.16
63.633, 48497.3, 7908.91
63.634, 48497.9, 7908.66
63.635, 48498.4, 7908.42
63.636, 48498.9, 7908.17
63.637, 48499.4, 7907.92
63.638, 48500, 7907.67
63.639, 48500.5, 7907.42
63.64, 48501, 7907.18
63.641, 48501.5, 7906.93
63.642, 48502.1, 7906.68
63.643, 48502.6, 7906.43
63.644, 48503.1, 7906.19
63.645, 48503.6, 7905.94
63.646, 48504.1, 7905.69
63.647, 48504.7, 7905.44
63.648, 48505.2, 7905.19
63.649, 48505.7, 7904.95
63.65, 48506.2, 7904.7
63.651, 48506.8, 7904.45
63.652, 48507.3, 7904.2
63.653, 48507.8, 7903.95
63.654, 48508.3, 7903.71
63.655, 48508.9, 7903.46
63.656, 48509.4, 7903.21
63.657, 48509.9, 7902.96
63.658, 48510.4, 7902.71
63.659, 48511, 7902.47
63.66, 48511.5, 7902.22
63.661, 48512, 7901.97
63.662, 48512.5, 7901.72
63.663, 48513.1, 7901.47
63.664, 48513.6, 7901.23
63.665, 48514.1, 7900.98
63.666, 48514.6, 7900.73
63.667, 48515.2, 7900.48
63.668, 48515.7, 7900.23
63.669, 48516.2, 7899.98
63.67, 48516.7, 7899.74
63.671, 48517.3, 7899.49
63.672, 48517.8, 7899.24
63.673, 48518.3, 7898.99
63.674, 48518.8, 7898.74
63.675, 48519.4, 7898.5
63.676, 48519.9, 7898.25
63.677, 48520.4, 7898
63.678, 48520.9, 7897.75
63.679, 48521.5, 7897.5
63.68, 48522, 7897.25
63.681, 48522.5, 7897.01
63.682, 48523, 7896.76
63.683, 48523.5, 7896.51
63.684, 48524.1, 7896.26
63.685, 48524.6, 7896.01
63.686, 48525.1, 7895.76
63.687, 48525.6, 7895.52
63.688, 48526.2, 7895.27
63.689, 48526.7, 7895.02
63.69, 48527.2, 7894.77
63.691, 48527.7, 7894.52
63.692, 48528.3, 7894.27
63.693, 48528.8, 7894.03
63.694, 48529.3, 7893.78
63.695, 48529.8, 7893.53
63.696, 48530.4, 7893.28
63.697, 48530.9, 7893.03
63.698, 48531.4, 7892.78
63.699, 48531.9, 7892.53
63.7, 48532.5, 7892.29
63.701, 48533, 7892.04
63.702, 48533.5, 7891.79
63.703, 48534, 7891.54
63.704, 48534.6, 7891.29
63.705, 48535.1, 7891.04
63.706, 48535.6, 7890.79
63.707, 48536.1, 7890.55
63.708, 48536.7, 7890.3
63.709, 48537.2, 7890.05
63.71, 48537.7, 7889.8
63.711, 48538.2, 7889.55
63.712, 48538.7, 7889.3
63.713, 48539.3, 7889.05
63.714, 48539.8, 7888.81
63.715, 48540.3, 7888.56
63.716, 48540.8, 7888.31
63.717, 48541.4, 7888.06
63.718, 48541.9, 7887.81
63.719, 48542.4, 7887.56
63.72, 48542.9, 7887.31
63.721, 48543.5, 7887.06
63.722, 48544, 7886.81
63.723, 48544.5, 7886.57
63.724, 48545, 7886.32
63.725, 48545.6, 7886.07
63.726, 48546.1, 7885.82
63.727, 48546.6, 7885.57
63.728, 48547.1, 7885.32
63.729, 48547.7, 7885.07
63.73, 48548.2, 7884.82
63.731, 48548.7, 7884.58
63.732, 48549.2, 7884.33
63.733, 48549.8, 7884.08
63.734, 48550.3, 7883.83
63.735, 48550.8, 7883.58
63.736, 48551.3, 7883.33
63.737, 48551.8, 7883.08
63.738, 48552.4, 7882.83
63.739, 48552.9, 7882.58
63.74, 48553.4, 7882.33
63.741, 48553.9, 7882.09
63.742, 48554.5, 7881.84
63.743, 48555, 7881.59
63.744, 48555.5, 7881.34
63.745, 48556, 7881.09
63.746, 48556.6, 7880.84
63.747, 48557.1, 7880.59
63.748, 48557.6, 7880.34
63.749, 48558.1, 7880.09
63.75, 48558.7, 7879.84
63.751, 48559.2, 7879.59
63.752, 48559.7, 7879.34
63.753, 48560.2, 7879.1
63.754, 48560.8, 7878.85
63.755, 48561.3, 7878.6
63.756, 48561.8, 7878.35
63.757, 48562.3, 7878.1
63.758, 48562.8, 7877.85
63.759, 48563.4, 7877.6
63.76, 48563.9, 7877.35
63.761, 48564.4, 7877.1
63.762, 48564.9, 7876.85
63.763, 48565.5, 7876.6
63.764, 48566, 7876.35
63.765, 48566.5, 7876.1
63.766, 48567, 7875.85
63.767, 48567.6, 7875.61
63.768, 48568.1, 7875.36
63.769, 48568.6, 7875.11
63.77, 48569.1, 7874.86
63.771, 48569.7, 7874.61
63.772, 48570.2, 7874.36
63.773, 48570.7, 7874.11
63.774, 48571.2, 7873.86
63.775, 48571.8, 7873.61
63.776, 48572.3, 7873.36
63.777, 48572.8, 7873.11
63.778, 48573.3, 7872.86
63.779, 48573.8, 7872.61
63.78, 48574.4, 7872.36
63.781, 48574.9, 7872.11
63.782, 48575.4, 7871.86
63.783, 48575.9, 7871.61
63.784, 48576.5, 7871.36
63.785, 48577, 7871.11
63.786, 48577.5, 7870.86
63.787, 48578, 7870.62
63.788, 48578.6, 7870.37
63.789, 48579.1, 7870.12
63.79, 48579.6, 7869.87
63.791, 48580.1, 7869.62
63.792, 48580.7, 7869.37
63.793, 48581.2, 7869.12
63.794, 48581.7, 7868.87
63.795, 48582.2, 7868.62
63.796, 48582.7, 7868.37
63.797, 48583.3, 7868.12
63.798, 48583.8, 7867.87
63.799, 48584.3, 7867.62
63.8, 48584.8, 7867.37
63.801, 48585.4, 7867.12
63.802, 48585.9, 7866.87
63.803, 48586.4, 7866.62
63.804, 48586.9, 7866.37
63.805, 48587.5, 7866.12
63.806, 48588, 7865.87
63.807, 48588.5, 7865.62
63.808, 48589, 7865.37
63.809, 48589.6, 7865.12
63.81, 48590.1, 7864.87
63.811, 48590.6, 7864.62
63.812, 48591.1, 7864.37
63.813, 48591.6, 7864.12
63.814, 48592.2, 7863.87
63.815, 48592.7, 7863.62
63.816, 48593.2, 7863.37
63.817, 48593.7, 7863.12
63.818, 48594.3, 7862.87
63.819, 48594.8, 7862.62
63.82, 48595.3, 7862.37
63.821, 48595.8, 7862.12
63.822, 48596.4, 7861.87
63.823, 48596.9, 7861.62
63.824, 48597.4, 7861.37
63.825, 48597.9, 7861.12
63.826, 48598.5, 7860.87
63.827, 48599, 7860.62
63.828, 48599.5, 7860.37
63.829, 48600, 7860.12
63.83, 48600.5, 7859.87
63.831, 48601.1, 7859.62
63.832, 48601.6, 7859.37
63.833, 48602.1, 7859.12
63.834, 48602.6, 7858.87
63.835, 48603.2, 7858.62
63.836, 48603.7, 7858.37
63.837, 48604.2, 7858.12
63.838, 48604.7, 7857.87
63.839, 48605.3, 7857.62
63.84, 48605.8, 7857.37
63.841, 48606.3, 7857.12
63.842, 48606.8, 7856.87
63.843, 48607.3, 7856.62
63.844, 48607.9, 7856.37
63.845, 48608.4, 7856.12
63.846, 48608.9, 7855.87
63.847, 48609.4, 7855.61
63.848, 48610, 7855.36
63.849, 48610.5, 7855.11
63.85, 48611, 7854.86
63.851, 48611.5, 7854.61
63.852, 48612.1, 7854.36
63.853, 48612.6, 7854.11
63.854, 48613.1, 7853.86
63.855, 48613.6, 7853.61
63.856, 48614.1, 7853.36
63.857, 48614.7, 7853.11
63.858, 48615.2, 7852.86
63.859, 48615.7, 7852.61
63.86, 48616.2, 7852.36
63.861, 48616.8, 7852.11
63.862, 48617.3, 7851.86
63.863, 48617.8, 7851.61
63.864, 48618.3, 7851.36
63.865, 48618.9, 7851.11
63.866, 48619.4, 7850.86
63.867, 48619.9, 7850.6
63.868, 48620.4, 7850.35
63.869, 48621, 7850.1
63.87, 48621.5, 7849.85
63.871, 48622, 7849.6
63.872, 48622.5, 7849.35
63.873, 48623, 7849.1
63.874, 48623.6, 7848.85
63.875, 48624.1, 7848.6
63.876, 48624.6, 7848.35
63.877, 48625.1, 7848.1
63.878, 48625.7, 7847.85
63.879, 48626.2, 7847.6
63.88, 48626.7, 7847.35
63.881, 48627.2, 7847.09
63.882, 48627.8, 7846.84
63.883, 48628.3, 7846.59
63.884, 48628.8, 7846.34
63.885, 48629.3, 7846.09
63.886, 48629.8, 7845.84
63.887, 48630.4, 7845.59
63.888, 48630.9, 7845.34
63.889, 48631.4, 7845.09
63.89, 48631.9, 7844.84
63.891, 48632.5, 7844.59
63.892, 48633, 7844.34
63.893, 48633.5, 7844.08
63.894, 48634, 7843.83
63.895, 48634.6, 7843.58
63.896, 48635.1, 7843.33
63.897, 48635.6, 7843.08
63.898, 48636.1, 7842.83
63.899, 48636.6, 7842.58
63.9, 48637.2, 7842.33
63.901, 48637.7, 7842.08
63.902, 48638.2, 7841.83
63.903, 48638.7, 7841.57
63.904, 48639.3, 7841.32
63.905, 48639.8, 7841.07
63.906, 48640.3, 7840.82
63.907, 48640.8, 7840.57
63.908, 48641.3, 7840.32
63.909, 48641.9, 7840.07
63.91, 48642.4, 7839.82
63.911, 48642.9, 7839.56
63.912, 48643.4, 7839.31
63.913, 48644, 7839.06
63.914, 48644.5, 7838.81
63.915, 48645, 7838.56
63.916, 48645.5, 7838.31
63.917, 48646.1, 7838.06
63.918, 48646.6, 7837.81
63.919, 48647.1, 7837.56
63.92, 48647.6, 7837.3
63.921, 48648.1, 7837.05
63.922, 48648.7, 7836.8
63.923, 48649.2, 7836.55
63.924, 48649.7, 7836.3
63.925, 48650.2, 7836.05
63.926, 48650.8, 7835.8
63.927, 48651.3, 7835.54
63.928, 48651.8, 7835.29
63.929, 48652.3, 7835.04
63.93, 48652.9, 7834.79
63.931, 48653.4, 7834.54
63.932, 48653.9, 7834.29
63.933, 48654.4, 7834.04
63.934, 48654.9, 7833.78
63.935, 48655.5, 7833.53
63.936, 48656, 7833.28
63.937, 48656.5, 7833.03
63.938, 48657, 7832.78
63.939, 48657.6, 7832.53
63.94, 48658.1, 7832.28
63.941, 48658.6, 7832.02
63.942, 48659.1, 7831.77
63.943, 48659.6, 7831.52
63.944, 48660.2, 7831.27
63.945, 48660.7, 7831.02
63.946, 48661.2, 7830.77
63.947, 48661.7, 7830.51
63.948, 48662.3, 7830.26
63.949, 48662.8, 7830.01
63.95, 48663.3, 7829.76
63.951, 48663.8, 7829.51
63.952, 48664.4, 7829.26
63.953, 48664.9, 7829
63.954, 48665.4, 7828.75
63.955, 48665.9, 7828.5
63.956, 48666.4, 7828.25
63.957, 48667, 7828
63.958, 48667.5, 7827.75
63.959, 48668, 7827.49
63.96, 48668.5, 7827.24
63.961, 48669.1, 7826.99
63.962, 48669.6, 7826.74
63.963, 48670.1, 7826.49
63.964, 48670.6, 7826.23
63.965, 48671.1, 7825.98
63.966, 48671.7, 7825.73
63.967, 48672.2, 7825.48
63.968, 48672.7, 7825.23
63.969, 48673.2, 7824.98
63.97, 48673.8, 7824.72
63.971, 48674.3, 7824.47
63.972, 48674.8, 7824.22
63.973, 48675.3, 7823.97
63.974, 48675.9, 7823.72
63.975, 48676.4, 7823.46
63.976, 48676.9, 7823.21
63.977, 48677.4, 7822.96
63.978, 48677.9, 7822.71
63.979, 48678.5, 7822.46
63.98, 48679, 7822.2
63.981, 48679.5, 7821.95
63.982, 48680, 7821.7
63.983, 48680.6, 7821.45
63.984, 48681.1, 7821.2
63.985, 48681.6, 7820.94
63.986, 48682.1, 7820.69
63.987, 48682.6, 7820.44
63.988, 48683.2, 7820.19
63.989, 48683.7, 7819.93
63.99, 48684.2, 7819.68
63.991, 48684.7, 7819.43
63.992, 48685.3, 7819.18
63.993, 48685.8, 7818.93
63.994, 48686.3, 7818.67
63.995, 48686.8, 7818.42
63.996, 48687.3, 7818.17
63.997, 48687.9, 7817.92
63.998, 48688.4, 7817.66
63.999, 48688.9, 7817.41
64, 48689.4, 7817.16
64.001, 48690, 7816.91
64.002, 48690.5, 7816.66
64.003, 48691, 7816.4
64.004, 48691.5, 7816.15
64.005, 48692, 7815.9
64.006, 48692.6, 7815.65
64.007, 48693.1, 7815.39
64.008, 48693.6, 7815.14
64.009, 48694.1, 7814.89
64.01, 48694.7, 7814.64
64.011, 48695.2, 7814.38
64.012, 48695.7, 7814.13
64.013, 48696.2, 7813.88
64.014, 48696.7, 7813.63
64.015, 48697.3, 7813.37
64.016, 48697.8, 7813.12
64.017, 48698.3, 7812.87
64.018, 48698.8, 7812.62
64.019, 48699.4, 7812.36
64.02, 48699.9, 7812.11
64.021, 48700.4, 7811.86
64.022, 48700.9, 7811.61
64.023, 48701.4, 7811.35
64.024, 48702, 7811.1
64.025, 48702.5, 7810.85
64.026, 48703, 7810.6
64.027, 48703.5, 7810.34
64.028, 48704.1, 7810.09
64.029, 48704.6, 7809.84
64.03, 48705.1, 7809.59
64.031, 48705.6, 7809.33
64.032, 48706.1, 7809.08
64.033, 48706.7, 7808.83
64.034, 48707.2, 7808.58
64.035, 48707.7, 7808.32
64.036, 48708.2, 7808.07
64.037, 48708.8, 7807.82
64.038, 48709.3, 7807.56
64.039, 48709.8, 7807.31
64.04, 48710.3, 7807.06
64.041, 48710.8, 7806.81
64.042, 48711.4, 7806.55
64.043, 48711.9, 7806.3
64.044, 48712.4, 7806.05
64.045, 48712.9, 7805.79
64.046, 48713.5, 7805.54
64.047, 48714, 7805.29
64.048, 48714.5, 7805.04
64.049, 48715, 7804.78
64.05, 48715.5, 7804.53
64.051, 48716.1, 7804.28
64.052, 48716.6, 7804.02
64.053, 48717.1, 7803.77
64.054, 48717.6, 7803.52
64.055, 48718.2, 7803.27
64.056, 48718.7, 7803.01
64.057, 48719.2, 7802.76
64.058, 48719.7, 7802.51
64.059, 48720.2, 7802.25
64.06, 48720.8, 7802
64.061, 48721.3, 7801.75
64.062, 48721.8, 7801.49
64.063, 48722.3, 7801.24
64.064, 48722.9, 7800.99
64.065, 48723.4, 7800.73
64.066, 48723.9, 7800.48
64.067, 48724.4, 7800.23
64.068, 48724.9, 7799.98
64.069, 48725.5, 7799.72
64.07, 48726, 7799.47
64.071, 48726.5, 7799.22
64.072, 48727, 7798.96
64.073, 48727.6, 7798.71
64.074, 48728.1, 7798.46
64.075, 48728.6, 7798.2
64.076, 48729.1, 7797.95
64.077, 48729.6, 7797.7
64.078, 48730.2, 7797.44
64.079, 48730.7, 7797.19
64.08, 48731.2, 7796.94
64.081, 48731.7, 7796.68
64.082, 48732.3, 7796.43
64.083, 48732.8, 7796.18
64.084, 48733.3, 7795.92
64.085, 48733.8, 7795.67
64.086, 48734.3, 7795.42
64.087, 48734.9, 7795.16
64.088, 48735.4, 7794.91
64.089, 48735.9, 7794.66
64.09, 48736.4, 7794.4
64.091, 48737, 7794.15
64.092, 48737.5, 7793.9
64.093, 48738, 7793.64
64.094, 48738.5, 7793.39
64.095, 48739, 7793.14
64.096, 48739.6, 7792.88
64.097, 48740.1, 7792.63
64.098, 48740.6, 7792.38
64.099, 48741.1, 7792.12
64.1, 48741.6, 7791.87
64.101, 48742.2, 7791.61
64.102, 48742.7, 7791.36
64.103, 48743.2, 7791.11
64.104, 48743.7, 7790.85
64.105, 48744.3, 7790.6
64.106, 48744.8, 7790.35
64.107, 48745.3, 7790.09
64.108, 48745.8, 7789.84
64.109, 48746.3, 7789.59
64.11, 48746.9, 7789.33
64.111, 48747.4, 7789.08
64.112, 48747.9, 7788.82
64.113, 48748.4, 7788.57
64.114, 48749, 7788.32
64.115, 48749.5, 7788.06
64.116, 48750, 7787.81
64.117, 48750.5, 7787.56
64.118, 48751, 7787.3
64.119, 48751.6, 7787.05
64.12, 48752.1, 7786.79
64.121, 48752.6, 7786.54
64.122, 48753.1, 7786.29
64.123, 48753.6, 7786.03
64.124, 48754.2, 7785.78
64.125, 48754.7, 7785.53
64.126, 48755.2, 7785.27
64.127, 48755.7, 7785.02
64.128, 48756.3, 7784.76
64.129, 48756.8, 7784.51
64.13, 48757.3, 7784.26
64.131, 48757.8, 7784
64.132, 48758.3, 7783.75
64.133, 48758.9, 7783.49
64.134, 48759.4, 7783.24
64.135, 48759.9, 7782.99
64.136, 48760.4, 7782.73
64.137, 48761, 7782.48
64.138, 48761.5, 7782.22
64.139, 48762, 7781.97
64.14, 48762.5, 7781.72
64.141, 48763, 7781.46
64.142, 48763.6, 7781.21
64.143, 48764.1, 7780.95
64.144, 48764.6, 7780.7
64.145, 48765.1, 7780.45
64.146, 48765.6, 7780.19
64.147, 48766.2, 7779.94
64.148, 48766.7, 7779.68
64.149, 48767.2, 7779.43
64.15, 48767.7, 7779.18
64.151, 48768.3, 7778.92
64.152, 48768.8, 7778.67
64.153, 48769.3, 7778.41
64.154, 48769.8, 7778.16
64.155, 48770.3, 7777.9
64.156, 48770.9, 7777.65
64.157, 48771.4, 7777.4
64.158, 48771.9, 7777.14
64.159, 48772.4, 7776.89
64.16, 48772.9, 7776.63
64.161, 48773.5, 7776.38
64.162, 48774, 7776.12
64.163, 48774.5, 7775.87
64.164, 48775, 7775.62
64.165, 48775.6, 7775.36
64.166, 48776.1, 7775.11
64.167, 48776.6, 7774.85
64.168, 48777.1, 7774.6
64.169, 48777.6, 7774.34
64.17, 48778.2, 7774.09
64.171, 48778.7, 7773.83
64.172, 48779.2, 7773.58
64.173, 48779.7, 7773.33
64.174, 48780.2, 7773.07
64.175, 48780.8, 7772.82
64.176, 48781.3, 7772.56
64.177, 48781.8, 7772.31
64.178, 48782.3, 7772.05
64.179, 48782.9, 7771.8
64.18, 48783.4, 7771.54
64.181, 48783.9, 7771.29
64.182, 48784.4, 7771.04
64.183, 48784.9, 7770.78
64.184, 48785.5, 7770.53
64.185, 48786, 7770.27
64.186, 48786.5, 7770.02
64.187, 48787, 7769.76
64.188, 48787.5, 7769.51
64.189, 48788.1, 7769.25
64.19, 48788.6, 7769
64.191, 48789.1, 7768.74
64.192, 48789.6, 7768.49
64.193, 48790.2, 7768.23
64.194, 48790.7, 7767.98
64.195, 48791.2, 7767.72
64.196, 48791.7, 7767.47
64.197, 48792.2, 7767.22
64.198, 48792.8, 7766.96
64.199, 48793.3, 7766.71
64.2, 48793.8, 7766.45
64.201, 48794.3, 7766.2
64.202, 48794.8, 7765.94
64.203, 48795.4, 7765.69
64.204, 48795.9, 7765.43
64.205, 48796.4, 7765.18
64.206, 48796.9, 7764.92
64.207, 48797.5, 7764.67
64.208, 48798, 7764.41
64.209, 48798.5, 7764.16
64.21, 48799, 7763.9
64.211, 48799.5, 7763.65
64.212, 48800.1, 7763.39
64.213, 48800.6, 7763.14
64.214, 48801.1, 7762.88
64.215, 48801.6, 7762.63
64.216, 48802.1, 7762.37
64.217, 48802.7, 7762.12
64.218, 48803.2, 7761.86
64.219, 48803.7, 7761.61
64.22, 48804.2, 7761.35
64.221, 48804.8, 7761.1
64.222, 48805.3, 7760.84
64.223, 48805.8, 7760.59
64.224, 48806.3, 7760.33
64.225, 48806.8, 7760.08
64.226, 48807.4, 7759.82
64.227, 48807.9, 7759.57
64.228, 48808.4, 7759.31
64.229, 48808.9, 7759.06
64.23, 48809.4, 7758.8
64.231, 48810, 7758.55
64.232, 48810.5, 7758.29
64.233, 48811, 7758.04
64.234, 48811.5, 7757.78
64.235, 48812, 7757.52
64.236, 48812.6, 7757.27
64.237, 48813.1, 7757.01
64.238, 48813.6, 7756.76
64.239, 48814.1, 7756.5
64.24, 48814.7, 7756.25
64.241, 48815.2, 7755.99
64.242, 48815.7, 7755.74
64.243, 48816.2, 7755.48
64.244, 48816.7, 7755.23
64.245, 48817.3, 7754.97
64.246, 48817.8, 7754.72
64.247, 48818.3, 7754.46
64.248, 48818.8, 7754.21
64.249, 48819.3, 7753.95
64.25, 48819.9, 7753.69
64.251, 48820.4, 7753.44
64.252, 48820.9, 7753.18
64.253, 48821.4, 7752.93
64.254, 48821.9, 7752.67
64.255, 48822.5, 7752.42
64.256, 48823, 7752.16
64.257, 48823.5, 7751.91
64.258, 48824, 7751.65
64.259, 48824.6, 7751.4
64.26, 48825.1, 7751.14
64.261, 48825.6, 7750.88
64.262, 48826.1, 7750.63
64.263, 48826.6, 7750.37
64.264, 48827.2, 7750.12
64.265, 48827.7, 7749.86
64.266, 48828.2, 7749.61
64.267, 48828.7, 7749.35
64.268, 48829.2, 7749.1
64.269, 48829.8, 7748.84
64.27, 48830.3, 7748.58
64.271, 48830.8, 7748.33
64.272, 48831.3, 7748.07
64.273, 48831.8, 7747.82
64.274, 48832.4, 7747.56
64.275, 48832.9, 7747.31
64.276, 48833.4, 7747.05
64.277, 48833.9, 7746.79
64.278, 48834.4, 7746.54
64.279, 48835, 7746.28
64.28, 48835.5, 7746.03
64.281, 48836, 7745.77
64.282, 48836.5, 7745.51
64.283, 48837.1, 7745.26
64.284, 48837.6, 7745
64.285, 48838.1, 7744.75
64.286, 48838.6, 7744.49
64.287, 48839.1, 7744.24
64.288, 48839.7, 7743.98
64.289, 48840.2, 7743.72
64.29, 48840.7, 7743.47
64.291, 48841.2, 7743.21
64.292, 48841.7, 7742.96
64.293, 48842.3, 7742.7
64.294, 48842.8, 7742.44
64.295, 48843.3, 7742.19
64.296, 48843.8, 7741.93
64.297, 48844.3, 7741.68
64.298, 48844.9, 7741.42
64.299, 48845.4, 7741.16
64.3, 48845.9, 7740.91
64.301, 48846.4, 7740.65
64.302, 48846.9, 7740.4
64.303, 48847.5, 7740.14
64.304, 48848, 7739.88
64.305, 48848.5, 7739.63
64.306, 48849, 7739.37
64.307, 48849.5, 7739.11
64.308, 48850.1, 7738.86
64.309, 48850.6, 7738.6
64.31, 48851.1, 7738.35
64.311, 48851.6, 7738.09
64.312, 48852.2, 7737.83
64.313, 48852.7, 7737.58
64.314, 48853.2, 7737.32
64.315, 48853.7, 7737.07
64.316, 48854.2, 7736.81
64.317, 48854.8, 7736.55
64.318, 48855.3, 7736.3
64.319, 48855.8, 7736.04
64.32, 48856.3, 7735.78
64.321, 48856.8, 7735.53
64.322, 48857.4, 7735.27
64.323, 48857.9, 7735.01
64.324, 48858.4, 7734.76
64.325, 48858.9, 7734.5
64.326, 48859.4, 7734.25
64.327, 48860, 7733.99
64.328, 48860.5, 7733.73
64.329, 48861, 7733.48
64.33, 48861.5, 7733.22
64.331, 48862, 7732.96
64.332, 48862.6, 7732.71
64.333, 48863.1, 7732.45
64.334, 48863.6, 7732.19
64.335, 48864.1, 7731.94
64.336, 48864.6, 7731.68
64.337, 48865.2, 7731.42
64.338, 48865.7, 7731.17
64.339, 48866.2, 7730.91
64.34, 48866.7, 7730.66
64.341, 48867.2, 7730.4
64.342, 48867.8, 7730.14
64.343, 48868.3, 7729.89
64.344, 48868.8, 7729.63
64.345, 48869.3, 7729.37
64.346, 48869.9, 7729.12
64.347, 48870.4, 7728.86
64.348, 48870.9, 7728.6
64.349, 48871.4, 7728.35
64.35, 48871.9, 7728.09
64.351, 48872.5, 7727.83
64.352, 48873, 7727.58
64.353, 48873.5, 7727.32
64.354, 48874, 7727.06
64.355, 48874.5, 7726.81
64.356, 48875.1, 7726.55
64.357, 48875.6, 7726.29
64.358, 48876.1, 7726.03
64.359, 48876.6, 7725.78
64.36, 48877.1, 7725.52
64.361, 48877.7, 7725.26
64.362, 48878.2, 7725.01
64.363, 48878.7, 7724.75
64.364, 48879.2, 7724.49
64.365, 48879.7, 7724.24
64.366, 48880.3, 7723.98
64.367, 48880.8, 7723.72
64.368, 48881.3, 7723.47
64.369, 48881.8, 7723.21
64.37, 48882.3, 7722.95
64.371, 48882.9, 7722.7
64.372, 48883.4, 7722.44
64.373, 48883.9, 7722.18
64.374, 48884.4, 7721.92
64.375, 48884.9, 7721.67
64.376, 48885.5, 7721.41
64.377, 48886, 7721.15
64.378, 48886.5, 7720.9
64.379, 48887, 7720.64
64.38, 48887.5, 7720.38
64.381, 48888.1, 7720.13
64.382, 48888.6, 7719.87
64.383, 48889.1, 7719.61
64.384, 48889.6, 7719.35
64.385, 48890.1, 7719.1
64.386, 48890.7, 7718.84
64.387, 48891.2, 7718.58
64.388, 48891.7, 7718.33
64.389, 48892.2, 7718.07
64.39, 48892.7, 7717.81
64.391, 48893.3, 7717.55
64.392, 48893.8, 7717.3
64.393, 48894.3, 7717.04
64.394, 48894.8, 7716.78
64.395, 48895.3, 7716.53
64.396, 48895.9, 7716.27
64.397, 48896.4, 7716.01
64.398, 48896.9, 7715.75
64.399, 48897.4, 7715.5
64.4, 48897.9, 7715.24
64.401, 48898.5, 7714.98
64.402, 48899, 7714.72
64.403, 48899.5, 7714.47
64.404, 48900, 7714.21
64.405, 48900.5, 7713.95
64.406, 48901.1, 7713.69
64.407, 48901.6, 7713.44
64.408, 48902.1, 7713.18
64.409, 48902.6, 7712.92
64.41, 48903.1, 7712.66
64.411, 48903.7, 7712.41
64.412, 48904.2, 7712.15
64.413, 48904.7, 7711.89
64.414, 48905.2, 7711.63
64.415, 48905.8, 7711.38
64.416, 48906.3, 7711.12
64.417, 48906.8, 7710.86
64.418, 48907.3, 7710.6
64.419, 48907.8, 7710.35
64.42, 48908.4, 7710.09
64.421, 48908.9, 7709.83
64.422, 48909.4, 7709.57
64.423, 48909.9, 7709.32
64.424, 48910.4, 7709.06
64.425, 48911, 7708.8
64.426, 48911.5, 7708.54
64.427, 48912, 7708.29
64.428, 48912.5, 7708.03
64.429, 48913, 7707.77
64.43, 48913.6, 7707.51
64.431, 48914.1, 7707.26
64.432, 48914.6, 7707
64.433, 48915.1, 7706.74
64.434, 48915.6, 7706.48
64.435, 48916.2, 7706.22
64.436, 48916.7, 7705.97
64.437, 48917.2, 7705.71
64.438, 48917.7, 7705.45
64.439, 48918.2, 7705.19
64.44, 48918.8, 7704.94
64.441, 48919.3, 7704.68
64.442, 48919.8, 7704.42
64.443, 48920.3, 7704.16
64.444, 48920.8, 7703.9
64.445, 48921.3, 7703.65
64.446, 48921.9, 7703.39
64.447, 48922.4, 7703.13
64.448, 48922.9, 7702.87
64.449, 48923.4, 7702.61
64.45, 48923.9, 7702.36
64.451, 48924.5, 7702.1
64.452, 48925, 7701.84
64.453, 48925.5, 7701.58
64.454, 48926, 7701.33
64.455, 48926.5, 7701.07
64.456, 48927.1, 7700.81
64.457, 48927.6, 7700.55
64.458, 48928.1, 7700.29
64.459, 48928.6, 7700.03
64.46, 48929.1, 7699.78
64.461, 48929.7, 7699.52
64.462, 48930.2, 7699.26
64.463, 48930.7, 7699
64.464, 48931.2, 7698.74
64.465, 48931.7, 7698.49
64.466, 48932.3, 7698.23
64.467, 48932.8, 7697.97
64.468, 48933.3, 7697.71
64.469, 48933.8, 7697.45
64.47, 48934.3, 7697.2
64.471, 48934.9, 7696.94
64.472, 48935.4, 7696.68
64.473, 48935.9, 7696.42
64.474, 48936.4, 7696.16
64.475, 48936.9, 7695.9
64.476, 48937.5, 7695.65
64.477, 48938, 7695.39
64.478, 48938.5, 7695.13
64.479, 48939, 7694.87
64.48, 48939.5, 7694.61
64.481, 48940.1, 7694.35
64.482, 48940.6, 7694.1
64.483, 48941.1, 7693.84
64.484, 48941.6, 7693.58
64.485, 48942.1, 7693.32
64.486, 48942.7, 7693.06
64.487, 48943.2, 7692.8
64.488, 48943.7, 7692.55
64.489, 48944.2, 7692.29
64.49, 48944.7, 7692.03
64.491, 48945.3, 7691.77
64.492, 48945.8, 7691.51
64.493, 48946.3, 7691.25
64.494, 48946.8, 7690.99
64.495, 48947.3, 7690.74
64.496, 48947.9, 7690.48
64.497, 48948.4, 7690.22
64.498, 48948.9, 7689.96
64.499, 48949.4, 7689.7
64.5, 48949.9, 7689.44
64.501, 48950.5, 7689.19
64.502, 48951, 7688.93
64.503, 48951.5, 7688.67
64.504, 48952, 7688.41
64.505, 48952.5, 7688.15
64.506, 48953.1, 7687.89
64.507, 48953.6, 7687.63
64.508, 48954.1, 7687.37
64.509, 48954.6, 7687.12
64.51, 48955.1, 7686.86
64.511, 48955.7, 7686.6
64.512, 48956.2, 7686.34
64.513, 48956.7, 7686.08
64.514, 48957.2, 7685.82
64.515, 48957.7, 7685.56
64.516, 48958.2, 7685.3
64.517, 48958.8, 7685.05
64.518, 48959.3, 7684.79
64.519, 48959.8, 7684.53
64.52, 48960.3, 7684.27
64.521, 48960.8, 7684.01
64.522, 48961.4, 7683.75
64.523, 48961.9, 7683.49
64.524, 48962.4, 7683.23
64.525, 48962.9, 7682.98
64.526, 48963.4, 7682.72
64.527, 48964, 7682.46
64.528, 48964.5, 7682.2
64.529, 48965, 7681.94
64.53, 48965.5, 7681.68
64.531, 48966, 7681.42
64.532, 48966.6, 7681.16
64.533, 48967.1, 7680.9
64.534, 48967.6, 7680.64
64.535, 48968.1, 7680.39
64.536, 48968.6, 7680.13
64.537, 48969.2, 7679.87
64.538, 48969.7, 7679.61
64.539, 48970.2, 7679.35
64.54, 48970.7, 7679.09
64.541, 48971.2, 7678.83
64.542, 48971.8, 7678.57
64.543, 48972.3, 7678.31
64.544, 48972.8, 7678.05
64.545, 48973.3, 7677.79
64.546, 48973.8, 7677.54
64.547, 48974.4, 7677.28
64.548, 48974.9, 7677.02
64.549, 48975.4, 7676.76
64.55, 48975.9, 7676.5
64.551, 48976.4, 7676.24
64.552, 48976.9, 7675.98
64.553, 48977.5, 7675.72
64.554, 48978, 7675.46
64.555, 48978.5, 7675.2
64.556, 48979, 7674.94
64.557, 48979.5, 7674.68
64.558, 48980.1, 7674.42
64.559, 48980.6, 7674.17
64.56, 48981.1, 7673.91
64.561, 48981.6, 7673.65
64.562, 48982.1, 7673.39
64.563, 48982.7, 7673.13
64.564, 48983.2, 7672.87
64.565, 48983.7, 7672.61
64.566, 48984.2, 7672.35
64.567, 48984.7, 7672.09
64.568, 48985.3, 7671.83
64.569, 48985.8, 7671.57
64.57, 48986.3, 7671.31
64.571, 48986.8, 7671.05
64.572, 48987.3, 7670.79
64.573, 48987.9, 7670.53
64.574, 48988.4, 7670.27
64.575, 48988.9, 7670.01
64.576, 48989.4, 7669.75
64.577, 48989.9, 7669.5
64.578, 48990.4, 7669.24
64.579, 48991, 7668.98
64.58, 48991.5, 7668.72
64.581, 48992, 7668.46
64.582, 48992.5, 7668.2
64.583, 48993, 7667.94
64.584, 48993.6, 7667.68
64.585, 48994.1, 7667.42
64.586, 48994.6, 7667.16
64.587, 48995.1, 7666.9
64.588, 48995.6, 7666.64
64.589, 48996.2, 7666.38
64.59, 48996.7, 7666.12
64.591, 48997.2, 7665.86
64.592, 48997.7, 7665.6
64.593, 48998.2, 7665.34
64.594, 48998.8, 7665.08
64.595, 48999.3, 7664.82
64.596, 48999.8, 7664.56
64.597, 49000.3, 7664.3
64.598, 49000.8, 7664.04
64.599, 49001.3, 7663.78
64.6, 49001.9, 7663.52
64.601, 49002.4, 7663.26
64.602, 49002.9, 7663
64.603, 49003.4, 7662.74
64.604, 49003.9, 7662.48
64.605, 49004.5, 7662.22
64.606, 49005, 7661.96
64.607, 49005.5, 7661.7
64.608, 49006, 7661.44
64.609, 49006.5, 7661.18
64.61, 49007.1, 7660.92
64.611, 49007.6, 7660.66
64.612, 49008.1, 7660.4
64.613, 49008.6, 7660.14
64.614, 49009.1, 7659.88
64.615, 49009.7, 7659.62
64.616, 49010.2, 7659.36
64.617, 49010.7, 7659.1
64.618, 49011.2, 7658.84
64.619, 49011.7, 7658.58
64.62, 49012.2, 7658.32
64.621, 49012.8, 7658.06
64.622, 49013.3, 7657.8
64.623, 49013.8, 7657.54
64.624, 49014.3, 7657.28
64.625, 49014.8, 7657.02
64.626, 49015.4, 7656.76
64.627, 49015.9, 7656.5
64.628, 49016.4, 7656.24
64.629, 49016.9, 7655.98
64.63, 49017.4, 7655.72
64.631, 49018, 7655.46
64.632, 49018.5, 7655.2
64.633, 49019, 7654.94
64.634, 49019.5, 7654.68
64.635, 49020, 7654.42
64.636, 49020.5, 7654.16
64.637, 49021.1, 7653.9
64.638, 49021.6, 7653.64
64.639, 49022.1, 7653.38
64.64, 49022.6, 7653.12
64.641, 49023.1, 7652.86
64.642, 49023.7, 7652.6
64.643, 49024.2, 7652.34
64.644, 49024.7, 7652.08
64.645, 49025.2, 7651.82
64.646, 49025.7, 7651.56
64.647, 49026.3, 7651.3
64.648, 49026.8, 7651.03
64.649, 49027.3, 7650.77
64.65, 49027.8, 7650.51
64.651, 49028.3, 7650.25
64.652, 49028.8, 7649.99
64.653, 49029.4, 7649.73
64.654, 49029.9, 7649.47
64.655, 49030.4, 7649.21
64.656, 49030.9, 7648.95
64.657, 49031.4, 7648.69
64.658, 49032, 7648.43
64.659, 49032.5, 7648.17
64.66, 49033, 7647.91
64.661, 49033.5, 7647.65
64.662, 49034, 7647.39
64.663, 49034.6, 7647.13
64.664, 49035.1, 7646.87
64.665, 49035.6, 7646.61
64.666, 49036.1, 7646.34
64.667, 49036.6, 7646.08
64.668, 49037.1, 7645.82
64.669, 49037.7, 7645.56
64.67, 49038.2, 7645.3
64.671, 49038.7, 7645.04
64.672, 49039.2, 7644.78
64.673, 49039.7, 7644.52
64.674, 49040.3, 7644.26
64.675, 49040.8, 7644
64.676, 49041.3, 7643.74
64.677, 49041.8, 7643.48
64.678, 49042.3, 7643.22
64.679, 49042.9, 7642.95
64.68, 49043.4, 7642.69
64.681, 49043.9, 7642.43
64.682, 49044.4, 7642.17
64.683, 49044.9, 7641.91
64.684, 49045.4, 7641.65
64.685, 49046, 7641.39
64.686, 49046.5, 7641.13
64.687, 49047, 7640.87
64.688, 49047.5, 7640.61
64.689, 49048, 7640.35
64.69, 49048.6, 7640.08
64.691, 49049.1, 7639.82
64.692, 49049.6, 7639.56
64.693, 49050.1, 7639.3
64.694, 49050.6, 7639.04
64.695, 49051.1, 7638.78
64.696, 49051.7, 7638.52
64.697, 49052.2, 7638.26
64.698, 49052.7, 7638
64.699, 49053.2, 7637.74
64.7, 49053.7, 7637.47
64.701, 49054.3, 7637.21
64.702, 49054.8, 7636.95
64.703, 49055.3, 7636.69
64.704, 49055.8, 7636.43
64.705, 49056.3, 7636.17
64.706, 49056.9, 7635.91
64.707, 49057.4, 7635.65
64.708, 49057.9, 7635.38
64.709, 49058.4, 7635.12
64.71, 49058.9, 7634.86
64.711, 49059.4, 7634.6
64.712, 49060, 7634.34
64.713, 49060.5, 7634.08
64.714, 49061, 7633.82
64.715, 49061.5, 7633.56
64.716, 49062, 7633.29
64.717, 49062.6, 7633.03
64.718, 49063.1, 7632.77
64.719, 49063.6, 7632.51
64.72, 49064.1, 7632.25
64.721, 49064.6, 7631.99
64.722, 49065.1, 7631.73
64.723, 49065.7, 7631.47
64.724, 49066.2, 7631.2
64.725, 49066.7, 7630.94
64.726, 49067.2, 7630.68
64.727, 49067.7, 7630.42
64.728, 49068.3, 7630.16
64.729, 49068.8, 7629.9
64.73, 49069.3, 7629.64
64.731, 49069.8, 7629.37
64.732, 49070.3, 7629.11
64.733, 49070.8, 7628.85
64.734, 49071.4, 7628.59
64.735, 49071.9, 7628.33
64.736, 49072.4, 7628.07
64.737, 49072.9, 7627.8
64.738, 49073.4, 7627.54
64.739, 49074, 7627.28
64.74, 49074.5, 7627.02
64.741, 49075, 7626.76
64.742, 49075.5, 7626.5
64.743, 49076, 7626.23
64.744, 49076.5, 7625.97
64.745, 49077.1, 7625.71
64.746, 49077.6, 7625.45
64.747, 49078.1, 7625.19
64.748, 49078.6, 7624.93
64.749, 49079.1, 7624.66
64.75, 49079.7, 7624.4
64.751, 49080.2, 7624.14
64.752, 49080.7, 7623.88
64.753, 49081.2, 7623.62
64.754, 49081.7, 7623.36
64.755, 49082.2, 7623.09
64.756, 49082.8, 7622.83
64.757, 49083.3, 7622.57
64.758, 49083.8, 7622.31
64.759, 49084.3, 7622.05
64.76, 49084.8, 7621.78
64.761, 49085.4, 7621.52
64.762, 49085.9, 7621.26
64.763, 49086.4, 7621
64.764, 49086.9, 7620.74
64.765, 49087.4, 7620.48
64.766, 49087.9, 7620.21
64.767, 49088.5, 7619.95
64.768, 49089, 7619.69
64.769, 49089.5, 7619.43
64.77, 49090, 7619.17
64.771, 49090.5, 7618.9
64.772, 49091.1, 7618.64
64.773, 49091.6, 7618.38
64.774, 49092.1, 7618.12
64.775, 49092.6, 7617.86
64.776, 49093.1, 7617.59
64.777, 49093.6, 7617.33
64.778, 49094.2, 7617.07
64.779, 49094.7, 7616.81
64.78, 49095.2, 7616.54
64.781, 49095.7, 7616.28
64.782, 49096.2, 7616.02
64.783, 49096.8, 7615.76
64.784, 49097.3, 7615.5
64.785, 49097.8, 7615.23
64.786, 49098.3, 7614.97
64.787, 49098.8, 7614.71
64.788, 49099.3, 7614.45
64.789, 49099.9, 7614.18
64.79, 49100.4, 7613.92
64.791, 49100.9, 7613.66
64.792, 49101.4, 7613.4
64.793, 49101.9, 7613.14
64.794, 49102.4, 7612.87
64.795, 49103, 7612.61
64.796, 49103.5, 7612.35
64.797, 49104, 7612.09
64.798, 49104.5, 7611.82
64.799, 49105, 7611.56
64.8, 49105.6, 7611.3
64.801, 49106.1, 7611.04
64.802, 49106.6, 7610.77
64.803, 49107.1, 7610.51
64.804, 49107.6, 7610.25
64.805, 49108.1, 7609.99
64.806, 49108.7, 7609.73
64.807, 49109.2, 7609.46
64.808, 49109.7, 7609.2
64.809, 49110.2, 7608.94
64.81, 49110.7, 7608.68
64.811, 49111.3, 7608.41
64.812, 49111.8, 7608.15
64.813, 49112.3, 7607.89
64.814, 49112.8, 7607.62
64.815, 49113.3, 7607.36
64.816, 49113.8, 7607.1
64.817, 49114.4, 7606.84
64.818, 49114.9, 7606.57
64.819, 49115.4, 7606.31
64.82, 49115.9, 7606.05
64.821, 49116.4, 7605.79
64.822, 49116.9, 7605.52
64.823, 49117.5, 7605.26
64.824, 49118, 7605
64.825, 49118.5, 7604.74
64.826, 49119, 7604.47
64.827, 49119.5, 7604.21
64.828, 49120.1, 7603.95
64.829, 49120.6, 7603.69
64.83, 49121.1, 7603.42
64.831, 49121.6, 7603.16
64.832, 49122.1, 7602.9
64.833, 49122.6, 7602.63
64.834, 49123.2, 7602.37
64.835, 49123.7, 7602.11
64.836, 49124.2, 7601.85
64.837, 49124.7, 7601.58
64.838, 49125.2, 7601.32
64.839, 49125.7, 7601.06
64.84, 49126.3, 7600.79
64.841, 49126.8, 7600.53
64.842, 49127.3, 7600.27
64.843, 49127.8, 7600.01
64.844, 49128.3, 7599.74
64.845, 49128.9, 7599.48
64.846, 49129.4, 7599.22
64.847, 49129.9, 7598.95
64.848, 49130.4, 7598.69
64.849, 49130.9, 7598.43
64.85, 49131.4, 7598.16
64.851, 49132, 7597.9
64.852, 49132.5, 7597.64
64.853, 49133, 7597.38
64.854, 49133.5, 7597.11
64.855, 49134, 7596.85
64.856, 49134.5, 7596.59
64.857, 49135.1, 7596.32
64.858, 49135.6, 7596.06
64.859, 49136.1, 7595.8
64.86, 49136.6, 7595.53
64.861, 49137.1, 7595.27
64.862, 49137.7, 7595.01
64.863, 49138.2, 7594.74
64.864, 49138.7, 7594.48
64.865, 49139.2, 7594.22
64.866, 49139.7, 7593.95
64.867, 49140.2, 7593.69
64.868, 49140.8, 7593.43
64.869, 49141.3, 7593.16
64.87, 49141.8, 7592.9
64.871, 49142.3, 7592.64
64.872, 49142.8, 7592.38
64.873, 49143.3, 7592.11
64.874, 49143.9, 7591.85
64.875, 49144.4, 7591.59
64.876, 49144.9, 7591.32
64.877, 49145.4, 7591.06
64.878, 49145.9, 7590.8
64.879, 49146.5, 7590.53
64.88, 49147, 7590.27
64.881, 49147.5, 7590
64.882, 49148, 7589.74
64.883, 49148.5, 7589.48
64.884, 49149, 7589.21
64.885, 49149.6, 7588.95
64.886, 49150.1, 7588.69
64.887, 49150.6, 7588.42
64.888, 49151.1, 7588.16
64.889, 49151.6, 7587.9
64.89, 49152.1, 7587.63
64.891, 49152.7, 7587.37
64.892, 49153.2, 7587.11
64.893, 49153.7, 7586.84
64.894, 49154.2, 7586.58
64.895, 49154.7, 7586.32
64.896, 49155.2, 7586.05
64.897, 49155.8, 7585.79
64.898, 49156.3, 7585.53
64.899, 49156.8, 7585.26
64.9, 49157.3, 7585
64.901, 49157.8, 7584.73
64.902, 49158.3, 7584.47
64.903, 49158.9, 7584.21
64.904, 49159.4, 7583.94
64.905, 49159.9, 7583.68
64.906, 49160.4, 7583.42
64.907, 49160.9, 7583.15
64.908, 49161.5, 7582.89
64.909, 49162, 7582.62
64.91, 49162.5, 7582.36
64.911, 49163, 7582.1
64.912, 49163.5, 7581.83
64.913, 49164, 7581.57
64.914, 49164.6, 7581.31
64.915, 49165.1, 7581.04
64.916, 49165.6, 7580.78
64.917, 49166.1, 7580.51
64.918, 49166.6, 7580.25
64.919, 49167.1, 7579.99
64.92, 49167.7, 7579.72
64.921, 49168.2, 7579.46
64.922, 49168.7, 7579.19
64.923, 49169.2, 7578.93
64.924, 49169.7, 7578.67
64.925, 49170.2, 7578.4
64.926, 49170.8, 7578.14
64.927, 49171.3, 7577.87
64.928, 49171.8, 7577.61
64.929, 49172.3, 7577.35
64.93, 49172.8, 7577.08
64.931, 49173.3, 7576.82
64.932, 49173.9, 7576.55
64.933, 49174.4, 7576.29
64.934, 49174.9, 7576.03
64.935, 49175.4, 7575.76
64.936, 49175.9, 7575.5
64.937, 49176.5, 7575.23
64.938, 49177, 7574.97
64.939, 49177.5, 7574.71
64.94, 49178, 7574.44
64.941, 49178.5, 7574.18
64.942, 49179, 7573.91
64.943, 49179.6, 7573.65
64.944, 49180.1, 7573.38
64.945, 49180.6, 7573.12
64.946, 49181.1, 7572.86
64.947, 49181.6, 7572.59
64.948, 49182.1, 7572.33
64.949, 49182.7, 7572.06
64.95, 49183.2, 7571.8
64.951, 49183.7, 7571.53
64.952, 49184.2, 7571.27
64.953, 49184.7, 7571.01
64.954, 49185.2, 7570.74
64.955, 49185.8, 7570.48
64.956, 49186.3, 7570.21
64.957, 49186.8, 7569.95
64.958, 49187.3, 7569.68
64.959, 49187.8, 7569.42
64.96, 49188.3, 7569.16
64.961, 49188.9, 7568.89
64.962, 49189.4, 7568.63
64.963, 49189.9, 7568.36
64.964, 49190.4, 7568.1
64.965, 49190.9, 7567.83
64.966, 49191.4, 7567.57
64.967, 49192, 7567.3
64.968, 49192.5, 7567.04
64.969, 49193, 7566.78
64.97, 49193.5, 7566.51
64.971, 49194, 7566.25
64.972, 49194.5, 7565.98
64.973, 49195.1, 7565.72
64.974, 49195.6, 7565.45
64.975, 49196.1, 7565.19
64.976, 49196.6, 7564.92
64.977, 49197.1, 7564.66
64.978, 49197.6, 7564.39
64.979, 49198.2, 7564.13
64.98, 49198.7, 7563.86
64.981, 49199.2, 7563.6
64.982, 49199.7, 7563.34
64.983, 49200.2, 7563.07
64.984, 49200.7, 7562.81
64.985, 49201.3, 7562.54
64.986, 49201.8, 7562.28
64.987, 49202.3, 7562.01
64.988, 49202.8, 7561.75
64.989, 49203.3, 7561.48
64.99, 49203.8, 7561.22
64.991, 49204.4, 7560.95
64.992, 49204.9, 7560.69
64.993, 49205.4, 7560.42
64.994, 49205.9, 7560.16
64.995, 49206.4, 7559.89
64.996, 49207, 7559.63
64.997, 49207.5, 7559.36
64.998, 49208, 7559.1
64.999, 49208.5, 7558.83
65, 49209, 7558.57
65.001, 49209.5, 7558.3
65.002, 49210.1, 7558.04
65.003, 49210.6, 7557.77
65.004, 49211.1, 7557.51
65.005, 49211.6, 7557.24
65.006, 49212.1, 7556.98
65.007, 49212.6, 7556.71
65.008, 49213.2, 7556.45
65.009, 49213.7, 7556.18
65.01, 49214.2, 7555.92
65.011, 49214.7, 7555.65
65.012, 49215.2, 7555.39
65.013, 49215.7, 7555.12
65.014, 49216.3, 7554.86
65.015, 49216.8, 7554.59
65.016, 49217.3, 7554.33
65.017, 49217.8, 7554.06
65.018, 49218.3, 7553.8
65.019, 49218.8, 7553.53
65.02, 49219.4, 7553.27
65.021, 49219.9, 7553
65.022, 49220.4, 7552.74
65.023, 49220.9, 7552.47
65.024, 49221.4, 7552.21
65.025, 49221.9, 7551.94
65.026, 49222.5, 7551.68
65.027, 49223, 7551.41
65.028, 49223.5, 7551.15
65.029, 49224, 7550.88
65.03, 49224.5, 7550.62
65.031, 49225, 7550.35
65.032, 49225.5, 7550.08
65.033, 49226.1, 7549.82
65.034, 49226.6, 7549.55
65.035, 49227.1, 7549.29
65.036, 49227.6, 7549.02
65.037, 49228.1, 7548.76
65.038, 49228.6, 7548.49
65.039, 49229.2, 7548.23
65.04, 49229.7, 7547.96
65.041, 49230.2, 7547.7
65.042, 49230.7, 7547.43
65.043, 49231.2, 7547.17
65.044, 49231.7, 7546.9
65.045, 49232.3, 7546.63
65.046, 49232.8, 7546.37
65.047, 49233.3, 7546.1
65.048, 49233.8, 7545.84
65.049, 49234.3, 7545.57
65.05, 49234.8, 7545.31
65.051, 49235.4, 7545.04
65.052, 49235.9, 7544.78
65.053, 49236.4, 7544.51
65.054, 49236.9, 7544.24
65.055, 49237.4, 7543.98
65.056, 49237.9, 7543.71
65.057, 49238.5, 7543.45
65.058, 49239, 7543.18
65.059, 49239.5, 7542.92
65.06, 49240, 7542.65
65.061, 49240.5, 7542.38
65.062, 49241, 7542.12
65.063, 49241.6, 7541.85
65.064, 49242.1, 7541.59
65.065, 49242.6, 7541.32
65.066, 49243.1, 7541.06
65.067, 49243.6, 7540.79
65.068, 49244.1, 7540.52
65.069, 49244.7, 7540.26
65.07, 49245.2, 7539.99
65.071, 49245.7, 7539.73
65.072, 49246.2, 7539.46
65.073, 49246.7, 7539.2
65.074, 49247.2, 7538.93
65.075, 49247.8, 7538.66
65.076, 49248.3, 7538.4
65.077, 49248.8, 7538.13
65.078, 49249.3, 7537.87
65.079, 49249.8, 7537.6
65.08, 49250.3, 7537.33
65.081, 49250.9, 7537.07
65.082, 49251.4, 7536.8
65.083, 49251.9, 7536.54
65.084, 49252.4, 7536.27
65.085, 49252.9, 7536
65.086, 49253.4, 7535.74
65.087, 49254, 7535.47
65.088, 49254.5, 7535.21
65.089, 49255, 7534.94
65.09, 49255.5, 7534.67
65.091, 49256, 7534.41
65.092, 49256.5, 7534.14
65.093, 49257, 7533.88
65.094, 49257.6, 7533.61
65.095, 49258.1, 7533.34
65.096, 49258.6, 7533.08
65.097, 49259.1, 7532.81
65.098, 49259.6, 7532.54
65.099, 49260.1, 7532.28
65.1, 49260.7, 7532.01
65.101, 49261.2, 7531.75
65.102, 49261.7, 7531.48
65.103, 49262.2, 7531.21
65.104, 49262.7, 7530.95
65.105, 49263.2, 7530.68
65.106, 49263.8, 7530.42
65.107, 49264.3, 7530.15
65.108, 49264.8, 7529.88
65.109, 49265.3, 7529.62
65.11, 49265.8, 7529.35
65.111, 49266.3, 7529.08
65.112, 49266.9, 7528.82
65.113, 49267.4, 7528.55
65.114, 49267.9, 7528.28
65.115, 49268.4, 7528.02
65.116, 49268.9, 7527.75
65.117, 49269.4, 7527.49
65.118, 49270, 7527.22
65.119, 49270.5, 7526.95
65.12, 49271, 7526.69
65.121, 49271.5, 7526.42
65.122, 49272, 7526.15
65.123, 49272.5, 7525.89
65.124, 49273, 7525.62
65.125, 49273.6, 7525.35
65.126, 49274.1, 7525.09
65.127, 49274.6, 7524.82
65.128, 49275.1, 7524.55
65.129, 49275.6, 7524.29
65.13, 49276.1, 7524.02
65.131, 49276.7, 7523.75
65.132, 49277.2, 7523.49
65.133, 49277.7, 7523.22
65.134, 49278.2, 7522.95
65.135, 49278.7, 7522.69
65.136, 49279.2, 7522.42
65.137, 49279.8, 7522.15
65.138, 49280.3, 7521.89
65.139, 49280.8, 7521.62
65.14, 49281.3, 7521.35
65.141, 49281.8, 7521.09
65.142, 49282.3, 7520.82
65.143, 49282.9, 7520.55
65.144, 49283.4, 7520.29
65.145, 49283.9, 7520.02
65.146, 49284.4, 7519.75
65.147, 49284.9, 7519.49
65.148, 49285.4, 7519.22
65.149, 49285.9, 7518.95
65.15, 49286.5, 7518.69
65.151, 49287, 7518.42
65.152, 49287.5, 7518.15
65.153, 49288, 7517.89
65.154, 49288.5, 7517.62
65.155, 49289, 7517.35
65.156, 49289.6, 7517.09
65.157, 49290.1, 7516.82
65.158, 49290.6, 7516.55
65.159, 49291.1, 7516.28
65.16, 49291.6, 7516.02
65.161, 49292.1, 7515.75
65.162, 49292.7, 7515.48
65.163, 49293.2, 7515.22
65.164, 49293.7, 7514.95
65.165, 49294.2, 7514.68
65.166, 49294.7, 7514.42
65.167, 49295.2, 7514.15
65.168, 49295.7, 7513.88
65.169, 49296.3, 7513.61
65.17, 49296.8, 7513.35
65.171, 49297.3, 7513.08
65.172, 49297.8, 7512.81
65.173, 49298.3, 7512.55
65.174, 49298.8, 7512.28
65.175, 49299.4, 7512.01
65.176, 49299.9, 7511.74
65.177, 49300.4, 7511.48
65.178, 49300.9, 7511.21
65.179, 49301.4, 7510.94
65.18, 49301.9, 7510.68
65.181, 49302.5, 7510.41
65.182, 49303, 7510.14
65.183, 49303.5, 7509.87
65.184, 49304, 7509.61
65.185, 49304.5, 7509.34
65.186, 49305, 7509.07
65.187, 49305.5, 7508.8
65.188, 49306.1, 7508.54
65.189, 49306.6, 7508.27
65.19, 49307.1, 7508
65.191, 49307.6, 7507.74
65.192, 49308.1, 7507.47
65.193, 49308.6, 7507.2
65.194, 49309.2, 7506.93
65.195, 49309.7, 7506.67
65.196, 49310.2, 7506.4
65.197, 49310.7, 7506.13
65.198, 49311.2, 7505.86
65.199, 49311.7, 7505.6
65.2, 49312.2, 7505.33
65.201, 49312.8, 7505.06
65.202, 49313.3, 7504.79
65.203, 49313.8, 7504.53
65.204, 49314.3, 7504.26
65.205, 49314.8, 7503.99
65.206, 49315.3, 7503.72
65.207, 49315.9, 7503.46
65.208, 49316.4, 7503.19
65.209, 49316.9, 7502.92
65.21, 49317.4, 7502.65
65.211, 49317.9, 7502.39
65.212, 49318.4, 7502.12
65.213, 49319, 7501.85
65.214, 49319.5, 7501.58
65.215, 49320, 7501.31
65.216, 49320.5, 7501.05
65.217, 49321, 7500.78
65.218, 49321.5, 7500.51
65.219, 49322, 7500.24
65.22, 49322.6, 7499.98
65.221, 49323.1, 7499.71
65.222, 49323.6, 7499.44
65.223, 49324.1, 7499.17
65.224, 49324.6, 7498.91
65.225, 49325.1, 7498.64
65.226, 49325.7, 7498.37
65.227, 49326.2, 7498.1
65.228, 49326.7, 7497.83
65.229, 49327.2, 7497.57
65.23, 49327.7, 7497.3
65.231, 49328.2, 7497.03
65.232, 49328.7, 7496.76
65.233, 49329.3, 7496.49
65.234, 49329.8, 7496.23
65.235, 49330.3, 7495.96
65.236, 49330.8, 7495.69
65.237, 49331.3, 7495.42
65.238, 49331.8, 7495.15
65.239, 49332.4, 7494.89
65.24, 49332.9, 7494.62
65.241, 49333.4, 7494.35
65.242, 49333.9, 7494.08
65.243, 49334.4, 7493.81
65.244, 49334.9, 7493.55
65.245, 49335.4, 7493.28
65.246, 49336, 7493.01
65.247, 49336.5, 7492.74
65.248, 49337, 7492.47
65.249, 49337.5, 7492.21
65.25, 49338, 7491.94
65.251, 49338.5, 7491.67
65.252, 49339.1, 7491.4
65.253, 49339.6, 7491.13
65.254, 49340.1, 7490.87
65.255, 49340.6, 7490.6
65.256, 49341.1, 7490.33
65.257, 49341.6, 7490.06
65.258, 49342.1, 7489.79
65.259, 49342.7, 7489.52
65.26, 49343.2, 7489.26
65.261, 49343.7, 7488.99
65.262, 49344.2, 7488.72
65.263, 49344.7, 7488.45
65.264, 49345.2, 7488.18
65.265, 49345.8, 7487.92
65.266, 49346.3, 7487.65
65.267, 49346.8, 7487.38
65.268, 49347.3, 7487.11
65.269, 49347.8, 7486.84
65.27, 49348.3, 7486.57
65.271, 49348.8, 7486.3
65.272, 49349.4, 7486.04
65.273, 49349.9, 7485.77
65.274, 49350.4, 7485.5
65.275, 49350.9, 7485.23
65.276, 49351.4, 7484.96
65.277, 49351.9, 7484.69
65.278, 49352.4, 7484.43
65.279, 49353, 7484.16
65.28, 49353.5, 7483.89
65.281, 49354, 7483.62
65.282, 49354.5, 7483.35
65.283, 49355, 7483.08
65.284, 49355.5, 7482.81
65.285, 49356.1, 7482.55
65.286, 49356.6, 7482.28
65.287, 49357.1, 7482.01
65.288, 49357.6, 7481.74
65.289, 49358.1, 7481.47
65.29, 49358.6, 7481.2
65.291, 49359.1, 7480.93
65.292, 49359.7, 7480.67
65.293, 49360.2, 7480.4
65.294, 49360.7, 7480.13
65.295, 49361.2, 7479.86
65.296, 49361.7, 7479.59
65.297, 49362.2, 7479.32
65.298, 49362.7, 7479.05
65.299, 49363.3, 7478.79
65.3, 49363.8, 7478.52
65.301, 49364.3, 7478.25
65.302, 49364.8, 7477.98
65.303, 49365.3, 7477.71
65.304, 49365.8, 7477.44
65.305, 49366.4, 7477.17
65.306, 49366.9, 7476.9
65.307, 49367.4, 7476.63
65.308, 49367.9, 7476.37
65.309, 49368.4, 7476.1
65.31, 49368.9, 7475.83
65.311, 49369.4, 7475.56
65.312, 49370, 7475.29
65.313, 49370.5, 7475.02
65.314, 49371, 7474.75
65.315, 49371.5, 7474.48
65.316, 49372, 7474.21
65.317, 49372.5, 7473.95
65.318, 49373, 7473.68
65.319, 49373.6, 7473.41
65.32, 49374.1, 7473.14
65.321, 49374.6, 7472.87
65.322, 49375.1, 7472.6
65.323, 49375.6, 7472.33
65.324, 49376.1, 7472.06
65.325, 49376.7, 7471.79
65.326, 49377.2, 7471.52
65.327, 49377.7, 7471.26
65.328, 49378.2, 7470.99
65.329, 49378.7, 7470.72
65.33, 49379.2, 7470.45
65.331, 49379.7, 7470.18
65.332, 49380.3, 7469.91
65.333, 49380.8, 7469.64
65.334, 49381.3, 7469.37
65.335, 49381.8, 7469.1
65.336, 49382.3, 7468.83
65.337, 49382.8, 7468.56
65.338, 49383.3, 7468.29
65.339, 49383.9, 7468.02
65.34, 49384.4, 7467.76
65.341, 49384.9, 7467.49
65.342, 49385.4, 7467.22
65.343, 49385.9, 7466.95
65.344, 49386.4, 7466.68
65.345, 49386.9, 7466.41
65.346, 49387.5, 7466.14
65.347, 49388, 7465.87
65.348, 49388.5, 7465.6
65.349, 49389, 7465.33
65.35, 49389.5, 7465.06
65.351, 49390, 7464.79
65.352, 49390.6, 7464.52
65.353, 49391.1, 7464.25
65.354, 49391.6, 7463.98
65.355, 49392.1, 7463.72
65.356, 49392.6, 7463.45
65.357, 49393.1, 7463.18
65.358, 49393.6, 7462.91
65.359, 49394.2, 7462.64
65.36, 49394.7, 7462.37
65.361, 49395.2, 7462.1
65.362, 49395.7, 7461.83
65.363, 49396.2, 7461.56
65.364, 49396.7, 7461.29
65.365, 49397.2, 7461.02
65.366, 49397.8, 7460.75
65.367, 49398.3, 7460.48
65.368, 49398.8, 7460.21
65.369, 49399.3, 7459.94
65.37, 49399.8, 7459.67
65.371, 49400.3, 7459.4
65.372, 49400.8, 7459.13
65.373, 49401.4, 7458.86
65.374, 49401.9, 7458.59
65.375, 49402.4, 7458.32
65.376, 49402.9, 7458.05
65.377, 49403.4, 7457.78
65.378, 49403.9, 7457.51
65.379, 49404.4, 7457.24
65.38, 49405, 7456.97
65.381, 49405.5, 7456.7
65.382, 49406, 7456.43
65.383, 49406.5, 7456.16
65.384, 49407, 7455.9
65.385, 49407.5, 7455.63
65.386, 49408, 7455.36
65.387, 49408.6, 7455.09
65.388, 49409.1, 7454.82
65.389, 49409.6, 7454.55
65.39, 49410.1, 7454.28
65.391, 49410.6, 7454.01
65.392, 49411.1, 7453.74
65.393, 49411.6, 7453.47
65.394, 49412.2, 7453.2
65.395, 49412.7, 7452.93
65.396, 49413.2, 7452.66
65.397, 49413.7, 7452.39
65.398, 49414.2, 7452.12
65.399, 49414.7, 7451.85
65.4, 49415.3, 7451.58
65.401, 49415.8, 7451.31
65.402, 49416.3, 7451.04
65.403, 49416.8, 7450.77
65.404, 49417.3, 7450.5
65.405, 49417.8, 7450.23
65.406, 49418.3, 7449.96
65.407, 49418.9, 7449.69
65.408, 49419.4, 7449.42
65.409, 49419.9, 7449.15
65.41, 49420.4, 7448.87
65.411, 49420.9, 7448.6
65.412, 49421.4, 7448.33
65.413, 49421.9, 7448.06
65.414, 49422.5, 7447.79
65.415, 49423, 7447.52
65.416, 49423.5, 7447.25
65.417, 49424, 7446.98
65.418, 49424.5, 7446.71
65.419, 49425, 7446.44
65.42, 49425.5, 7446.17
65.421, 49426.1, 7445.9
65.422, 49426.6, 7445.63
65.423, 49427.1, 7445.36
65.424, 49427.6, 7445.09
65.425, 49428.1, 7444.82
65.426, 49428.6, 7444.55
65.427, 49429.1, 7444.28
65.428, 49429.7, 7444.01
65.429, 49430.2, 7443.74
65.43, 49430.7, 7443.47
65.431, 49431.2, 7443.2
65.432, 49431.7, 7442.93
65.433, 49432.2, 7442.66
65.434, 49432.7, 7442.39
65.435, 49433.3, 7442.12
65.436, 49433.8, 7441.85
65.437, 49434.3, 7441.58
65.438, 49434.8, 7441.31
65.439, 49435.3, 7441.03
65.44, 49435.8, 7440.76
65.441, 49436.3, 7440.49
65.442, 49436.9, 7440.22
65.443, 49437.4, 7439.95
65.444, 49437.9, 7439.68
65.445, 49438.4, 7439.41
65.446, 49438.9, 7439.14
65.447, 49439.4, 7438.87
65.448, 49439.9, 7438.6
65.449, 49440.5, 7438.33
65.45, 49441, 7438.06
65.451, 49441.5, 7437.79
65.452, 49442, 7437.52
65.453, 49442.5, 7437.25
65.454, 49443, 7436.97
65.455, 49443.5, 7436.7
65.456, 49444, 7436.43
65.457, 49444.6, 7436.16
65.458, 49445.1, 7435.89
65.459, 49445.6, 7435.62
65.46, 49446.1, 7435.35
65.461, 49446.6, 7435.08
65.462, 49447.1, 7434.81
65.463, 49447.6, 7434.54
65.464, 49448.2, 7434.27
65.465, 49448.7, 7434
65.466, 49449.2, 7433.73
65.467, 49449.7, 7433.45
65.468, 49450.2, 7433.18
65.469, 49450.7, 7432.91
65.47, 49451.2, 7432.64
65.471, 49451.8, 7432.37
65.472, 49452.3, 7432.1
65.473, 49452.8, 7431.83
65.474, 49453.3, 7431.56
65.475, 49453.8, 7431.29
65.476, 49454.3, 7431.02
65.477, 49454.8, 7430.74
65.478, 49455.4, 7430.47
65.479, 49455.9, 7430.2
65.48, 49456.4, 7429.93
65.481, 49456.9, 7429.66
65.482, 49457.4, 7429.39
65.483, 49457.9, 7429.12
65.484, 49458.4, 7428.85
65.485, 49459, 7428.58
65.486, 49459.5, 7428.3
65.487, 49460, 7428.03
65.488, 49460.5, 7427.76
65.489, 49461, 7427.49
65.49, 49461.5, 7427.22
65.491, 49462, 7426.95
65.492, 49462.6, 7426.68
65.493, 49463.1, 7426.41
65.494, 49463.6, 7426.14
65.495, 49464.1, 7425.86
65.496, 49464.6, 7425.59
65.497, 49465.1, 7425.32
65.498, 49465.6, 7425.05
65.499, 49466.2, 7424.78
65.5, 49466.7, 7424.51
65.501, 49467.2, 7424.24
65.502, 49467.7, 7423.96
65.503, 49468.2, 7423.69
65.504, 49468.7, 7423.42
65.505, 49469.2, 7423.15
65.506, 49469.7, 7422.88
65.507, 49470.3, 7422.61
65.508, 49470.8, 7422.34
65.509, 49471.3, 7422.06
65.51, 49471.8, 7421.79
65.511, 49472.3, 7421.52
65.512, 49472.8, 7421.25
65.513, 49473.3, 7420.98
65.514, 49473.9, 7420.71
65.515, 49474.4, 7420.44
65.516, 49474.9, 7420.16
65.517, 49475.4, 7419.89
65.518, 49475.9, 7419.62
65.519, 49476.4, 7419.35
65.52, 49476.9, 7419.08
65.521, 49477.5, 7418.81
65.522, 49478, 7418.54
65.523, 49478.5, 7418.26
65.524, 49479, 7417.99
65.525, 49479.5, 7417.72
65.526, 49480, 7417.45
65.527, 49480.5, 7417.18
65.528, 49481.1, 7416.91
65.529, 49481.6, 7416.63
65.53, 49482.1, 7416.36
65.531, 49482.6, 7416.09
65.532, 49483.1, 7415.82
65.533, 49483.6, 7415.55
65.534, 49484.1, 7415.27
65.535, 49484.6, 7415
65.536, 49485.2, 7414.73
65.537, 49485.7, 7414.46
65.538, 49486.2, 7414.19
65.539, 49486.7, 7413.92
65.54, 49487.2, 7413.64
65.541, 49487.7, 7413.37
65.542, 49488.2, 7413.1
65.543, 49488.8, 7412.83
65.544, 49489.3, 7412.56
65.545, 49489.8, 7412.28
65.546, 49490.3, 7412.01
65.547, 49490.8, 7411.74
65.548, 49491.3, 7411.47
65.549, 49491.8, 7411.2
65.55, 49492.4, 7410.92
65.551, 49492.9, 7410.65
65.552, 49493.4, 7410.38
65.553, 49493.9, 7410.11
65.554, 49494.4, 7409.84
65.555, 49494.9, 7409.56
65.556, 49495.4, 7409.29
65.557, 49495.9, 7409.02
65.558, 49496.5, 7408.75
65.559, 49497, 7408.48
65.56, 49497.5, 7408.2
65.561, 49498, 7407.93
65.562, 49498.5, 7407.66
65.563, 49499, 7407.39
65.564, 49499.5, 7407.12
65.565, 49500.1, 7406.84
65.566, 49500.6, 7406.57
65.567, 49501.1, 7406.3
65.568, 49501.6, 7406.03
65.569, 49502.1, 7405.75
65.57, 49502.6, 7405.48
65.571, 49503.1, 7405.21
65.572, 49503.6, 7404.94
65.573, 49504.2, 7404.67
65.574, 49504.7, 7404.39
65.575, 49505.2, 7404.12
65.576, 49505.7, 7403.85
65.577, 49506.2, 7403.58
65.578, 49506.7, 7403.3
65.579, 49507.2, 7403.03
65.58, 49507.8, 7402.76
65.581, 49508.3, 7402.49
65.582, 49508.8, 7402.22
65.583, 49509.3, 7401.94
65.584, 49509.8, 7401.67
65.585, 49510.3, 7401.4
65.586, 49510.8, 7401.13
65.587, 49511.3, 7400.85
65.588, 49511.9, 7400.58
65.589, 49512.4, 7400.31
65.59, 49512.9, 7400.04
65.591, 49513.4, 7399.76
65.592, 49513.9, 7399.49
65.593, 49514.4, 7399.22
65.594, 49514.9, 7398.95
65.595, 49515.5, 7398.67
65.596, 49516, 7398.4
65.597, 49516.5, 7398.13
65.598, 49517, 7397.86
65.599, 49517.5, 7397.58
65.6, 49518, 7397.31
65.601, 49518.5, 7397.04
65.602, 49519, 7396.76
65.603, 49519.6, 7396.49
65.604, 49520.1, 7396.22
65.605, 49520.6, 7395.95
65.606, 49521.1, 7395.67
65.607, 49521.6, 7395.4
65.608, 49522.1, 7395.13
65.609, 49522.6, 7394.86
65.61, 49523.2, 7394.58
65.611, 49523.7, 7394.31
65.612, 49524.2, 7394.04
65.613, 49524.7, 7393.76
65.614, 49525.2, 7393.49
65.615, 49525.7, 7393.22
65.616, 49526.2, 7392.95
65.617, 49526.7, 7392.67
65.618, 49527.3, 7392.4
65.619, 49527.8, 7392.13
65.62, 49528.3, 7391.86
65.621, 49528.8, 7391.58
65.622, 49529.3, 7391.31
65.623, 49529.8, 7391.04
65.624, 49530.3, 7390.76
65.625, 49530.9, 7390.49
65.626, 49531.4, 7390.22
65.627, 49531.9, 7389.94
65.628, 49532.4, 7389.67
65.629, 49532.9, 7389.4
65.63, 49533.4, 7389.13
65.631, 49533.9, 7388.85
65.632, 49534.4, 7388.58
65.633, 49535, 7388.31
65.634, 49535.5, 7388.03
65.635, 49536, 7387.76
65.636, 49536.5, 7387.49
65.637, 49537, 7387.21
65.638, 49537.5, 7386.94
65.639, 49538, 7386.67
65.64, 49538.5, 7386.4
65.641, 49539.1, 7386.12
65.642, 49539.6, 7385.85
65.643, 49540.1, 7385.58
65.644, 49540.6, 7385.3
65.645, 49541.1, 7385.03
65.646, 49541.6, 7384.76
65.647, 49542.1, 7384.48
65.648, 49542.7, 7384.21
65.649, 49543.2, 7383.94
65.65, 49543.7, 7383.66
65.651, 49544.2, 7383.39
65.652, 49544.7, 7383.12
65.653, 49545.2, 7382.84
65.654, 49545.7, 7382.57
65.655, 49546.2, 7382.3
65.656, 49546.8, 7382.02
65.657, 49547.3, 7381.75
65.658, 49547.8, 7381.48
65.659, 49548.3, 7381.2
65.66, 49548.8, 7380.93
65.661, 49549.3, 7380.66
65.662, 49549.8, 7380.38
65.663, 49550.3, 7380.11
65.664, 49550.9, 7379.84
65.665, 49551.4, 7379.56
65.666, 49551.9, 7379.29
65.667, 49552.4, 7379.02
65.668, 49552.9, 7378.74
65.669, 49553.4, 7378.47
65.67, 49553.9, 7378.2
65.671, 49554.4, 7377.92
65.672, 49555, 7377.65
65.673, 49555.5, 7377.37
65.674, 49556, 7377.1
65.675, 49556.5, 7376.83
65.676, 49557, 7376.55
65.677, 49557.5, 7376.28
65.678, 49558, 7376.01
65.679, 49558.6, 7375.73
65.68, 49559.1, 7375.46
65.681, 49559.6, 7375.19
65.682, 49560.1, 7374.91
65.683, 49560.6, 7374.64
65.684, 49561.1, 7374.36
65.685, 49561.6, 7374.09
65.686, 49562.1, 7373.82
65.687, 49562.7, 7373.54
65.688, 49563.2, 7373.27
65.689, 49563.7, 7373
65.69, 49564.2, 7372.72
65.691, 49564.7, 7372.45
65.692, 49565.2, 7372.17
65.693, 49565.7, 7371.9
65.694, 49566.2, 7371.63
65.695, 49566.8, 7371.35
65.696, 49567.3, 7371.08
65.697, 49567.8, 7370.81
65.698, 49568.3, 7370.53
65.699, 49568.8, 7370.26
65.7, 49569.3, 7369.98
65.701, 49569.8, 7369.71
65.702, 49570.3, 7369.44
65.703, 49570.9, 7369.16
65.704, 49571.4, 7368.89
65.705, 49571.9, 7368.61
65.706, 49572.4, 7368.34
65.707, 49572.9, 7368.07
65.708, 49573.4, 7367.79
65.709, 49573.9, 7367.52
65.71, 49574.4, 7367.24
65.711, 49575, 7366.97
65.712, 49575.5, 7366.7
65.713, 49576, 7366.42
65.714, 49576.5, 7366.15
65.715, 49577, 7365.87
65.716, 49577.5, 7365.6
65.717, 49578, 7365.33
65.718, 49578.5, 7365.05
65.719, 49579.1, 7364.78
65.72, 49579.6, 7364.5
65.721, 49580.1, 7364.23
65.722, 49580.6, 7363.95
65.723, 49581.1, 7363.68
65.724, 49581.6, 7363.41
65.725, 49582.1, 7363.13
65.726, 49582.6, 7362.86
65.727, 49583.2, 7362.58
65.728, 49583.7, 7362.31
65.729, 49584.2, 7362.04
65.73, 49584.7, 7361.76
65.731, 49585.2, 7361.49
65.732, 49585.7, 7361.21
65.733, 49586.2, 7360.94
65.734, 49586.7, 7360.66
65.735, 49587.3, 7360.39
65.736, 49587.8, 7360.11
65.737, 49588.3, 7359.84
65.738, 49588.8, 7359.57
65.739, 49589.3, 7359.29
65.74, 49589.8, 7359.02
65.741, 49590.3, 7358.74
65.742, 49590.8, 7358.47
65.743, 49591.4, 7358.19
65.744, 49591.9, 7357.92
65.745, 49592.4, 7357.64
65.746, 49592.9, 7357.37
65.747, 49593.4, 7357.1
65.748, 49593.9, 7356.82
65.749, 49594.4, 7356.55
65.75, 49594.9, 7356.27
65.751, 49595.5, 7356
65.752, 49596, 7355.72
65.753, 49596.5, 7355.45
65.754, 49597, 7355.17
65.755, 49597.5, 7354.9
65.756, 49598, 7354.62
65.757, 49598.5, 7354.35
65.758, 49599, 7354.08
65.759, 49599.6, 7353.8
65.76, 49600.1, 7353.53
65.761, 49600.6, 7353.25
65.762, 49601.1, 7352.98
65.763, 49601.6, 7352.7
65.764, 49602.1, 7352.43
65.765, 49602.6, 7352.15
65.766, 49603.1, 7351.88
65.767, 49603.7, 7351.6
65.768, 49604.2, 7351.33
65.769, 49604.7, 7351.05
65.77, 49605.2, 7350.78
65.771, 49605.7, 7350.5
65.772, 49606.2, 7350.23
65.773, 49606.7, 7349.95
65.774, 49607.2, 7349.68
65.775, 49607.8, 7349.4
65.776, 49608.3, 7349.13
65.777, 49608.8, 7348.85
65.778, 49609.3, 7348.58
65.779, 49609.8, 7348.3
65.78, 49610.3, 7348.03
65.781, 49610.8, 7347.75
65.782, 49611.3, 7347.48
65.783, 49611.9, 7347.2
65.784, 49612.4, 7346.93
65.785, 49612.9, 7346.65
65.786, 49613.4, 7346.38
65.787, 49613.9, 7346.1
65.788, 49614.4, 7345.83
65.789, 49614.9, 7345.55
65.79, 49615.4, 7345.28
65.791, 49616, 7345
65.792, 49616.5, 7344.73
65.793, 49617, 7344.45
65.794, 49617.5, 7344.18
65.795, 49618, 7343.9
65.796, 49618.5, 7343.63
65.797, 49619, 7343.35
65.798, 49619.5, 7343.08
65.799, 49620, 7342.8
65.8, 49620.6, 7342.53
65.801, 49621.1, 7342.25
65.802, 49621.6, 7341.98
65.803, 49622.1, 7341.7
65.804, 49622.6, 7341.43
65.805, 49623.1, 7341.15
65.806, 49623.6, 7340.88
65.807, 49624.1, 7340.6
65.808, 49624.7, 7340.33
65.809, 49625.2, 7340.05
65.81, 49625.7, 7339.78
65.811, 49626.2, 7339.5
65.812, 49626.7, 7339.23
65.813, 49627.2, 7338.95
65.814, 49627.7, 7338.67
65.815, 49628.2, 7338.4
65.816, 49628.8, 7338.12
65.817, 49629.3, 7337.85
65.818, 49629.8, 7337.57
65.819, 49630.3, 7337.3
65.82, 49630.8, 7337.02
65.821, 49631.3, 7336.75
65.822, 49631.8, 7336.47
65.823, 49632.3, 7336.2
65.824, 49632.8, 7335.92
65.825, 49633.4, 7335.64
65.826, 49633.9, 7335.37
65.827, 49634.4, 7335.09
65.828, 49634.9, 7334.82
65.829, 49635.4, 7334.54
65.83, 49635.9, 7334.27
65.831, 49636.4, 7333.99
65.832, 49636.9, 7333.72
65.833, 49637.5, 7333.44
65.834, 49638, 7333.16
65.835, 49638.5, 7332.89
65.836, 49639, 7332.61
65.837, 49639.5, 7332.34
65.838, 49640, 7332.06
65.839, 49640.5, 7331.79
65.84, 49641, 7331.51
65.841, 49641.6, 7331.23
65.842, 49642.1, 7330.96
65.843, 49642.6, 7330.68
65.844, 49643.1, 7330.41
65.845, 49643.6, 7330.13
65.846, 49644.1, 7329.86
65.847, 49644.6, 7329.58
65.848, 49645.1, 7329.3
65.849, 49645.6, 7329.03
65.85, 49646.2, 7328.75
65.851, 49646.7, 7328.48
65.852, 49647.2, 7328.2
65.853, 49647.7, 7327.92
65.854, 49648.2, 7327.65
65.855, 49648.7, 7327.37
65.856, 49649.2, 7327.1
65.857, 49649.7, 7326.82
65.858, 49650.3, 7326.54
65.859, 49650.8, 7326.27
65.86, 49651.3, 7325.99
65.861, 49651.8, 7325.72
65.862, 49652.3, 7325.44
65.863, 49652.8, 7325.17
65.864, 49653.3, 7324.89
65.865, 49653.8, 7324.61
65.866, 49654.3, 7324.34
65.867, 49654.9, 7324.06
65.868, 49655.4, 7323.78
65.869, 49655.9, 7323.51
65.87, 49656.4, 7323.23
65.871, 49656.9, 7322.96
65.872, 49657.4, 7322.68
65.873, 49657.9, 7322.4
65.874, 49658.4, 7322.13
65.875, 49659, 7321.85
65.876, 49659.5, 7321.58
65.877, 49660, 7321.3
65.878, 49660.5, 7321.02
65.879, 49661, 7320.75
65.88, 49661.5, 7320.47
65.881, 49662, 7320.19
65.882, 49662.5, 7319.92
65.883, 49663, 7319.64
65.884, 49663.6, 7319.37
65.885, 49664.1, 7319.09
65.886, 49664.6, 7318.81
65.887, 49665.1, 7318.54
65.888, 49665.6, 7318.26
65.889, 49666.1, 7317.98
65.89, 49666.6, 7317.71
65.891, 49667.1, 7317.43
65.892, 49667.6, 7317.16
65.893, 49668.2, 7316.88
65.894, 49668.7, 7316.6
65.895, 49669.2, 7316.33
65.896, 49669.7, 7316.05
65.897, 49670.2, 7315.77
65.898, 49670.7, 7315.5
65.899, 49671.2, 7315.22
65.9, 49671.7, 7314.94
65.901, 49672.3, 7314.67
65.902, 49672.8, 7314.39
65.903, 49673.3, 7314.11
65.904, 49673.8, 7313.84
65.905, 49674.3, 7313.56
65.906, 49674.8, 7313.28
65.907, 49675.3, 7313.01
65.908, 49675.8, 7312.73
65.909, 49676.3, 7312.45
65.91, 49676.9, 7312.18
65.911, 49677.4, 7311.9
65.912, 49677.9, 7311.62
65.913, 49678.4, 7311.35
65.914, 49678.9, 7311.07
65.915, 49679.4, 7310.79
65.916, 49679.9, 7310.52
65.917, 49680.4, 7310.24
65.918, 49680.9, 7309.96
65.919, 49681.5, 7309.69
65.92, 49682, 7309.41
65.921, 49682.5, 7309.13
65.922, 49683, 7308.86
65.923, 49683.5, 7308.58
65.924, 49684, 7308.3
65.925, 49684.5, 7308.03
65.926, 49685, 7307.75
65.927, 49685.5, 7307.47
65.928, 49686.1, 7307.2
65.929, 49686.6, 7306.92
65.93, 49687.1, 7306.64
65.931, 49687.6, 7306.37
65.932, 49688.1, 7306.09
65.933, 49688.6, 7305.81
65.934, 49689.1, 7305.54
65.935, 49689.6, 7305.26
65.936, 49690.2, 7304.98
65.937, 49690.7, 7304.7
65.938, 49691.2, 7304.43
65.939, 49691.7, 7304.15
65.94, 49692.2, 7303.87
65.941, 49692.7, 7303.6
65.942, 49693.2, 7303.32
65.943, 49693.7, 7303.04
65.944, 49694.2, 7302.77
65.945, 49694.8, 7302.49
65.946, 49695.3, 7302.21
65.947, 49695.8, 7301.93
65.948, 49696.3, 7301.66
65.949, 49696.8, 7301.38
65.95, 49697.3, 7301.1
65.951, 49697.8, 7300.83
65.952, 49698.3, 7300.55
65.953, 49698.8, 7300.27
65.954, 49699.4, 7299.99
65.955, 49699.9, 7299.72
65.956, 49700.4, 7299.44
65.957, 49700.9, 7299.16
65.958, 49701.4, 7298.88
65.959, 49701.9, 7298.61
65.96, 49702.4, 7298.33
65.961, 49702.9, 7298.05
65.962, 49703.4, 7297.78
65.963, 49704, 7297.5
65.964, 49704.5, 7297.22
65.965, 49705, 7296.94
65.966, 49705.5, 7296.67
65.967, 49706, 7296.39
65.968, 49706.5, 7296.11
65.969, 49707, 7295.83
65.97, 49707.5, 7295.56
65.971, 49708, 7295.28
65.972, 49708.6, 7295
65.973, 49709.1, 7294.72
65.974, 49709.6, 7294.45
65.975, 49710.1, 7294.17
65.976, 49710.6, 7293.89
65.977, 49711.1, 7293.61
65.978, 49711.6, 7293.34
65.979, 49712.1, 7293.06
65.98, 49712.6, 7292.78
65.981, 49713.2, 7292.5
65.982, 49713.7, 7292.23
65.983, 49714.2, 7291.95
65.984, 49714.7, 7291.67
65.985, 49715.2, 7291.39
65.986, 49715.7, 7291.12
65.987, 49716.2, 7290.84
65.988, 49716.7, 7290.56
65.989, 49717.2, 7290.28
65.99, 49717.8, 7290.01
65.991, 49718.3, 7289.73
65.992, 49718.8, 7289.45
65.993, 49719.3, 7289.17
65.994, 49719.8, 7288.9
65.995, 49720.3, 7288.62
65.996, 49720.8, 7288.34
65.997, 49721.3, 7288.06
65.998, 49721.8, 7287.78
65.999, 49722.4, 7287.51
66, 49722.9, 7287.23
66.001, 49723.4, 7286.95
66.002, 49723.9, 7286.67
66.003, 49724.4, 7286.4
66.004, 49724.9, 7286.12
66.005, 49725.4, 7285.84
66.006, 49725.9, 7285.56
66.007, 49726.4, 7285.28
66.008, 49727, 7285.01
66.009, 49727.5, 7284.73
66.01, 49728, 7284.45
66.011, 49728.5, 7284.17
66.012, 49729, 7283.89
66.013, 49729.5, 7283.62
66.014, 49730, 7283.34
66.015, 49730.5, 7283.06
66.016, 49731, 7282.78
66.017, 49731.5, 7282.5
66.018, 49732.1, 7282.23
66.019, 49732.6, 7281.95
66.02, 49733.1, 7281.67
66.021, 49733.6, 7281.39
66.022, 49734.1, 7281.11
66.023, 49734.6, 7280.84
66.024, 49735.1, 7280.56
66.025, 49735.6, 7280.28
66.026, 49736.1, 7280
66.027, 49736.7, 7279.72
66.028, 49737.2, 7279.45
66.029, 49737.7, 7279.17
66.03, 49738.2, 7278.89
66.031, 49738.7, 7278.61
66.032, 49739.2, 7278.33
66.033, 49739.7, 7278.05
66.034, 49740.2, 7277.78
66.035, 49740.7, 7277.5
66.036, 49741.3, 7277.22
66.037, 49741.8, 7276.94
66.038, 49742.3, 7276.66
66.039, 49742.8, 7276.39
66.04, 49743.3, 7276.11
66.041, 49743.8, 7275.83
66.042, 49744.3, 7275.55
66.043, 49744.8, 7275.27
66.044, 49745.3, 7274.99
66.045, 49745.9, 7274.72
66.046, 49746.4, 7274.44
66.047, 49746.9, 7274.16
66.048, 49747.4, 7273.88
66.049, 49747.9, 7273.6
66.05, 49748.4, 7273.32
66.051, 49748.9, 7273.04
66.052, 49749.4, 7272.77
66.053, 49749.9, 7272.49
66.054, 49750.4, 7272.21
66.055, 49751, 7271.93
66.056, 49751.5, 7271.65
66.057, 49752, 7271.37
66.058, 49752.5, 7271.1
66.059, 49753, 7270.82
66.06, 49753.5, 7270.54
66.061, 49754, 7270.26
66.062, 49754.5, 7269.98
66.063, 49755, 7269.7
66.064, 49755.6, 7269.42
66.065, 49756.1, 7269.14
66.066, 49756.6, 7268.87
66.067, 49757.1, 7268.59
66.068, 49757.6, 7268.31
66.069, 49758.1, 7268.03
66.07, 49758.6, 7267.75
66.071, 49759.1, 7267.47
66.072, 49759.6, 7267.19
66.073, 49760.1, 7266.92
66.074, 49760.7, 7266.64
66.075, 49761.2, 7266.36
66.076, 49761.7, 7266.08
66.077, 49762.2, 7265.8
66.078, 49762.7, 7265.52
66.079, 49763.2, 7265.24
66.08, 49763.7, 7264.96
66.081, 49764.2, 7264.69
66.082, 49764.7, 7264.41
66.083, 49765.3, 7264.13
66.084, 49765.8, 7263.85
66.085, 49766.3, 7263.57
66.086, 49766.8, 7263.29
66.087, 49767.3, 7263.01
66.088, 49767.8, 7262.73
66.089, 49768.3, 7262.45
66.09, 49768.8, 7262.17
66.091, 49769.3, 7261.9
66.092, 49769.8, 7261.62
66.093, 49770.4, 7261.34
66.094, 49770.9, 7261.06
66.095, 49771.4, 7260.78
66.096, 49771.9, 7260.5
66.097, 49772.4, 7260.22
66.098, 49772.9, 7259.94
66.099, 49773.4, 7259.66
66.1, 49773.9, 7259.38
66.101, 49774.4, 7259.11
66.102, 49774.9, 7258.83
66.103, 49775.5, 7258.55
66.104, 49776, 7258.27
66.105, 49776.5, 7257.99
66.106, 49777, 7257.71
66.107, 49777.5, 7257.43
66.108, 49778, 7257.15
66.109, 49778.5, 7256.87
66.11, 49779, 7256.59
66.111, 49779.5, 7256.31
66.112, 49780.1, 7256.03
66.113, 49780.6, 7255.76
66.114, 49781.1, 7255.48
66.115, 49781.6, 7255.2
66.116, 49782.1, 7254.92
66.117, 49782.6, 7254.64
66.118, 49783.1, 7254.36
66.119, 49783.6, 7254.08
66.12, 49784.1, 7253.8
66.121, 49784.6, 7253.52
66.122, 49785.2, 7253.24
66.123, 49785.7, 7252.96
66.124, 49786.2, 7252.68
66.125, 49786.7, 7252.4
66.126, 49787.2, 7252.12
66.127, 49787.7, 7251.84
66.128, 49788.2, 7251.56
66.129, 49788.7, 7251.29
66.13, 49789.2, 7251.01
66.131, 49789.7, 7250.73
66.132, 49790.3, 7250.45
66.133, 49790.8, 7250.17
66.134, 49791.3, 7249.89
66.135, 49791.8, 7249.61
66.136, 49792.3, 7249.33
66.137, 49792.8, 7249.05
66.138, 49793.3, 7248.77
66.139, 49793.8, 7248.49
66.14, 49794.3, 7248.21
66.141, 49794.8, 7247.93
66.142, 49795.4, 7247.65
66.143, 49795.9, 7247.37
66.144, 49796.4, 7247.09
66.145, 49796.9, 7246.81
66.146, 49797.4, 7246.53
66.147, 49797.9, 7246.25
66.148, 49798.4, 7245.97
66.149, 49798.9, 7245.69
66.15, 49799.4, 7245.41
66.151, 49799.9, 7245.13
66.152, 49800.5, 7244.85
66.153, 49801, 7244.57
66.154, 49801.5, 7244.29
66.155, 49802, 7244.01
66.156, 49802.5, 7243.73
66.157, 49803, 7243.46
66.158, 49803.5, 7243.18
66.159, 49804, 7242.9
66.16, 49804.5, 7242.62
66.161, 49805, 7242.34
66.162, 49805.6, 7242.06
66.163, 49806.1, 7241.78
66.164, 49806.6, 7241.5
66.165, 49807.1, 7241.22
66.166, 49807.6, 7240.94
66.167, 49808.1, 7240.66
66.168, 49808.6, 7240.38
66.169, 49809.1, 7240.1
66.17, 49809.6, 7239.82
66.171, 49810.1, 7239.54
66.172, 49810.7, 7239.26
66.173, 49811.2, 7238.98
66.174, 49811.7, 7238.7
66.175, 49812.2, 7238.42
66.176, 49812.7, 7238.14
66.177, 49813.2, 7237.86
66.178, 49813.7, 7237.58
66.179, 49814.2, 7237.3
66.18, 49814.7, 7237.02
66.181, 49815.2, 7236.74
66.182, 49815.8, 7236.46
66.183, 49816.3, 7236.17
66.184, 49816.8, 7235.89
66.185, 49817.3, 7235.61
66.186, 49817.8, 7235.33
66.187, 49818.3, 7235.05
66.188, 49818.8, 7234.77
66.189, 49819.3, 7234.49
66.19, 49819.8, 7234.21
66.191, 49820.3, 7233.93
66.192, 49820.9, 7233.65
66.193, 49821.4, 7233.37
66.194, 49821.9, 7233.09
66.195, 49822.4, 7232.81
66.196, 49822.9, 7232.53
66.197, 49823.4, 7232.25
66.198, 49823.9, 7231.97
66.199, 49824.4, 7231.69
66.2, 49824.9, 7231.41
66.201, 49825.4, 7231.13
66.202, 49826, 7230.85
66.203, 49826.5, 7230.57
66.204, 49827, 7230.29
66.205, 49827.5, 7230.01
66.206, 49828, 7229.73
66.207, 49828.5, 7229.45
66.208, 49829, 7229.17
66.209, 49829.5, 7228.89
66.21, 49830, 7228.61
66.211, 49830.5, 7228.32
66.212, 49831.1, 7228.04
66.213, 49831.6, 7227.76
66.214, 49832.1, 7227.48
66.215, 49832.6, 7227.2
66.216, 49833.1, 7226.92
66.217, 49833.6, 7226.64
66.218, 49834.1, 7226.36
66.219, 49834.6, 7226.08
66.22, 49835.1, 7225.8
66.221, 49835.6, 7225.52
66.222, 49836.1, 7225.24
66.223, 49836.7, 7224.96
66.224, 49837.2, 7224.68
66.225, 49837.7, 7224.4
66.226, 49838.2, 7224.12
66.227, 49838.7, 7223.83
66.228, 49839.2, 7223.55
66.229, 49839.7, 7223.27
66.23, 49840.2, 7222.99
66.231, 49840.7, 7222.71
66.232, 49841.2, 7222.43
66.233, 49841.8, 7222.15
66.234, 49842.3, 7221.87
66.235, 49842.8, 7221.59
66.236, 49843.3, 7221.31
66.237, 49843.8, 7221.03
66.238, 49844.3, 7220.75
66.239, 49844.8, 7220.46
66.24, 49845.3, 7220.18
66.241, 49845.8, 7219.9
66.242, 49846.3, 7219.62
66.243, 49846.8, 7219.34
66.244, 49847.4, 7219.06
66.245, 49847.9, 7218.78
66.246, 49848.4, 7218.5
66.247, 49848.9, 7218.22
66.248, 49849.4, 7217.94
66.249, 49849.9, 7217.65
66.25, 49850.4, 7217.37
66.251, 49850.9, 7217.09
66.252, 49851.4, 7216.81
66.253, 49851.9, 7216.53
66.254, 49852.5, 7216.25
66.255, 49853, 7215.97
66.256, 49853.5, 7215.69
66.257, 49854, 7215.41
66.258, 49854.5, 7215.12
66.259, 49855, 7214.84
66.26, 49855.5, 7214.56
66.261, 49856, 7214.28
66.262, 49856.5, 7214
66.263, 49857, 7213.72
66.264, 49857.5, 7213.44
66.265, 49858.1, 7213.16
66.266, 49858.6, 7212.88
66.267, 49859.1, 7212.59
66.268, 49859.6, 7212.31
66.269, 49860.1, 7212.03
66.27, 49860.6, 7211.75
66.271, 49861.1, 7211.47
66.272, 49861.6, 7211.19
66.273, 49862.1, 7210.91
66.274, 49862.6, 7210.62
66.275, 49863.1, 7210.34
66.276, 49863.7, 7210.06
66.277, 49864.2, 7209.78
66.278, 49864.7, 7209.5
66.279, 49865.2, 7209.22
66.28, 49865.7, 7208.94
66.281, 49866.2, 7208.65
66.282, 49866.7, 7208.37
66.283, 49867.2, 7208.09
66.284, 49867.7, 7207.81
66.285, 49868.2, 7207.53
66.286, 49868.8, 7207.25
66.287, 49869.3, 7206.97
66.288, 49869.8, 7206.68
66.289, 49870.3, 7206.4
66.29, 49870.8, 7206.12
66.291, 49871.3, 7205.84
66.292, 49871.8, 7205.56
66.293, 49872.3, 7205.28
66.294, 49872.8, 7204.99
66.295, 49873.3, 7204.71
66.296, 49873.8, 7204.43
66.297, 49874.4, 7204.15
66.298, 49874.9, 7203.87
66.299, 49875.4, 7203.59
66.3, 49875.9, 7203.3
66.301, 49876.4, 7203.02
66.302, 49876.9, 7202.74
66.303, 49877.4, 7202.46
66.304, 49877.9, 7202.18
66.305, 49878.4, 7201.9
66.306, 49878.9, 7201.61
66.307, 49879.4, 7201.33
66.308, 49880, 7201.05
66.309, 49880.5, 7200.77
66.31, 49881, 7200.49
66.311, 49881.5, 7200.21
66.312, 49882, 7199.92
66.313, 49882.5, 7199.64
66.314, 49883, 7199.36
66.315, 49883.5, 7199.08
66.316, 49884, 7198.8
66.317, 49884.5, 7198.51
66.318, 49885, 7198.23
66.319, 49885.6, 7197.95
66.32, 49886.1, 7197.67
66.321, 49886.6, 7197.39
66.322, 49887.1, 7197.1
66.323, 49887.6, 7196.82
66.324, 49888.1, 7196.54
66.325, 49888.6, 7196.26
66.326, 49889.1, 7195.98
66.327, 49889.6, 7195.69
66.328, 49890.1, 7195.41
66.329, 49890.6, 7195.13
66.33, 49891.2, 7194.85
66.331, 49891.7, 7194.57
66.332, 49892.2, 7194.28
66.333, 49892.7, 7194
66.334, 49893.2, 7193.72
66.335, 49893.7, 7193.44
66.336, 49894.2, 7193.16
66.337, 49894.7, 7192.87
66.338, 49895.2, 7192.59
66.339, 49895.7, 7192.31
66.34, 49896.2, 7192.03
66.341, 49896.8, 7191.74
66.342, 49897.3, 7191.46
66.343, 49897.8, 7191.18
66.344, 49898.3, 7190.9
66.345, 49898.8, 7190.62
66.346, 49899.3, 7190.33
66.347, 49899.8, 7190.05
66.348, 49900.3, 7189.77
66.349, 49900.8, 7189.49
66.35, 49901.3, 7189.2
66.351, 49901.8, 7188.92
66.352, 49902.3, 7188.64
66.353, 49902.9, 7188.36
66.354, 49903.4, 7188.07
66.355, 49903.9, 7187.79
66.356, 49904.4, 7187.51
66.357, 49904.9, 7187.23
66.358, 49905.4, 7186.94
66.359, 49905.9, 7186.66
66.36, 49906.4, 7186.38
66.361, 49906.9, 7186.1
66.362, 49907.4, 7185.81
66.363, 49907.9, 7185.53
66.364, 49908.5, 7185.25
66.365, 49909, 7184.97
66.366, 49909.5, 7184.68
66.367, 49910, 7184.4
66.368, 49910.5, 7184.12
66.369, 49911, 7183.84
66.37, 49911.5, 7183.55
66.371, 49912, 7183.27
66.372, 49912.5, 7182.99
66.373, 49913, 7182.71
66.374, 49913.5, 7182.42
66.375, 49914.1, 7182.14
66.376, 49914.6, 7181.86
66.377, 49915.1, 7181.57
66.378, 49915.6, 7181.29
66.379, 49916.1, 7181.01
66.38, 49916.6, 7180.73
66.381, 49917.1, 7180.44
66.382, 49917.6, 7180.16
66.383, 49918.1, 7179.88
66.384, 49918.6, 7179.6
66.385, 49919.1, 7179.31
66.386, 49919.6, 7179.03
66.387, 49920.2, 7178.75
66.388, 49920.7, 7178.46
66.389, 49921.2, 7178.18
66.39, 49921.7, 7177.9
66.391, 49922.2, 7177.62
66.392, 49922.7, 7177.33
66.393, 49923.2, 7177.05
66.394, 49923.7, 7176.77
66.395, 49924.2, 7176.48
66.396, 49924.7, 7176.2
66.397, 49925.2, 7175.92
66.398, 49925.8, 7175.64
66.399, 49926.3, 7175.35
66.4, 49926.8, 7175.07
66.401, 49927.3, 7174.79
66.402, 49927.8, 7174.5
66.403, 49928.3, 7174.22
66.404, 49928.8, 7173.94
66.405, 49929.3, 7173.65
66.406, 49929.8, 7173.37
66.407, 49930.3, 7173.09
66.408, 49930.8, 7172.8
66.409, 49931.3, 7172.52
66.41, 49931.9, 7172.24
66.411, 49932.4, 7171.96
66.412, 49932.9, 7171.67
66.413, 49933.4, 7171.39
66.414, 49933.9, 7171.11
66.415, 49934.4, 7170.82
66.416, 49934.9, 7170.54
66.417, 49935.4, 7170.26
66.418, 49935.9, 7169.97
66.419, 49936.4, 7169.69
66.42, 49936.9, 7169.41
66.421, 49937.4, 7169.12
66.422, 49938, 7168.84
66.423, 49938.5, 7168.56
66.424, 49939, 7168.27
66.425, 49939.5, 7167.99
66.426, 49940, 7167.71
66.427, 49940.5, 7167.42
66.428, 49941, 7167.14
66.429, 49941.5, 7166.86
66.43, 49942, 7166.57
66.431, 49942.5, 7166.29
66.432, 49943, 7166.01
66.433, 49943.5, 7165.72
66.434, 49944.1, 7165.44
66.435, 49944.6, 7165.16
66.436, 49945.1, 7164.87
66.437, 49945.6, 7164.59
66.438, 49946.1, 7164.31
66.439, 49946.6, 7164.02
66.44, 49947.1, 7163.74
66.441, 49947.6, 7163.45
66.442, 49948.1, 7163.17
66.443, 49948.6, 7162.89
66.444, 49949.1, 7162.6
66.445, 49949.6, 7162.32
66.446, 49950.2, 7162.04
66.447, 49950.7, 7161.75
66.448, 49951.2, 7161.47
66.449, 49951.7, 7161.19
66.45, 49952.2, 7160.9
66.451, 49952.7, 7160.62
66.452, 49953.2, 7160.33
66.453, 49953.7, 7160.05
66.454, 49954.2, 7159.77
66.455, 49954.7, 7159.48
66.456, 49955.2, 7159.2
66.457, 49955.7, 7158.92
66.458, 49956.3, 7158.63
66.459, 49956.8, 7158.35
66.46, 49957.3, 7158.06
66.461, 49957.8, 7157.78
66.462, 49958.3, 7157.5
66.463, 49958.8, 7157.21
66.464, 49959.3, 7156.93
66.465, 49959.8, 7156.65
66.466, 49960.3, 7156.36
66.467, 49960.8, 7156.08
66.468, 49961.3, 7155.79
66.469, 49961.8, 7155.51
66.47, 49962.4, 7155.23
66.471, 49962.9, 7154.94
66.472, 49963.4, 7154.66
66.473, 49963.9, 7154.37
66.474, 49964.4, 7154.09
66.475, 49964.9, 7153.81
66.476, 49965.4, 7153.52
66.477, 49965.9, 7153.24
66.478, 49966.4, 7152.95
66.479, 49966.9, 7152.67
66.48, 49967.4, 7152.39
66.481, 49967.9, 7152.1
66.482, 49968.5, 7151.82
66.483, 49969, 7151.53
66.484, 49969.5, 7151.25
66.485, 49970, 7150.97
66.486, 49970.5, 7150.68
66.487, 49971, 7150.4
66.488, 49971.5, 7150.11
66.489, 49972, 7149.83
66.49, 49972.5, 7149.55
66.491, 49973, 7149.26
66.492, 49973.5, 7148.98
66.493, 49974, 7148.69
66.494, 49974.5, 7148.41
66.495, 49975.1, 7148.12
66.496, 49975.6, 7147.84
66.497, 49976.1, 7147.56
66.498, 49976.6, 7147.27
66.499, 49977.1, 7146.99
66.5, 49977.6, 7146.7
66.501, 49978.1, 7146.42
66.502, 49978.6, 7146.13
66.503, 49979.1, 7145.85
66.504, 49979.6, 7145.57
66.505, 49980.1, 7145.28
66.506, 49980.6, 7145
66.507, 49981.2, 7144.71
66.508, 49981.7, 7144.43
66.509, 49982.2, 7144.14
66.51, 49982.7, 7143.86
66.511, 49983.2, 7143.57
66.512, 49983.7, 7143.29
66.513, 49984.2, 7143.01
66.514, 49984.7, 7142.72
66.515, 49985.2, 7142.44
66.516, 49985.7, 7142.15
66.517, 49986.2, 7141.87
66.518, 49986.7, 7141.58
66.519, 49987.2, 7141.3
66.52, 49987.8, 7141.01
66.521, 49988.3, 7140.73
66.522, 49988.8, 7140.44
66.523, 49989.3, 7140.16
66.524, 49989.8, 7139.87
66.525, 49990.3, 7139.59
66.526, 49990.8, 7139.31
66.527, 49991.3, 7139.02
66.528, 49991.8, 7138.74
66.529, 49992.3, 7138.45
66.53, 49992.8, 7138.17
66.531, 49993.3, 7137.88
66.532, 49993.9, 7137.6
66.533, 49994.4, 7137.31
66.534, 49994.9, 7137.03
66.535, 49995.4, 7136.74
66.536, 49995.9, 7136.46
66.537, 49996.4, 7136.17
66.538, 49996.9, 7135.89
66.539, 49997.4, 7135.6
66.54, 49997.9, 7135.32
66.541, 49998.4, 7135.03
66.542, 49998.9, 7134.75
66.543, 49999.4, 7134.46
66.544, 49999.9, 7134.18
66.545, 50000.5, 7133.89
66.546, 50001, 7133.61
66.547, 50001.5, 7133.32
66.548, 50002, 7133.04
66.549, 50002.5, 7132.75
66.55, 50003, 7132.47
66.551, 50003.5, 7132.18
66.552, 50004, 7131.9
66.553, 50004.5, 7131.61
66.554, 50005, 7131.33
66.555, 50005.5, 7131.04
66.556, 50006, 7130.76
66.557, 50006.5, 7130.47
66.558, 50007.1, 7130.19
66.559, 50007.6, 7129.9
66.56, 50008.1, 7129.62
66.561, 50008.6, 7129.33
66.562, 50009.1, 7129.05
66.563, 50009.6, 7128.76
66.564, 50010.1, 7128.48
66.565, 50010.6, 7128.19
66.566, 50011.1, 7127.91
66.567, 50011.6, 7127.62
66.568, 50012.1, 7127.34
66.569, 50012.6, 7127.05
66.57, 50013.1, 7126.77
66.571, 50013.6, 7126.48
66.572, 50014.2, 7126.2
66.573, 50014.7, 7125.91
66.574, 50015.2, 7125.63
66.575, 50015.7, 7125.34
66.576, 50016.2, 7125.06
66.577, 50016.7, 7124.77
66.578, 50017.2, 7124.49
66.579, 50017.7, 7124.2
66.58, 50018.2, 7123.91
66.581, 50018.7, 7123.63
66.582, 50019.2, 7123.34
66.583, 50019.7, 7123.06
66.584, 50020.2, 7122.77
66.585, 50020.8, 7122.49
66.586, 50021.3, 7122.2
66.587, 50021.8, 7121.92
66.588, 50022.3, 7121.63
66.589, 50022.8, 7121.35
66.59, 50023.3, 7121.06
66.591, 50023.8, 7120.77
66.592, 50024.3, 7120.49
66.593, 50024.8, 7120.2
66.594, 50025.3, 7119.92
66.595, 50025.8, 7119.63
66.596, 50026.3, 7119.35
66.597, 50026.8, 7119.06
66.598, 50027.4, 7118.78
66.599, 50027.9, 7118.49
66.6, 50028.4, 7118.2
66.601, 50028.9, 7117.92
66.602, 50029.4, 7117.63
66.603, 50029.9, 7117.35
66.604, 50030.4, 7117.06
66.605, 50030.9, 7116.78
66.606, 50031.4, 7116.49
66.607, 50031.9, 7116.2
66.608, 50032.4, 7115.92
66.609, 50032.9, 7115.63
66.61, 50033.4, 7115.35
66.611, 50033.9, 7115.06
66.612, 50034.5, 7114.78
66.613, 50035, 7114.49
66.614, 50035.5, 7114.2
66.615, 50036, 7113.92
66.616, 50036.5, 7113.63
66.617, 50037, 7113.35
66.618, 50037.5, 7113.06
66.619, 50038, 7112.77
66.62, 50038.5, 7112.49
66.621, 50039, 7112.2
66.622, 50039.5, 7111.92
66.623, 50040, 7111.63
66.624, 50040.5, 7111.35
66.625, 50041.1, 7111.06
66.626, 50041.6, 7110.77
66.627, 50042.1, 7110.49
66.628, 50042.6, 7110.2
66.629, 50043.1, 7109.92
66.63, 50043.6, 7109.63
66.631, 50044.1, 7109.34
66.632, 50044.6, 7109.06
66.633, 50045.1, 7108.77
66.634, 50045.6, 7108.49
66.635, 50046.1, 7108.2
66.636, 50046.6, 7107.91
66.637, 50047.1, 7107.63
66.638, 50047.6, 7107.34
66.639, 50048.2, 7107.05
66.64, 50048.7, 7106.77
66.641, 50049.2, 7106.48
66.642, 50049.7, 7106.2
66.643, 50050.2, 7105.91
66.644, 50050.7, 7105.62
66.645, 50051.2, 7105.34
66.646, 50051.7, 7105.05
66.647, 50052.2, 7104.77
66.648, 50052.7, 7104.48
66.649, 50053.2, 7104.19
66.65, 50053.7, 7103.91
66.651, 50054.2, 7103.62
66.652, 50054.7, 7103.33
66.653, 50055.3, 7103.05
66.654, 50055.8, 7102.76
66.655, 50056.3, 7102.47
66.656, 50056.8, 7102.19
66.657, 50057.3, 7101.9
66.658, 50057.8, 7101.62
66.659, 50058.3, 7101.33
66.66, 50058.8, 7101.04
66.661, 50059.3, 7100.76
66.662, 50059.8, 7100.47
66.663, 50060.3, 7100.18
66.664, 50060.8, 7099.9
66.665, 50061.3, 7099.61
66.666, 50061.8, 7099.32
66.667, 50062.3, 7099.04
66.668, 50062.9, 7098.75
66.669, 50063.4, 7098.46
66.67, 50063.9, 7098.18
66.671, 50064.4, 7097.89
66.672, 50064.9, 7097.6
66.673, 50065.4, 7097.32
66.674, 50065.9, 7097.03
66.675, 50066.4, 7096.74
66.676, 50066.9, 7096.46
66.677, 50067.4, 7096.17
66.678, 50067.9, 7095.88
66.679, 50068.4, 7095.6
66.68, 50068.9, 7095.31
66.681, 50069.4, 7095.02
66.682, 50070, 7094.74
66.683, 50070.5, 7094.45
66.684, 50071, 7094.16
66.685, 50071.5, 7093.88
66.686, 50072, 7093.59
66.687, 50072.5, 7093.3
66.688, 50073, 7093.02
66.689, 50073.5, 7092.73
66.69, 50074, 7092.44
66.691, 50074.5, 7092.16
66.692, 50075, 7091.87
66.693, 50075.5, 7091.58
66.694, 50076, 7091.3
66.695, 50076.5, 7091.01
66.696, 50077, 7090.72
66.697, 50077.6, 7090.44
66.698, 50078.1, 7090.15
66.699, 50078.6, 7089.86
66.7, 50079.1, 7089.57
66.701, 50079.6, 7089.29
66.702, 50080.1, 7089
66.703, 50080.6, 7088.71
66.704, 50081.1, 7088.43
66.705, 50081.6, 7088.14
66.706, 50082.1, 7087.85
66.707, 50082.6, 7087.57
66.708, 50083.1, 7087.28
66.709, 50083.6, 7086.99
66.71, 50084.1, 7086.7
66.711, 50084.7, 7086.42
66.712, 50085.2, 7086.13
66.713, 50085.7, 7085.84
66.714, 50086.2, 7085.56
66.715, 50086.7, 7085.27
66.716, 50087.2, 7084.98
66.717, 50087.7, 7084.69
66.718, 50088.2, 7084.41
66.719, 50088.7, 7084.12
66.72, 50089.2, 7083.83
66.721, 50089.7, 7083.55
66.722, 50090.2, 7083.26
66.723, 50090.7, 7082.97
66.724, 50091.2, 7082.68
66.725, 50091.7, 7082.4
66.726, 50092.3, 7082.11
66.727, 50092.8, 7081.82
66.728, 50093.3, 7081.54
66.729, 50093.8, 7081.25
66.73, 50094.3, 7080.96
66.731, 50094.8, 7080.67
66.732, 50095.3, 7080.39
66.733, 50095.8, 7080.1
66.734, 50096.3, 7079.81
66.735, 50096.8, 7079.52
66.736, 50097.3, 7079.24
66.737, 50097.8, 7078.95
66.738, 50098.3, 7078.66
66.739, 50098.8, 7078.37
66.74, 50099.3, 7078.09
66.741, 50099.9, 7077.8
66.742, 50100.4, 7077.51
66.743, 50100.9, 7077.22
66.744, 50101.4, 7076.94
66.745, 50101.9, 7076.65
66.746, 50102.4, 7076.36
66.747, 50102.9, 7076.07
66.748, 50103.4, 7075.79
66.749, 50103.9, 7075.5
66.75, 50104.4, 7075.21
66.751, 50104.9, 7074.92
66.752, 50105.4, 7074.64
66.753, 50105.9, 7074.35
66.754, 50106.4, 7074.06
66.755, 50106.9, 7073.77
66.756, 50107.4, 7073.48
66.757, 50108, 7073.2
66.758, 50108.5, 7072.91
66.759, 50109, 7072.62
66.76, 50109.5, 7072.33
66.761, 50110, 7072.05
66.762, 50110.5, 7071.76
66.763, 50111, 7071.47
66.764, 50111.5, 7071.18
66.765, 50112, 7070.9
66.766, 50112.5, 7070.61
66.767, 50113, 7070.32
66.768, 50113.5, 7070.03
66.769, 50114, 7069.74
66.77, 50114.5, 7069.46
66.771, 50115, 7069.17
66.772, 50115.6, 7068.88
66.773, 50116.1, 7068.59
66.774, 50116.6, 7068.3
66.775, 50117.1, 7068.02
66.776, 50117.6, 7067.73
66.777, 50118.1, 7067.44
66.778, 50118.6, 7067.15
66.779, 50119.1, 7066.86
66.78, 50119.6, 7066.58
66.781, 50120.1, 7066.29
66.782, 50120.6, 7066
66.783, 50121.1, 7065.71
66.784, 50121.6, 7065.42
66.785, 50122.1, 7065.14
66.786, 50122.6, 7064.85
66.787, 50123.1, 7064.56
66.788, 50123.7, 7064.27
66.789, 50124.2, 7063.98
66.79, 50124.7, 7063.7
66.791, 50125.2, 7063.41
66.792, 50125.7, 7063.12
66.793, 50126.2, 7062.83
66.794, 50126.7, 7062.54
66.795, 50127.2, 7062.25
66.796, 50127.7, 7061.97
66.797, 50128.2, 7061.68
66.798, 50128.7, 7061.39
66.799, 50129.2, 7061.1
66.8, 50129.7, 7060.81
66.801, 50130.2, 7060.53
66.802, 50130.7, 7060.24
66.803, 50131.2, 7059.95
66.804, 50131.8, 7059.66
66.805, 50132.3, 7059.37
66.806, 50132.8, 7059.08
66.807, 50133.3, 7058.8
66.808, 50133.8, 7058.51
66.809, 50134.3, 7058.22
66.81, 50134.8, 7057.93
66.811, 50135.3, 7057.64
66.812, 50135.8, 7057.35
66.813, 50136.3, 7057.07
66.814, 50136.8, 7056.78
66.815, 50137.3, 7056.49
66.816, 50137.8, 7056.2
66.817, 50138.3, 7055.91
66.818, 50138.8, 7055.62
66.819, 50139.3, 7055.33
66.82, 50139.9, 7055.05
66.821, 50140.4, 7054.76
66.822, 50140.9, 7054.47
66.823, 50141.4, 7054.18
66.824, 50141.9, 7053.89
66.825, 50142.4, 7053.6
66.826, 50142.9, 7053.31
66.827, 50143.4, 7053.03
66.828, 50143.9, 7052.74
66.829, 50144.4, 7052.45
66.83, 50144.9, 7052.16
66.831, 50145.4, 7051.87
66.832, 50145.9, 7051.58
66.833, 50146.4, 7051.29
66.834, 50146.9, 7051
66.835, 50147.4, 7050.72
66.836, 50147.9, 7050.43
66.837, 50148.5, 7050.14
66.838, 50149, 7049.85
66.839, 50149.5, 7049.56
66.84, 50150, 7049.27
66.841, 50150.5, 7048.98
66.842, 50151, 7048.69
66.843, 50151.5, 7048.41
66.844, 50152, 7048.12
66.845, 50152.5, 7047.83
66.846, 50153, 7047.54
66.847, 50153.5, 7047.25
66.848, 50154, 7046.96
66.849, 50154.5, 7046.67
66.85, 50155, 7046.38
66.851, 50155.5, 7046.09
66.852, 50156, 7045.81
66.853, 50156.5, 7045.52
66.854, 50157.1, 7045.23
66.855, 50157.6, 7044.94
66.856, 50158.1, 7044.65
66.857, 50158.6, 7044.36
66.858, 50159.1, 7044.07
66.859, 50159.6, 7043.78
66.86, 50160.1, 7043.49
66.861, 50160.6, 7043.2
66.862, 50161.1, 7042.92
66.863, 50161.6, 7042.63
66.864, 50162.1, 7042.34
66.865, 50162.6, 7042.05
66.866, 50163.1, 7041.76
66.867, 50163.6, 7041.47
66.868, 50164.1, 7041.18
66.869, 50164.6, 7040.89
66.87, 50165.1, 7040.6
66.871, 50165.7, 7040.31
66.872, 50166.2, 7040.02
66.873, 50166.7, 7039.73
66.874, 50167.2, 7039.45
66.875, 50167.7, 7039.16
66.876, 50168.2, 7038.87
66.877, 50168.7, 7038.58
66.878, 50169.2, 7038.29
66.879, 50169.7, 7038
66.88, 50170.2, 7037.71
66.881, 50170.7, 7037.42
66.882, 50171.2, 7037.13
66.883, 50171.7, 7036.84
66.884, 50172.2, 7036.55
66.885, 50172.7, 7036.26
66.886, 50173.2, 7035.97
66.887, 50173.7, 7035.68
66.888, 50174.3, 7035.39
66.889, 50174.8, 7035.11
66.89, 50175.3, 7034.82
66.891, 50175.8, 7034.53
66.892, 50176.3, 7034.24
66.893, 50176.8, 7033.95
66.894, 50177.3, 7033.66
66.895, 50177.8, 7033.37
66.896, 50178.3, 7033.08
66.897, 50178.8, 7032.79
66.898, 50179.3, 7032.5
66.899, 50179.8, 7032.21
66.9, 50180.3, 7031.92
66.901, 50180.8, 7031.63
66.902, 50181.3, 7031.34
66.903, 50181.8, 7031.05
66.904, 50182.3, 7030.76
66.905, 50182.8, 7030.47
66.906, 50183.4, 7030.18
66.907, 50183.9, 7029.89
66.908, 50184.4, 7029.6
66.909, 50184.9, 7029.31
66.91, 50185.4, 7029.02
66.911, 50185.9, 7028.73
66.912, 50186.4, 7028.44
66.913, 50186.9, 7028.15
66.914, 50187.4, 7027.86
66.915, 50187.9, 7027.58
66.916, 50188.4, 7027.29
66.917, 50188.9, 7027
66.918, 50189.4, 7026.71
66.919, 50189.9, 7026.42
66.92, 50190.4, 7026.13
66.921, 50190.9, 7025.84
66.922, 50191.4, 7025.55
66.923, 50191.9, 7025.26
66.924, 50192.5, 7024.97
66.925, 50193, 7024.68
66.926, 50193.5, 7024.39
66.927, 50194, 7024.1
66.928, 50194.5, 7023.81
66.929, 50195, 7023.52
66.93, 50195.5, 7023.23
66.931, 50196, 7022.94
66.932, 50196.5, 7022.65
66.933, 50197, 7022.36
66.934, 50197.5, 7022.07
66.935, 50198, 7021.78
66.936, 50198.5, 7021.49
66.937, 50199, 7021.2
66.938, 50199.5, 7020.91
66.939, 50200, 7020.62
66.94, 50200.5, 7020.33
66.941, 50201, 7020.04
66.942, 50201.5, 7019.75
66.943, 50202.1, 7019.46
66.944, 50202.6, 7019.17
66.945, 50203.1, 7018.88
66.946, 50203.6, 7018.59
66.947, 50204.1, 7018.29
66.948, 50204.6, 7018
66.949, 50205.1, 7017.71
66.95, 50205.6, 7017.42
66.951, 50206.1, 7017.13
66.952, 50206.6, 7016.84
66.953, 50207.1, 7016.55
66.954, 50207.6, 7016.26
66.955, 50208.1, 7015.97
66.956, 50208.6, 7015.68
66.957, 50209.1, 7015.39
66.958, 50209.6, 7015.1
66.959, 50210.1, 7014.81
66.96, 50210.6, 7014.52
66.961, 50211.1, 7014.23
66.962, 50211.7, 7013.94
66.963, 50212.2, 7013.65
66.964, 50212.7, 7013.36
66.965, 50213.2, 7013.07
66.966, 50213.7, 7012.78
66.967, 50214.2, 7012.49
66.968, 50214.7, 7012.2
66.969, 50215.2, 7011.91
66.97, 50215.7, 7011.62
66.971, 50216.2, 7011.33
66.972, 50216.7, 7011.04
66.973, 50217.2, 7010.74
66.974, 50217.7, 7010.45
66.975, 50218.2, 7010.16
66.976, 50218.7, 7009.87
66.977, 50219.2, 7009.58
66.978, 50219.7, 7009.29
66.979, 50220.2, 7009
66.98, 50220.7, 7008.71
66.981, 50221.3, 7008.42
66.982, 50221.8, 7008.13
66.983, 50222.3, 7007.84
66.984, 50222.8, 7007.55
66.985, 50223.3, 7007.26
66.986, 50223.8, 7006.97
66.987, 50224.3, 7006.68
66.988, 50224.8, 7006.38
66.989, 50225.3, 7006.09
66.99, 50225.8, 7005.8
66.991, 50226.3, 7005.51
66.992, 50226.8, 7005.22
66.993, 50227.3, 7004.93
66.994, 50227.8, 7004.64
66.995, 50228.3, 7004.35
66.996, 50228.8, 7004.06
66.997, 50229.3, 7003.77
66.998, 50229.8, 7003.48
66.999, 50230.3, 7003.19
67, 50230.8, 7002.89
67.001, 50231.4, 7002.6
67.002, 50231.9, 7002.31
67.003, 50232.4, 7002.02
67.004, 50232.9, 7001.73
67.005, 50233.4, 7001.44
67.006, 50233.9, 7001.15
67.007, 50234.4, 7000.86
67.008, 50234.9, 7000.57
67.009, 50235.4, 7000.28
67.01, 50235.9, 6999.98
67.011, 50236.4, 6999.69
67.012, 50236.9, 6999.4
67.013, 50237.4, 6999.11
67.014, 50237.9, 6998.82
67.015, 50238.4, 6998.53
67.016, 50238.9, 6998.24
67.017, 50239.4, 6997.95
67.018, 50239.9, 6997.66
67.019, 50240.4, 6997.36
67.02, 50240.9, 6997.07
67.021, 50241.5, 6996.78
67.022, 50242, 6996.49
67.023, 50242.5, 6996.2
67.024, 50243, 6995.91
67.025, 50243.5, 6995.62
67.026, 50244, 6995.33
67.027, 50244.5, 6995.04
67.028, 50245, 6994.74
67.029, 50245.5, 6994.45
67.03, 50246, 6994.16
67.031, 50246.5, 6993.87
67.032, 50247, 6993.58
67.033, 50247.5, 6993.29
67.034, 50248, 6993
67.035, 50248.5, 6992.7
67.036, 50249, 6992.41
67.037, 50249.5, 6992.12
67.038, 50250, 6991.83
67.039, 50250.5, 6991.54
67.04, 50251, 6991.25
67.041, 50251.6, 6990.96
67.042, 50252.1, 6990.66
67.043, 50252.6, 6990.37
67.044, 50253.1, 6990.08
67.045, 50253.6, 6989.79
67.046, 50254.1, 6989.5
67.047, 50254.6, 6989.21
67.048, 50255.1, 6988.92
67.049, 50255.6, 6988.62
67.05, 50256.1, 6988.33
67.051, 50256.6, 6988.04
67.052, 50257.1, 6987.75
67.053, 50257.6, 6987.46
67.054, 50258.1, 6987.17
67.055, 50258.6, 6986.87
67.056, 50259.1, 6986.58
67.057, 50259.6, 6986.29
67.058, 50260.1, 6986
67.059, 50260.6, 6985.71
67.06, 50261.1, 6985.42
67.061, 50261.6, 6985.12
67.062, 50262.1, 6984.83
67.063, 50262.7, 6984.54
67.064, 50263.2, 6984.25
67.065, 50263.7, 6983.96
67.066, 50264.2, 6983.67
67.067, 50264.7, 6983.37
67.068, 50265.2, 6983.08
67.069, 50265.7, 6982.79
67.07, 50266.2, 6982.5
67.071, 50266.7, 6982.21
67.072, 50267.2, 6981.91
67.073, 50267.7, 6981.62
67.074, 50268.2, 6981.33
67.075, 50268.7, 6981.04
67.076, 50269.2, 6980.75
67.077, 50269.7, 6980.45
67.078, 50270.2, 6980.16
67.079, 50270.7, 6979.87
67.08, 50271.2, 6979.58
67.081, 50271.7, 6979.29
67.082, 50272.2, 6978.99
67.083, 50272.7, 6978.7
67.084, 50273.2, 6978.41
67.085, 50273.8, 6978.12
67.086, 50274.3, 6977.83
67.087, 50274.8, 6977.53
67.088, 50275.3, 6977.24
67.089, 50275.8, 6976.95
67.09, 50276.3, 6976.66
67.091, 50276.8, 6976.37
67.092, 50277.3, 6976.07
67.093, 50277.8, 6975.78
67.094, 50278.3, 6975.49
67.095, 50278.8, 6975.2
67.096, 50279.3, 6974.91
67.097, 50279.8, 6974.61
67.098, 50280.3, 6974.32
67.099, 50280.8, 6974.03
67.1, 50281.3, 6973.74
67.101, 50281.8, 6973.44
67.102, 50282.3, 6973.15
67.103, 50282.8, 6972.86
67.104, 50283.3, 6972.57
67.105, 50283.8, 6972.28
67.106, 50284.3, 6971.98
67.107, 50284.9, 6971.69
67.108, 50285.4, 6971.4
67.109, 50285.9, 6971.11
67.11, 50286.4, 6970.81
67.111, 50286.9, 6970.52
67.112, 50287.4, 6970.23
67.113, 50287.9, 6969.94
67.114, 50288.4, 6969.64
67.115, 50288.9, 6969.35
67.116, 50289.4, 6969.06
67.117, 50289.9, 6968.77
67.118, 50290.4, 6968.47
67.119, 50290.9, 6968.18
67.12, 50291.4, 6967.89
67.121, 50291.9, 6967.6
67.122, 50292.4, 6967.3
67.123, 50292.9, 6967.01
67.124, 50293.4, 6966.72
67.125, 50293.9, 6966.43
67.126, 50294.4, 6966.13
67.127, 50294.9, 6965.84
67.128, 50295.4, 6965.55
67.129, 50295.9, 6965.26
67.13, 50296.5, 6964.96
67.131, 50297, 6964.67
67.132, 50297.5, 6964.38
67.133, 50298, 6964.09
67.134, 50298.5, 6963.79
67.135, 50299, 6963.5
67.136, 50299.5, 6963.21
67.137, 50300, 6962.91
67.138, 50300.5, 6962.62
67.139, 50301, 6962.33
67.14, 50301.5, 6962.04
67.141, 50302, 6961.74
67.142, 50302.5, 6961.45
67.143, 50303, 6961.16
67.144, 50303.5, 6960.86
67.145, 50304, 6960.57
67.146, 50304.5, 6960.28
67.147, 50305, 6959.99
67.148, 50305.5, 6959.69
67.149, 50306, 6959.4
67.15, 50306.5, 6959.11
67.151, 50307, 6958.81
67.152, 50307.5, 6958.52
67.153, 50308, 6958.23
67.154, 50308.6, 6957.94
67.155, 50309.1, 6957.64
67.156, 50309.6, 6957.35
67.157, 50310.1, 6957.06
67.158, 50310.6, 6956.76
67.159, 50311.1, 6956.47
67.16, 50311.6, 6956.18
67.161, 50312.1, 6955.88
67.162, 50312.6, 6955.59
67.163, 50313.1, 6955.3
67.164, 50313.6, 6955.01
67.165, 50314.1, 6954.71
67.166, 50314.6, 6954.42
67.167, 50315.1, 6954.13
67.168, 50315.6, 6953.83
67.169, 50316.1, 6953.54
67.17, 50316.6, 6953.25
67.171, 50317.1, 6952.95
67.172, 50317.6, 6952.66
67.173, 50318.1, 6952.37
67.174, 50318.6, 6952.07
67.175, 50319.1, 6951.78
67.176, 50319.6, 6951.49
67.177, 50320.1, 6951.19
67.178, 50320.6, 6950.9
67.179, 50321.2, 6950.61
67.18, 50321.7, 6950.31
67.181, 50322.2, 6950.02
67.182, 50322.7, 6949.73
67.183, 50323.2, 6949.43
67.184, 50323.7, 6949.14
67.185, 50324.2, 6948.85
67.186, 50324.7, 6948.55
67.187, 50325.2, 6948.26
67.188, 50325.7, 6947.97
67.189, 50326.2, 6947.67
67.19, 50326.7, 6947.38
67.191, 50327.2, 6947.09
67.192, 50327.7, 6946.79
67.193, 50328.2, 6946.5
67.194, 50328.7, 6946.21
67.195, 50329.2, 6945.91
67.196, 50329.7, 6945.62
67.197, 50330.2, 6945.33
67.198, 50330.7, 6945.03
67.199, 50331.2, 6944.74
67.2, 50331.7, 6944.45
67.201, 50332.2, 6944.15
67.202, 50332.7, 6943.86
67.203, 50333.2, 6943.56
67.204, 50333.7, 6943.27
67.205, 50334.3, 6942.98
67.206, 50334.8, 6942.68
67.207, 50335.3, 6942.39
67.208, 50335.8, 6942.1
67.209, 50336.3, 6941.8
67.21, 50336.8, 6941.51
67.211, 50337.3, 6941.22
67.212, 50337.8, 6940.92
67.213, 50338.3, 6940.63
67.214, 50338.8, 6940.33
67.215, 50339.3, 6940.04
67.216, 50339.8, 6939.75
67.217, 50340.3, 6939.45
67.218, 50340.8, 6939.16
67.219, 50341.3, 6938.87
67.22, 50341.8, 6938.57
67.221, 50342.3, 6938.28
67.222, 50342.8, 6937.98
67.223, 50343.3, 6937.69
67.224, 50343.8, 6937.4
67.225, 50344.3, 6937.1
67.226, 50344.8, 6936.81
67.227, 50345.3, 6936.51
67.228, 50345.8, 6936.22
67.229, 50346.3, 6935.93
67.23, 50346.8, 6935.63
67.231, 50347.3, 6935.34
67.232, 50347.9, 6935.04
67.233, 50348.4, 6934.75
67.234, 50348.9, 6934.46
67.235, 50349.4, 6934.16
67.236, 50349.9, 6933.87
67.237, 50350.4, 6933.57
67.238, 50350.9, 6933.28
67.239, 50351.4, 6932.99
67.24, 50351.9, 6932.69
67.241, 50352.4, 6932.4
67.242, 50352.9, 6932.1
67.243, 50353.4, 6931.81
67.244, 50353.9, 6931.52
67.245, 50354.4, 6931.22
67.246, 50354.9, 6930.93
67.247, 50355.4, 6930.63
67.248, 50355.9, 6930.34
67.249, 50356.4, 6930.04
67.25, 50356.9, 6929.75
67.251, 50357.4, 6929.46
67.252, 50357.9, 6929.16
67.253, 50358.4, 6928.87
67.254, 50358.9, 6928.57
67.255, 50359.4, 6928.28
67.256, 50359.9, 6927.98
67.257, 50360.4, 6927.69
67.258, 50360.9, 6927.4
67.259, 50361.4, 6927.1
67.26, 50361.9, 6926.81
67.261, 50362.5, 6926.51
67.262, 50363, 6926.22
67.263, 50363.5, 6925.92
67.264, 50364, 6925.63
67.265, 50364.5, 6925.33
67.266, 50365, 6925.04
67.267, 50365.5, 6924.75
67.268, 50366, 6924.45
67.269, 50366.5, 6924.16
67.27, 50367, 6923.86
67.271, 50367.5, 6923.57
67.272, 50368, 6923.27
67.273, 50368.5, 6922.98
67.274, 50369, 6922.68
67.275, 50369.5, 6922.39
67.276, 50370, 6922.1
67.277, 50370.5, 6921.8
67.278, 50371, 6921.51
67.279, 50371.5, 6921.21
67.28, 50372, 6920.92
67.281, 50372.5, 6920.62
67.282, 50373, 6920.33
67.283, 50373.5, 6920.03
67.284, 50374, 6919.74
67.285, 50374.5, 6919.44
67.286, 50375, 6919.15
67.287, 50375.5, 6918.85
67.288, 50376, 6918.56
67.289, 50376.5, 6918.26
67.29, 50377.1, 6917.97
67.291, 50377.6, 6917.67
67.292, 50378.1, 6917.38
67.293, 50378.6, 6917.09
67.294, 50379.1, 6916.79
67.295, 50379.6, 6916.5
67.296, 50380.1, 6916.2
67.297, 50380.6, 6915.91
67.298, 50381.1, 6915.61
67.299, 50381.6, 6915.32
67.3, 50382.1, 6915.02
67.301, 50382.6, 6914.73
67.302, 50383.1, 6914.43
67.303, 50383.6, 6914.14
67.304, 50384.1, 6913.84
67.305, 50384.6, 6913.55
67.306, 50385.1, 6913.25
67.307, 50385.6, 6912.96
67.308, 50386.1, 6912.66
67.309, 50386.6, 6912.37
67.31, 50387.1, 6912.07
67.311, 50387.6, 6911.78
67.312, 50388.1, 6911.48
67.313, 50388.6, 6911.19
67.314, 50389.1, 6910.89
67.315, 50389.6, 6910.6
67.316, 50390.1, 6910.3
67.317, 50390.6, 6910.01
67.318, 50391.1, 6909.71
67.319, 50391.6, 6909.42
67.32, 50392.1, 6909.12
67.321, 50392.6, 6908.83
67.322, 50393.2, 6908.53
67.323, 50393.7, 6908.23
67.324, 50394.2, 6907.94
67.325, 50394.7, 6907.64
67.326, 50395.2, 6907.35
67.327, 50395.7, 6907.05
67.328, 50396.2, 6906.76
67.329, 50396.7, 6906.46
67.33, 50397.2, 6906.17
67.331, 50397.7, 6905.87
67.332, 50398.2, 6905.58
67.333, 50398.7, 6905.28
67.334, 50399.2, 6904.99
67.335, 50399.7, 6904.69
67.336, 50400.2, 6904.4
67.337, 50400.7, 6904.1
67.338, 50401.2, 6903.8
67.339, 50401.7, 6903.51
67.34, 50402.2, 6903.21
67.341, 50402.7, 6902.92
67.342, 50403.2, 6902.62
67.343, 50403.7, 6902.33
67.344, 50404.2, 6902.03
67.345, 50404.7, 6901.74
67.346, 50405.2, 6901.44
67.347, 50405.7, 6901.15
67.348, 50406.2, 6900.85
67.349, 50406.7, 6900.55
67.35, 50407.2, 6900.26
67.351, 50407.7, 6899.96
67.352, 50408.2, 6899.67
67.353, 50408.7, 6899.37
67.354, 50409.2, 6899.08
67.355, 50409.7, 6898.78
67.356, 50410.3, 6898.49
67.357, 50410.8, 6898.19
67.358, 50411.3, 6897.89
67.359, 50411.8, 6897.6
67.36, 50412.3, 6897.3
67.361, 50412.8, 6897.01
67.362, 50413.3, 6896.71
67.363, 50413.8, 6896.42
67.364, 50414.3, 6896.12
67.365, 50414.8, 6895.82
67.366, 50415.3, 6895.53
67.367, 50415.8, 6895.23
67.368, 50416.3, 6894.94
67.369, 50416.8, 6894.64
67.37, 50417.3, 6894.34
67.371, 50417.8, 6894.05
67.372, 50418.3, 6893.75
67.373, 50418.8, 6893.46
67.374, 50419.3, 6893.16
67.375, 50419.8, 6892.87
67.376, 50420.3, 6892.57
67.377, 50420.8, 6892.27
67.378, 50421.3, 6891.98
67.379, 50421.8, 6891.68
67.38, 50422.3, 6891.39
67.381, 50422.8, 6891.09
67.382, 50423.3, 6890.79
67.383, 50423.8, 6890.5
67.384, 50424.3, 6890.2
67.385, 50424.8, 6889.91
67.386, 50425.3, 6889.61
67.387, 50425.8, 6889.31
67.388, 50426.3, 6889.02
67.389, 50426.8, 6888.72
67.39, 50427.3, 6888.43
67.391, 50427.8, 6888.13
67.392, 50428.4, 6887.83
67.393, 50428.9, 6887.54
67.394, 50429.4, 6887.24
67.395, 50429.9, 6886.94
67.396, 50430.4, 6886.65
67.397, 50430.9, 6886.35
67.398, 50431.4, 6886.06
67.399, 50431.9, 6885.76
67.4, 50432.4, 6885.46
67.401, 50432.9, 6885.17
67.402, 50433.4, 6884.87
67.403, 50433.9, 6884.57
67.404, 50434.4, 6884.28
67.405, 50434.9, 6883.98
67.406, 50435.4, 6883.69
67.407, 50435.9, 6883.39
67.408, 50436.4, 6883.09
67.409, 50436.9, 6882.8
67.41, 50437.4, 6882.5
67.411, 50437.9, 6882.2
67.412, 50438.4, 6881.91
67.413, 50438.9, 6881.61
67.414, 50439.4, 6881.31
67.415, 50439.9, 6881.02
67.416, 50440.4, 6880.72
67.417, 50440.9, 6880.43
67.418, 50441.4, 6880.13
67.419, 50441.9, 6879.83
67.42, 50442.4, 6879.54
67.421, 50442.9, 6879.24
67.422, 50443.4, 6878.94
67.423, 50443.9, 6878.65
67.424, 50444.4, 6878.35
67.425, 50444.9, 6878.05
67.426, 50445.4, 6877.76
67.427, 50445.9, 6877.46
67.428, 50446.4, 6877.16
67.429, 50446.9, 6876.87
67.43, 50447.4, 6876.57
67.431, 50448, 6876.27
67.432, 50448.5, 6875.98
67.433, 50449, 6875.68
67.434, 50449.5, 6875.38
67.435, 50450, 6875.09
67.436, 50450.5, 6874.79
67.437, 50451, 6874.49
67.438, 50451.5, 6874.2
67.439, 50452, 6873.9
67.44, 50452.5, 6873.6
67.441, 50453, 6873.31
67.442, 50453.5, 6873.01
67.443, 50454, 6872.71
67.444, 50454.5, 6872.42
67.445, 50455, 6872.12
67.446, 50455.5, 6871.82
67.447, 50456, 6871.53
67.448, 50456.5, 6871.23
67.449, 50457, 6870.93
67.45, 50457.5, 6870.63
67.451, 50458, 6870.34
67.452, 50458.5, 6870.04
67.453, 50459, 6869.74
67.454, 50459.5, 6869.45
67.455, 50460, 6869.15
67.456, 50460.5, 6868.85
67.457, 50461, 6868.56
67.458, 50461.5, 6868.26
67.459, 50462, 6867.96
67.46, 50462.5, 6867.66
67.461, 50463, 6867.37
67.462, 50463.5, 6867.07
67.463, 50464, 6866.77
67.464, 50464.5, 6866.48
67.465, 50465, 6866.18
67.466, 50465.5, 6865.88
67.467, 50466, 6865.58
67.468, 50466.5, 6865.29
67.469, 50467, 6864.99
67.47, 50467.5, 6864.69
67.471, 50468, 6864.4
67.472, 50468.5, 6864.1
67.473, 50469, 6863.8
67.474, 50469.5, 6863.5
67.475, 50470.1, 6863.21
67.476, 50470.6, 6862.91
67.477, 50471.1, 6862.61
67.478, 50471.6, 6862.32
67.479, 50472.1, 6862.02
67.48, 50472.6, 6861.72
67.481, 50473.1, 6861.42
67.482, 50473.6, 6861.13
67.483, 50474.1, 6860.83
67.484, 50474.6, 6860.53
67.485, 50475.1, 6860.23
67.486, 50475.6, 6859.94
67.487, 50476.1, 6859.64
67.488, 50476.6, 6859.34
67.489, 50477.1, 6859.04
67.49, 50477.6, 6858.75
67.491, 50478.1, 6858.45
67.492, 50478.6, 6858.15
67.493, 50479.1, 6857.85
67.494, 50479.6, 6857.56
67.495, 50480.1, 6857.26
67.496, 50480.6, 6856.96
67.497, 50481.1, 6856.66
67.498, 50481.6, 6856.37
67.499, 50482.1, 6856.07
67.5, 50482.6, 6855.77
67.501, 50483.1, 6855.47
67.502, 50483.6, 6855.18
67.503, 50484.1, 6854.88
67.504, 50484.6, 6854.58
67.505, 50485.1, 6854.28
67.506, 50485.6, 6853.99
67.507, 50486.1, 6853.69
67.508, 50486.6, 6853.39
67.509, 50487.1, 6853.09
67.51, 50487.6, 6852.8
67.511, 50488.1, 6852.5
67.512, 50488.6, 6852.2
67.513, 50489.1, 6851.9
67.514, 50489.6, 6851.6
67.515, 50490.1, 6851.31
67.516, 50490.6, 6851.01
67.517, 50491.1, 6850.71
67.518, 50491.6, 6850.41
67.519, 50492.1, 6850.12
67.52, 50492.6, 6849.82
67.521, 50493.1, 6849.52
67.522, 50493.6, 6849.22
67.523, 50494.1, 6848.92
67.524, 50494.6, 6848.63
67.525, 50495.2, 6848.33
67.526, 50495.7, 6848.03
67.527, 50496.2, 6847.73
67.528, 50496.7, 6847.43
67.529, 50497.2, 6847.14
67.53, 50497.7, 6846.84
67.531, 50498.2, 6846.54
67.532, 50498.7, 6846.24
67.533, 50499.2, 6845.94
67.534, 50499.7, 6845.65
67.535, 50500.2, 6845.35
67.536, 50500.7, 6845.05
67.537, 50501.2, 6844.75
67.538, 50501.7, 6844.45
67.539, 50502.2, 6844.16
67.54, 50502.7, 6843.86
67.541, 50503.2, 6843.56
67.542, 50503.7, 6843.26
67.543, 50504.2, 6842.96
67.544, 50504.7, 6842.67
67.545, 50505.2, 6842.37
67.546, 50505.7, 6842.07
67.547, 50506.2, 6841.77
67.548, 50506.7, 6841.47
67.549, 50507.2, 6841.17
67.55, 50507.7, 6840.88
67.551, 50508.2, 6840.58
67.552, 50508.7, 6840.28
67.553, 50509.2, 6839.98
67.554, 50509.7, 6839.68
67.555, 50510.2, 6839.38
67.556, 50510.7, 6839.09
67.557, 50511.2, 6838.79
67.558, 50511.7, 6838.49
67.559, 50512.2, 6838.19
67.56, 50512.7, 6837.89
67.561, 50513.2, 6837.59
67.562, 50513.7, 6837.3
67.563, 50514.2, 6837
67.564, 50514.7, 6836.7
67.565, 50515.2, 6836.4
67.566, 50515.7, 6836.1
67.567, 50516.2, 6835.8
67.568, 50516.7, 6835.51
67.569, 50517.2, 6835.21
67.57, 50517.7, 6834.91
67.571, 50518.2, 6834.61
67.572, 50518.7, 6834.31
67.573, 50519.2, 6834.01
67.574, 50519.7, 6833.71
67.575, 50520.2, 6833.42
67.576, 50520.7, 6833.12
67.577, 50521.2, 6832.82
67.578, 50521.7, 6832.52
67.579, 50522.2, 6832.22
67.58, 50522.7, 6831.92
67.581, 50523.2, 6831.62
67.582, 50523.7, 6831.32
67.583, 50524.2, 6831.03
67.584, 50524.7, 6830.73
67.585, 50525.3, 6830.43
67.586, 50525.8, 6830.13
67.587, 50526.3, 6829.83
67.588, 50526.8, 6829.53
67.589, 50527.3, 6829.23
67.59, 50527.8, 6828.93
67.591, 50528.3, 6828.64
67.592, 50528.8, 6828.34
67.593, 50529.3, 6828.04
67.594, 50529.8, 6827.74
67.595, 50530.3, 6827.44
67.596, 50530.8, 6827.14
67.597, 50531.3, 6826.84
67.598, 50531.8, 6826.54
67.599, 50532.3, 6826.25
67.6, 50532.8, 6825.95
67.601, 50533.3, 6825.65
67.602, 50533.8, 6825.35
67.603, 50534.3, 6825.05
67.604, 50534.8, 6824.75
67.605, 50535.3, 6824.45
67.606, 50535.8, 6824.15
67.607, 50536.3, 6823.85
67.608, 50536.8, 6823.55
67.609, 50537.3, 6823.26
67.61, 50537.8, 6822.96
67.611, 50538.3, 6822.66
67.612, 50538.8, 6822.36
67.613, 50539.3, 6822.06
67.614, 50539.8, 6821.76
67.615, 50540.3, 6821.46
67.616, 50540.8, 6821.16
67.617, 50541.3, 6820.86
67.618, 50541.8, 6820.56
67.619, 50542.3, 6820.26
67.62, 50542.8, 6819.97
67.621, 50543.3, 6819.67
67.622, 50543.8, 6819.37
67.623, 50544.3, 6819.07
67.624, 50544.8, 6818.77
67.625, 50545.3, 6818.47
67.626, 50545.8, 6818.17
67.627, 50546.3, 6817.87
67.628, 50546.8, 6817.57
67.629, 50547.3, 6817.27
67.63, 50547.8, 6816.97
67.631, 50548.3, 6816.67
67.632, 50548.8, 6816.37
67.633, 50549.3, 6816.07
67.634, 50549.8, 6815.78
67.635, 50550.3, 6815.48
67.636, 50550.8, 6815.18
67.637, 50551.3, 6814.88
67.638, 50551.8, 6814.58
67.639, 50552.3, 6814.28
67.64, 50552.8, 6813.98
67.641, 50553.3, 6813.68
67.642, 50553.8, 6813.38
67.643, 50554.3, 6813.08
67.644, 50554.8, 6812.78
67.645, 50555.3, 6812.48
67.646, 50555.8, 6812.18
67.647, 50556.3, 6811.88
67.648, 50556.8, 6811.58
67.649, 50557.3, 6811.28
67.65, 50557.8, 6810.98
67.651, 50558.3, 6810.68
67.652, 50558.8, 6810.38
67.653, 50559.3, 6810.08
67.654, 50559.8, 6809.78
67.655, 50560.3, 6809.49
67.656, 50560.8, 6809.19
67.657, 50561.3, 6808.89
67.658, 50561.8, 6808.59
67.659, 50562.3, 6808.29
67.66, 50562.8, 6807.99
67.661, 50563.3, 6807.69
67.662, 50563.8, 6807.39
67.663, 50564.3, 6807.09
67.664, 50564.8, 6806.79
67.665, 50565.3, 6806.49
67.666, 50565.9, 6806.19
67.667, 50566.4, 6805.89
67.668, 50566.9, 6805.59
67.669, 50567.4, 6805.29
67.67, 50567.9, 6804.99
67.671, 50568.4, 6804.69
67.672, 50568.9, 6804.39
67.673, 50569.4, 6804.09
67.674, 50569.9, 6803.79
67.675, 50570.4, 6803.49
67.676, 50570.9, 6803.19
67.677, 50571.4, 6802.89
67.678, 50571.9, 6802.59
67.679, 50572.4, 6802.29
67.68, 50572.9, 6801.99
67.681, 50573.4, 6801.69
67.682, 50573.9, 6801.39
67.683, 50574.4, 6801.09
67.684, 50574.9, 6800.79
67.685, 50575.4, 6800.49
67.686, 50575.9, 6800.19
67.687, 50576.4, 6799.89
67.688, 50576.9, 6799.59
67.689, 50577.4, 6799.29
67.69, 50577.9, 6798.99
67.691, 50578.4, 6798.69
67.692, 50578.9, 6798.39
67.693, 50579.4, 6798.09
67.694, 50579.9, 6797.79
67.695, 50580.4, 6797.49
67.696, 50580.9, 6797.19
67.697, 50581.4, 6796.89
67.698, 50581.9, 6796.59
67.699, 50582.4, 6796.29
67.7, 50582.9, 6795.99
67.701, 50583.4, 6795.69
67.702, 50583.9, 6795.39
67.703, 50584.4, 6795.09
67.704, 50584.9, 6794.79
67.705, 50585.4, 6794.48
67.706, 50585.9, 6794.18
67.707, 50586.4, 6793.88
67.708, 50586.9, 6793.58
67.709, 50587.4, 6793.28
67.71, 50587.9, 6792.98
67.711, 50588.4, 6792.68
67.712, 50588.9, 6792.38
67.713, 50589.4, 6792.08
67.714, 50589.9, 6791.78
67.715, 50590.4, 6791.48
67.716, 50590.9, 6791.18
67.717, 50591.4, 6790.88
67.718, 50591.9, 6790.58
67.719, 50592.4, 6790.28
67.72, 50592.9, 6789.98
67.721, 50593.4, 6789.68
67.722, 50593.9, 6789.38
67.723, 50594.4, 6789.08
67.724, 50594.9, 6788.78
67.725, 50595.4, 6788.48
67.726, 50595.9, 6788.17
67.727, 50596.4, 6787.87
67.728, 50596.9, 6787.57
67.729, 50597.4, 6787.27
67.73, 50597.9, 6786.97
67.731, 50598.4, 6786.67
67.732, 50598.9, 6786.37
67.733, 50599.4, 6786.07
67.734, 50599.9, 6785.77
67.735, 50600.4, 6785.47
67.736, 50600.9, 6785.17
67.737, 50601.4, 6784.87
67.738, 50601.9, 6784.57
67.739, 50602.4, 6784.27
67.74, 50602.9, 6783.96
67.741, 50603.4, 6783.66
67.742, 50603.9, 6783.36
67.743, 50604.4, 6783.06
67.744, 50604.9, 6782.76
67.745, 50605.4, 6782.46
67.746, 50605.9, 6782.16
67.747, 50606.4, 6781.86
67.748, 50606.9, 6781.56
67.749, 50607.4, 6781.26
67.75, 50607.9, 6780.96
67.751, 50608.4, 6780.66
67.752, 50608.9, 6780.35
67.753, 50609.4, 6780.05
67.754, 50609.9, 6779.75
67.755, 50610.4, 6779.45
67.756, 50610.9, 6779.15
67.757, 50611.4, 6778.85
67.758, 50611.9, 6778.55
67.759, 50612.4, 6778.25
67.76, 50612.9, 6777.95
67.761, 50613.4, 6777.64
67.762, 50613.9, 6777.34
67.763, 50614.4, 6777.04
67.764, 50614.9, 6776.74
67.765, 50615.4, 6776.44
67.766, 50615.9, 6776.14
67.767, 50616.4, 6775.84
67.768, 50616.9, 6775.54
67.769, 50617.4, 6775.24
67.77, 50617.9, 6774.93
67.771, 50618.4, 6774.63
67.772, 50618.9, 6774.33
67.773, 50619.4, 6774.03
67.774, 50619.9, 6773.73
67.775, 50620.4, 6773.43
67.776, 50620.9, 6773.13
67.777, 50621.4, 6772.83
67.778, 50621.9, 6772.52
67.779, 50622.4, 6772.22
67.78, 50622.9, 6771.92
67.781, 50623.4, 6771.62
67.782, 50623.9, 6771.32
67.783, 50624.4, 6771.02
67.784, 50624.9, 6770.72
67.785, 50625.4, 6770.41
67.786, 50625.9, 6770.11
67.787, 50626.4, 6769.81
67.788, 50626.9, 6769.51
67.789, 50627.4, 6769.21
67.79, 50627.9, 6768.91
67.791, 50628.4, 6768.61
67.792, 50628.9, 6768.3
67.793, 50629.4, 6768
67.794, 50629.9, 6767.7
67.795, 50630.4, 6767.4
67.796, 50630.9, 6767.1
67.797, 50631.4, 6766.8
67.798, 50631.9, 6766.5
67.799, 50632.4, 6766.19
67.8, 50632.9, 6765.89
67.801, 50633.4, 6765.59
67.802, 50633.9, 6765.29
67.803, 50634.4, 6764.99
67.804, 50634.9, 6764.69
67.805, 50635.4, 6764.38
67.806, 50635.9, 6764.08
67.807, 50636.4, 6763.78
67.808, 50636.9, 6763.48
67.809, 50637.4, 6763.18
67.81, 50637.9, 6762.88
67.811, 50638.4, 6762.57
67.812, 50638.9, 6762.27
67.813, 50639.4, 6761.97
67.814, 50639.9, 6761.67
67.815, 50640.4, 6761.37
67.816, 50640.9, 6761.06
67.817, 50641.4, 6760.76
67.818, 50641.9, 6760.46
67.819, 50642.4, 6760.16
67.82, 50642.9, 6759.86
67.821, 50643.4, 6759.55
67.822, 50643.9, 6759.25
67.823, 50644.4, 6758.95
67.824, 50644.9, 6758.65
67.825, 50645.4, 6758.35
67.826, 50645.9, 6758.05
67.827, 50646.4, 6757.74
67.828, 50646.9, 6757.44
67.829, 50647.4, 6757.14
67.83, 50647.9, 6756.84
67.831, 50648.4, 6756.54
67.832, 50648.9, 6756.23
67.833, 50649.4, 6755.93
67.834, 50649.9, 6755.63
67.835, 50650.4, 6755.33
67.836, 50650.9, 6755.02
67.837, 50651.4, 6754.72
67.838, 50651.9, 6754.42
67.839, 50652.4, 6754.12
67.84, 50652.9, 6753.82
67.841, 50653.4, 6753.51
67.842, 50653.9, 6753.21
67.843, 50654.4, 6752.91
67.844, 50654.9, 6752.61
67.845, 50655.4, 6752.31
67.846, 50655.9, 6752
67.847, 50656.4, 6751.7
67.848, 50656.9, 6751.4
67.849, 50657.4, 6751.1
67.85, 50657.9, 6750.79
67.851, 50658.4, 6750.49
67.852, 50658.9, 6750.19
67.853, 50659.4, 6749.89
67.854, 50659.9, 6749.58
67.855, 50660.4, 6749.28
67.856, 50660.9, 6748.98
67.857, 50661.4, 6748.68
67.858, 50661.9, 6748.38
67.859, 50662.4, 6748.07
67.86, 50662.9, 6747.77
67.861, 50663.4, 6747.47
67.862, 50663.9, 6747.17
67.863, 50664.4, 6746.86
67.864, 50664.9, 6746.56
67.865, 50665.4, 6746.26
67.866, 50665.9, 6745.96
67.867, 50666.4, 6745.65
67.868, 50666.9, 6745.35
67.869, 50667.4, 6745.05
67.87, 50667.9, 6744.75
67.871, 50668.4, 6744.44
67.872, 50668.9, 6744.14
67.873, 50669.4, 6743.84
67.874, 50669.9, 6743.54
67.875, 50670.4, 6743.23
67.876, 50670.9, 6742.93
67.877, 50671.4, 6742.63
67.878, 50671.9, 6742.32
67.879, 50672.4, 6742.02
67.88, 50672.9, 6741.72
67.881, 50673.4, 6741.42
67.882, 50673.9, 6741.11
67.883, 50674.4, 6740.81
67.884, 50674.9, 6740.51
67.885, 50675.4, 6740.21
67.886, 50675.9, 6739.9
67.887, 50676.4, 6739.6
67.888, 50676.9, 6739.3
67.889, 50677.4, 6738.99
67.89, 50677.9, 6738.69
67.891, 50678.4, 6738.39
67.892, 50678.9, 6738.09
67.893, 50679.4, 6737.78
67.894, 50679.9, 6737.48
67.895, 50680.4, 6737.18
67.896, 50680.9, 6736.87
67.897, 50681.4, 6736.57
67.898, 50681.9, 6736.27
67.899, 50682.4, 6735.97
67.9, 50682.9, 6735.66
67.901, 50683.4, 6735.36
67.902, 50683.9, 6735.06
67.903, 50684.4, 6734.75
67.904, 50684.9, 6734.45
67.905, 50685.4, 6734.15
67.906, 50685.9, 6733.84
67.907, 50686.4, 6733.54
67.908, 50686.9, 6733.24
67.909, 50687.4, 6732.94
67.91, 50687.9, 6732.63
67.911, 50688.4, 6732.33
67.912, 50688.9, 6732.03
67.913, 50689.4, 6731.72
67.914, 50689.9, 6731.42
67.915, 50690.4, 6731.12
67.916, 50690.9, 6730.81
67.917, 50691.4, 6730.51
67.918, 50691.9, 6730.21
67.919, 50692.4, 6729.9
67.92, 50692.9, 6729.6
67.921, 50693.4, 6729.3
67.922, 50693.9, 6728.99
67.923, 50694.4, 6728.69
67.924, 50694.9, 6728.39
67.925, 50695.4, 6728.08
67.926, 50695.9, 6727.78
67.927, 50696.4, 6727.48
67.928, 50696.9, 6727.17
67.929, 50697.4, 6726.87
67.93, 50697.9, 6726.57
67.931, 50698.4, 6726.26
67.932, 50698.9, 6725.96
67.933, 50699.4, 6725.66
67.934, 50699.9, 6725.35
67.935, 50700.4, 6725.05
67.936, 50700.9, 6724.75
67.937, 50701.4, 6724.44
67.938, 50701.9, 6724.14
67.939, 50702.4, 6723.84
67.94, 50702.9, 6723.53
67.941, 50703.4, 6723.23
67.942, 50703.9, 6722.93
67.943, 50704.4, 6722.62
67.944, 50704.9, 6722.32
67.945, 50705.4, 6722.02
67.946, 50705.9, 6721.71
67.947, 50706.4, 6721.41
67.948, 50706.9, 6721.1
67.949, 50707.4, 6720.8
67.95, 50707.9, 6720.5
67.951, 50708.4, 6720.19
67.952, 50708.9, 6719.89
67.953, 50709.4, 6719.59
67.954, 50709.9, 6719.28
67.955, 50710.4, 6718.98
67.956, 50710.9, 6718.67
67.957, 50711.4, 6718.37
67.958, 50711.9, 6718.07
67.959, 50712.4, 6717.76
67.96, 50712.9, 6717.46
67.961, 50713.4, 6717.16
67.962, 50713.9, 6716.85
67.963, 50714.4, 6716.55
67.964, 50714.9, 6716.24
67.965, 50715.4, 6715.94
67.966, 50715.9, 6715.64
67.967, 50716.4, 6715.33
67.968, 50716.9, 6715.03
67.969, 50717.4, 6714.73
67.97, 50717.9, 6714.42
67.971, 50718.4, 6714.12
67.972, 50718.9, 6713.81
67.973, 50719.4, 6713.51
67.974, 50719.9, 6713.21
67.975, 50720.4, 6712.9
67.976, 50720.9, 6712.6
67.977, 50721.4, 6712.29
67.978, 50721.9, 6711.99
67.979, 50722.4, 6711.69
67.98, 50722.9, 6711.38
67.981, 50723.4, 6711.08
67.982, 50723.9, 6710.77
67.983, 50724.4, 6710.47
67.984, 50724.9, 6710.17
67.985, 50725.4, 6709.86
67.986, 50725.9, 6709.56
67.987, 50726.4, 6709.25
67.988, 50726.9, 6708.95
67.989, 50727.3, 6708.64
67.99, 50727.8, 6708.34
67.991, 50728.3, 6708.04
67.992, 50728.8, 6707.73
67.993, 50729.3, 6707.43
67.994, 50729.8, 6707.12
67.995, 50730.3, 6706.82
67.996, 50730.8, 6706.52
67.997, 50731.3, 6706.21
67.998, 50731.8, 6705.91
67.999, 50732.3, 6705.6
68, 50732.8, 6705.3
68.001, 50733.3, 6704.99
68.002, 50733.8, 6704.69
68.003, 50734.3, 6704.38
68.004, 50734.8, 6704.08
68.005, 50735.3, 6703.78
68.006, 50735.8, 6703.47
68.007, 50736.3, 6703.17
68.008, 50736.8, 6702.86
68.009, 50737.3, 6702.56
68.01, 50737.8, 6702.25
68.011, 50738.3, 6701.95
68.012, 50738.8, 6701.64
68.013, 50739.3, 6701.34
68.014, 50739.8, 6701.04
68.015, 50740.3, 6700.73
68.016, 50740.8, 6700.43
68.017, 50741.3, 6700.12
68.018, 50741.8, 6699.82
68.019, 50742.3, 6699.51
68.02, 50742.8, 6699.21
68.021, 50743.3, 6698.9
68.022, 50743.8, 6698.6
68.023, 50744.3, 6698.29
68.024, 50744.8, 6697.99
68.025, 50745.3, 6697.69
68.026, 50745.8, 6697.38
68.027, 50746.3, 6697.08
68.028, 50746.8, 6696.77
68.029, 50747.3, 6696.47
68.03, 50747.8, 6696.16
68.031, 50748.3, 6695.86
68.032, 50748.8, 6695.55
68.033, 50749.3, 6695.25
68.034, 50749.8, 6694.94
68.035, 50750.3, 6694.64
68.036, 50750.8, 6694.33
68.037, 50751.3, 6694.03
68.038, 50751.8, 6693.72
68.039, 50752.3, 6693.42
68.04, 50752.8, 6693.11
68.041, 50753.3, 6692.81
68.042, 50753.8, 6692.5
68.043, 50754.3, 6692.2
68.044, 50754.8, 6691.89
68.045, 50755.3, 6691.59
68.046, 50755.8, 6691.28
68.047, 50756.3, 6690.98
68.048, 50756.8, 6690.67
68.049, 50757.3, 6690.37
68.05, 50757.8, 6690.06
68.051, 50758.3, 6689.76
68.052, 50758.8, 6689.45
68.053, 50759.3, 6689.15
68.054, 50759.8, 6688.84
68.055, 50760.3, 6688.54
68.056, 50760.8, 6688.23
68.057, 50761.3, 6687.93
68.058, 50761.8, 6687.62
68.059, 50762.3, 6687.32
68.06, 50762.8, 6687.01
68.061, 50763.3, 6686.71
68.062, 50763.8, 6686.4
68.063, 50764.3, 6686.1
68.064, 50764.8, 6685.79
68.065, 50765.3, 6685.49
68.066, 50765.8, 6685.18
68.067, 50766.3, 6684.88
68.068, 50766.8, 6684.57
68.069, 50767.3, 6684.27
68.07, 50767.7, 6683.96
68.071, 50768.2, 6683.66
68.072, 50768.7, 6683.35
68.073, 50769.2, 6683.05
68.074, 50769.7, 6682.74
68.075, 50770.2, 6682.44
68.076, 50770.7, 6682.13
68.077, 50771.2, 6681.82
68.078, 50771.7, 6681.52
68.079, 50772.2, 6681.21
68.08, 50772.7, 6680.91
68.081, 50773.2, 6680.6
68.082, 50773.7, 6680.3
68.083, 50774.2, 6679.99
68.084, 50774.7, 6679.69
68.085, 50775.2, 6679.38
68.086, 50775.7, 6679.08
68.087, 50776.2, 6678.77
68.088, 50776.7, 6678.46
68.089, 50777.2, 6678.16
68.09, 50777.7, 6677.85
68.091, 50778.2, 6677.55
68.092, 50778.7, 6677.24
68.093, 50779.2, 6676.94
68.094, 50779.7, 6676.63
68.095, 50780.2, 6676.33
68.096, 50780.7, 6676.02
68.097, 50781.2, 6675.71
68.098, 50781.7, 6675.41
68.099, 50782.2, 6675.1
68.1, 50782.7, 6674.8
68.101, 50783.2, 6674.49
68.102, 50783.7, 6674.19
68.103, 50784.2, 6673.88
68.104, 50784.7, 6673.57
68.105, 50785.2, 6673.27
68.106, 50785.7, 6672.96
68.107, 50786.2, 6672.66
68.108, 50786.7, 6672.35
68.109, 50787.2, 6672.05
68.11, 50787.7, 6671.74
68.111, 50788.2, 6671.43
68.112, 50788.7, 6671.13
68.113, 50789.2, 6670.82
68.114, 50789.7, 6670.52
68.115, 50790.2, 6670.21
68.116, 50790.7, 6669.9
68.117, 50791.2, 6669.6
68.118, 50791.7, 6669.29
68.119, 50792.2, 6668.99
68.12, 50792.7, 6668.68
68.121, 50793.2, 6668.38
68.122, 50793.7, 6668.07
68.123, 50794.2, 6667.76
68.124, 50794.7, 6667.46
68.125, 50795.2, 6667.15
68.126, 50795.7, 6666.85
68.127, 50796.2, 6666.54
68.128, 50796.7, 6666.23
68.129, 50797.2, 6665.93
68.13, 50797.6, 6665.62
68.131, 50798.1, 6665.31
68.132, 50798.6, 6665.01
68.133, 50799.1, 6664.7
68.134, 50799.6, 6664.4
68.135, 50800.1, 6664.09
68.136, 50800.6, 6663.78
68.137, 50801.1, 6663.48
68.138, 50801.6, 6663.17
68.139, 50802.1, 6662.87
68.14, 50802.6, 6662.56
68.141, 50803.1, 6662.25
68.142, 50803.6, 6661.95
68.143, 50804.1, 6661.64
68.144, 50804.6, 6661.33
68.145, 50805.1, 6661.03
68.146, 50805.6, 6660.72
68.147, 50806.1, 6660.42
68.148, 50806.6, 6660.11
68.149, 50807.1, 6659.8
68.15, 50807.6, 6659.5
68.151, 50808.1, 6659.19
68.152, 50808.6, 6658.88
68.153, 50809.1, 6658.58
68.154, 50809.6, 6658.27
68.155, 50810.1, 6657.96
68.156, 50810.6, 6657.66
68.157, 50811.1, 6657.35
68.158, 50811.6, 6657.05
68.159, 50812.1, 6656.74
68.16, 50812.6, 6656.43
68.161, 50813.1, 6656.13
68.162, 50813.6, 6655.82
68.163, 50814.1, 6655.51
68.164, 50814.6, 6655.21
68.165, 50815.1, 6654.9
68.166, 50815.6, 6654.59
68.167, 50816.1, 6654.29
68.168, 50816.6, 6653.98
68.169, 50817.1, 6653.67
68.17, 50817.6, 6653.37
68.171, 50818.1, 6653.06
68.172, 50818.6, 6652.75
68.173, 50819.1, 6652.45
68.174, 50819.6, 6652.14
68.175, 50820.1, 6651.83
68.176, 50820.6, 6651.53
68.177, 50821.1, 6651.22
68.178, 50821.6, 6650.91
68.179, 50822.1, 6650.61
68.18, 50822.5, 6650.3
68.181, 50823, 6649.99
68.182, 50823.5, 6649.69
68.183, 50824, 6649.38
68.184, 50824.5, 6649.07
68.185, 50825, 6648.77
68.186, 50825.5, 6648.46
68.187, 50826, 6648.15
68.188, 50826.5, 6647.85
68.189, 50827, 6647.54
68.19, 50827.5, 6647.23
68.191, 50828, 6646.92
68.192, 50828.5, 6646.62
68.193, 50829, 6646.31
68.194, 50829.5, 6646
68.195, 50830, 6645.7
68.196, 50830.5, 6645.39
68.197, 50831, 6645.08
68.198, 50831.5, 6644.78
68.199, 50832, 6644.47
68.2, 50832.5, 6644.16
68.201, 50833, 6643.85
68.202, 50833.5, 6643.55
68.203, 50834, 6643.24
68.204, 50834.5, 6642.93
68.205, 50835, 6642.63
68.206, 50835.5, 6642.32
68.207, 50836, 6642.01
68.208, 50836.5, 6641.7
68.209, 50837, 6641.4
68.21, 50837.5, 6641.09
68.211, 50838, 6640.78
68.212, 50838.5, 6640.48
68.213, 50839, 6640.17
68.214, 50839.5, 6639.86
68.215, 50840, 6639.55
68.216, 50840.5, 6639.25
68.217, 50841, 6638.94
68.218, 50841.5, 6638.63
68.219, 50842, 6638.33
68.22, 50842.5, 6638.02
68.221, 50843, 6637.71
68.222, 50843.5, 6637.4
68.223, 50843.9, 6637.1
68.224, 50844.4, 6636.79
68.225, 50844.9, 6636.48
68.226, 50845.4, 6636.17
68.227, 50845.9, 6635.87
68.228, 50846.4, 6635.56
68.229, 50846.9, 6635.25
68.23, 50847.4, 6634.94
68.231, 50847.9, 6634.64
68.232, 50848.4, 6634.33
68.233, 50848.9, 6634.02
68.234, 50849.4, 6633.71
68.235, 50849.9, 6633.41
68.236, 50850.4, 6633.1
68.237, 50850.9, 6632.79
68.238, 50851.4, 6632.48
68.239, 50851.9, 6632.18
68.24, 50852.4, 6631.87
68.241, 50852.9, 6631.56
68.242, 50853.4, 6631.25
68.243, 50853.9, 6630.95
68.244, 50854.4, 6630.64
68.245, 50854.9, 6630.33
68.246, 50855.4, 6630.02
68.247, 50855.9, 6629.72
68.248, 50856.4, 6629.41
68.249, 50856.9, 6629.1
68.25, 50857.4, 6628.79
68.251, 50857.9, 6628.48
68.252, 50858.4, 6628.18
68.253, 50858.9, 6627.87
68.254, 50859.4, 6627.56
68.255, 50859.9, 6627.25
68.256, 50860.4, 6626.95
68.257, 50860.9, 6626.64
68.258, 50861.4, 6626.33
68.259, 50861.9, 6626.02
68.26, 50862.4, 6625.71
68.261, 50862.9, 6625.41
68.262, 50863.3, 6625.1
68.263, 50863.8, 6624.79
68.264, 50864.3, 6624.48
68.265, 50864.8, 6624.18
68.266, 50865.3, 6623.87
68.267, 50865.8, 6623.56
68.268, 50866.3, 6623.25
68.269, 50866.8, 6622.94
68.27, 50867.3, 6622.64
68.271, 50867.8, 6622.33
68.272, 50868.3, 6622.02
68.273, 50868.8, 6621.71
68.274, 50869.3, 6621.4
68.275, 50869.8, 6621.1
68.276, 50870.3, 6620.79
68.277, 50870.8, 6620.48
68.278, 50871.3, 6620.17
68.279, 50871.8, 6619.86
68.28, 50872.3, 6619.55
68.281, 50872.8, 6619.25
68.282, 50873.3, 6618.94
68.283, 50873.8, 6618.63
68.284, 50874.3, 6618.32
68.285, 50874.8, 6618.01
68.286, 50875.3, 6617.71
68.287, 50875.8, 6617.4
68.288, 50876.3, 6617.09
68.289, 50876.8, 6616.78
68.29, 50877.3, 6616.47
68.291, 50877.8, 6616.16
68.292, 50878.3, 6615.86
68.293, 50878.8, 6615.55
68.294, 50879.3, 6615.24
68.295, 50879.8, 6614.93
68.296, 50880.3, 6614.62
68.297, 50880.8, 6614.31
68.298, 50881.2, 6614.01
68.299, 50881.7, 6613.7
68.3, 50882.2, 6613.39
68.301, 50882.7, 6613.08
68.302, 50883.2, 6612.77
68.303, 50883.7, 6612.46
68.304, 50884.2, 6612.16
68.305, 50884.7, 6611.85
68.306, 50885.2, 6611.54
68.307, 50885.7, 6611.23
68.308, 50886.2, 6610.92
68.309, 50886.7, 6610.61
68.31, 50887.2, 6610.3
68.311, 50887.7, 6610
68.312, 50888.2, 6609.69
68.313, 50888.7, 6609.38
68.314, 50889.2, 6609.07
68.315, 50889.7, 6608.76
68.316, 50890.2, 6608.45
68.317, 50890.7, 6608.14
68.318, 50891.2, 6607.84
68.319, 50891.7, 6607.53
68.32, 50892.2, 6607.22
68.321, 50892.7, 6606.91
68.322, 50893.2, 6606.6
68.323, 50893.7, 6606.29
68.324, 50894.2, 6605.98
68.325, 50894.7, 6605.67
68.326, 50895.2, 6605.37
68.327, 50895.7, 6605.06
68.328, 50896.2, 6604.75
68.329, 50896.7, 6604.44
68.33, 50897.2, 6604.13
68.331, 50897.7, 6603.82
68.332, 50898.1, 6603.51
68.333, 50898.6, 6603.2
68.334, 50899.1, 6602.9
68.335, 50899.6, 6602.59
68.336, 50900.1, 6602.28
68.337, 50900.6, 6601.97
68.338, 50901.1, 6601.66
68.339, 50901.6, 6601.35
68.34, 50902.1, 6601.04
68.341, 50902.6, 6600.73
68.342, 50903.1, 6600.42
68.343, 50903.6, 6600.12
68.344, 50904.1, 6599.81
68.345, 50904.6, 6599.5
68.346, 50905.1, 6599.19
68.347, 50905.6, 6598.88
68.348, 50906.1, 6598.57
68.349, 50906.6, 6598.26
68.35, 50907.1, 6597.95
68.351, 50907.6, 6597.64
68.352, 50908.1, 6597.33
68.353, 50908.6, 6597.02
68.354, 50909.1, 6596.72
68.355, 50909.6, 6596.41
68.356, 50910.1, 6596.1
68.357, 50910.6, 6595.79
68.358, 50911.1, 6595.48
68.359, 50911.6, 6595.17
68.36, 50912.1, 6594.86
68.361, 50912.6, 6594.55
68.362, 50913.1, 6594.24
68.363, 50913.5, 6593.93
68.364, 50914, 6593.62
68.365, 50914.5, 6593.31
68.366, 50915, 6593
68.367, 50915.5, 6592.7
68.368, 50916, 6592.39
68.369, 50916.5, 6592.08
68.37, 50917, 6591.77
68.371, 50917.5, 6591.46
68.372, 50918, 6591.15
68.373, 50918.5, 6590.84
68.374, 50919, 6590.53
68.375, 50919.5, 6590.22
68.376, 50920, 6589.91
68.377, 50920.5, 6589.6
68.378, 50921, 6589.29
68.379, 50921.5, 6588.98
68.38, 50922, 6588.67
68.381, 50922.5, 6588.36
68.382, 50923, 6588.05
68.383, 50923.5, 6587.74
68.384, 50924, 6587.44
68.385, 50924.5, 6587.13
68.386, 50925, 6586.82
68.387, 50925.5, 6586.51
68.388, 50926, 6586.2
68.389, 50926.5, 6585.89
68.39, 50927, 6585.58
68.391, 50927.5, 6585.27
68.392, 50927.9, 6584.96
68.393, 50928.4, 6584.65
68.394, 50928.9, 6584.34
68.395, 50929.4, 6584.03
68.396, 50929.9, 6583.72
68.397, 50930.4, 6583.41
68.398, 50930.9, 6583.1
68.399, 50931.4, 6582.79
68.4, 50931.9, 6582.48
68.401, 50932.4, 6582.17
68.402, 50932.9, 6581.86
68.403, 50933.4, 6581.55
68.404, 50933.9, 6581.24
68.405, 50934.4, 6580.93
68.406, 50934.9, 6580.62
68.407, 50935.4, 6580.31
68.408, 50935.9, 6580
68.409, 50936.4, 6579.69
68.41, 50936.9, 6579.38
68.411, 50937.4, 6579.07
68.412, 50937.9, 6578.76
68.413, 50938.4, 6578.45
68.414, 50938.9, 6578.14
68.415, 50939.4, 6577.83
68.416, 50939.9, 6577.52
68.417, 50940.4, 6577.21
68.418, 50940.9, 6576.9
68.419, 50941.4, 6576.59
68.42, 50941.8, 6576.28
68.421, 50942.3, 6575.97
68.422, 50942.8, 6575.66
68.423, 50943.3, 6575.35
68.424, 50943.8, 6575.04
68.425, 50944.3, 6574.73
68.426, 50944.8, 6574.42
68.427, 50945.3, 6574.11
68.428, 50945.8, 6573.8
68.429, 50946.3, 6573.49
68.43, 50946.8, 6573.18
68.431, 50947.3, 6572.87
68.432, 50947.8, 6572.56
68.433, 50948.3, 6572.25
68.434, 50948.8, 6571.94
68.435, 50949.3, 6571.63
68.436, 50949.8, 6571.32
68.437, 50950.3, 6571.01
68.438, 50950.8, 6570.7
68.439, 50951.3, 6570.39
68.44, 50951.8, 6570.08
68.441, 50952.3, 6569.77
68.442, 50952.8, 6569.46
68.443, 50953.3, 6569.15
68.444, 50953.8, 6568.84
68.445, 50954.3, 6568.53
68.446, 50954.8, 6568.22
68.447, 50955.2, 6567.91
68.448, 50955.7, 6567.6
68.449, 50956.2, 6567.29
68.45, 50956.7, 6566.97
68.451, 50957.2, 6566.66
68.452, 50957.7, 6566.35
68.453, 50958.2, 6566.04
68.454, 50958.7, 6565.73
68.455, 50959.2, 6565.42
68.456, 50959.7, 6565.11
68.457, 50960.2, 6564.8
68.458, 50960.7, 6564.49
68.459, 50961.2, 6564.18
68.46, 50961.7, 6563.87
68.461, 50962.2, 6563.56
68.462, 50962.7, 6563.25
68.463, 50963.2, 6562.94
68.464, 50963.7, 6562.63
68.465, 50964.2, 6562.32
68.466, 50964.7, 6562.01
68.467, 50965.2, 6561.7
68.468, 50965.7, 6561.38
68.469, 50966.2, 6561.07
68.47, 50966.7, 6560.76
68.471, 50967.2, 6560.45
68.472, 50967.7, 6560.14
68.473, 50968.1, 6559.83
68.474, 50968.6, 6559.52
68.475, 50969.1, 6559.21
68.476, 50969.6, 6558.9
68.477, 50970.1, 6558.59
68.478, 50970.6, 6558.28
68.479, 50971.1, 6557.97
68.48, 50971.6, 6557.66
68.481, 50972.1, 6557.34
68.482, 50972.6, 6557.03
68.483, 50973.1, 6556.72
68.484, 50973.6, 6556.41
68.485, 50974.1, 6556.1
68.486, 50974.6, 6555.79
68.487, 50975.1, 6555.48
68.488, 50975.6, 6555.17
68.489, 50976.1, 6554.86
68.49, 50976.6, 6554.55
68.491, 50977.1, 6554.23
68.492, 50977.6, 6553.92
68.493, 50978.1, 6553.61
68.494, 50978.6, 6553.3
68.495, 50979.1, 6552.99
68.496, 50979.6, 6552.68
68.497, 50980.1, 6552.37
68.498, 50980.5, 6552.06
68.499, 50981, 6551.75
68.5, 50981.5, 6551.44
68.501, 50982, 6551.12
68.502, 50982.5, 6550.81
68.503, 50983, 6550.5
68.504, 50983.5, 6550.19
68.505, 50984, 6549.88
68.506, 50984.5, 6549.57
68.507, 50985, 6549.26
68.508, 50985.5, 6548.95
68.509, 50986, 6548.63
68.51, 50986.5, 6548.32
68.511, 50987, 6548.01
68.512, 50987.5, 6547.7
68.513, 50988, 6547.39
68.514, 50988.5, 6547.08
68.515, 50989, 6546.77
68.516, 50989.5, 6546.46
68.517, 50990, 6546.14
68.518, 50990.5, 6545.83
68.519, 50991, 6545.52
68.52, 50991.5, 6545.21
68.521, 50991.9, 6544.9
68.522, 50992.4, 6544.59
68.523, 50992.9, 6544.28
68.524, 50993.4, 6543.96
68.525, 50993.9, 6543.65
68.526, 50994.4, 6543.34
68.527, 50994.9, 6543.03
68.528, 50995.4, 6542.72
68.529, 50995.9, 6542.41
68.53, 50996.4, 6542.09
68.531, 50996.9, 6541.78
68.532, 50997.4, 6541.47
68.533, 50997.9, 6541.16
68.534, 50998.4, 6540.85
68.535, 50998.9, 6540.54
68.536, 50999.4, 6540.23
68.537, 50999.9, 6539.91
68.538, 51000.4, 6539.6
68.539, 51000.9, 6539.29
68.54, 51001.4, 6538.98
68.541, 51001.9, 6538.67
68.542, 51002.4, 6538.36
68.543, 51002.9, 6538.04
68.544, 51003.3, 6537.73
68.545, 51003.8, 6537.42
68.546, 51004.3, 6537.11
68.547, 51004.8, 6536.8
68.548, 51005.3, 6536.48
68.549, 51005.8, 6536.17
68.55, 51006.3, 6535.86
68.551, 51006.8, 6535.55
68.552, 51007.3, 6535.24
68.553, 51007.8, 6534.93
68.554, 51008.3, 6534.61
68.555, 51008.8, 6534.3
68.556, 51009.3, 6533.99
68.557, 51009.8, 6533.68
68.558, 51010.3, 6533.37
68.559, 51010.8, 6533.05
68.56, 51011.3, 6532.74
68.561, 51011.8, 6532.43
68.562, 51012.3, 6532.12
68.563, 51012.8, 6531.81
68.564, 51013.3, 6531.49
68.565, 51013.8, 6531.18
68.566, 51014.3, 6530.87
68.567, 51014.7, 6530.56
68.568, 51015.2, 6530.25
68.569, 51015.7, 6529.93
68.57, 51016.2, 6529.62
68.571, 51016.7, 6529.31
68.572, 51017.2, 6529
68.573, 51017.7, 6528.69
68.574, 51018.2, 6528.37
68.575, 51018.7, 6528.06
68.576, 51019.2, 6527.75
68.577, 51019.7, 6527.44
68.578, 51020.2, 6527.12
68.579, 51020.7, 6526.81
68.58, 51021.2, 6526.5
68.581, 51021.7, 6526.19
68.582, 51022.2, 6525.88
68.583, 51022.7, 6525.56
68.584, 51023.2, 6525.25
68.585, 51023.7, 6524.94
68.586, 51024.2, 6524.63
68.587, 51024.7, 6524.31
68.588, 51025.1, 6524
68.589, 51025.6, 6523.69
68.59, 51026.1, 6523.38
68.591, 51026.6, 6523.06
68.592, 51027.1, 6522.75
68.593, 51027.6, 6522.44
68.594, 51028.1, 6522.13
68.595, 51028.6, 6521.81
68.596, 51029.1, 6521.5
68.597, 51029.6, 6521.19
68.598, 51030.1, 6520.88
68.599, 51030.6, 6520.56
68.6, 51031.1, 6520.25
68.601, 51031.6, 6519.94
68.602, 51032.1, 6519.63
68.603, 51032.6, 6519.31
68.604, 51033.1, 6519
68.605, 51033.6, 6518.69
68.606, 51034.1, 6518.38
68.607, 51034.6, 6518.06
68.608, 51035.1, 6517.75
68.609, 51035.5, 6517.44
68.61, 51036, 6517.13
68.611, 51036.5, 6516.81
68.612, 51037, 6516.5
68.613, 51037.5, 6516.19
68.614, 51038, 6515.88
68.615, 51038.5, 6515.56
68.616, 51039, 6515.25
68.617, 51039.5, 6514.94
68.618, 51040, 6514.62
68.619, 51040.5, 6514.31
68.62, 51041, 6514
68.621, 51041.5, 6513.69
68.622, 51042, 6513.37
68.623, 51042.5, 6513.06
68.624, 51043, 6512.75
68.625, 51043.5, 6512.44
68.626, 51044, 6512.12
68.627, 51044.5, 6511.81
68.628, 51045, 6511.5
68.629, 51045.5, 6511.18
68.63, 51045.9, 6510.87
68.631, 51046.4, 6510.56
68.632, 51046.9, 6510.24
68.633, 51047.4, 6509.93
68.634, 51047.9, 6509.62
68.635, 51048.4, 6509.31
68.636, 51048.9, 6508.99
68.637, 51049.4, 6508.68
68.638, 51049.9, 6508.37
68.639, 51050.4, 6508.05
68.64, 51050.9, 6507.74
68.641, 51051.4, 6507.43
68.642, 51051.9, 6507.11
68.643, 51052.4, 6506.8
68.644, 51052.9, 6506.49
68.645, 51053.4, 6506.18
68.646, 51053.9, 6505.86
68.647, 51054.4, 6505.55
68.648, 51054.9, 6505.24
68.649, 51055.4, 6504.92
68.65, 51055.8, 6504.61
68.651, 51056.3, 6504.3
68.652, 51056.8, 6503.98
68.653, 51057.3, 6503.67
68.654, 51057.8, 6503.36
68.655, 51058.3, 6503.04
68.656, 51058.8, 6502.73
68.657, 51059.3, 6502.42
68.658, 51059.8, 6502.1
68.659, 51060.3, 6501.79
68.66, 51060.8, 6501.48
68.661, 51061.3, 6501.16
68.662, 51061.8, 6500.85
68.663, 51062.3, 6500.54
68.664, 51062.8, 6500.22
68.665, 51063.3, 6499.91
68.666, 51063.8, 6499.6
68.667, 51064.3, 6499.28
68.668, 51064.8, 6498.97
68.669, 51065.2, 6498.66
68.67, 51065.7, 6498.34
68.671, 51066.2, 6498.03
68.672, 51066.7, 6497.72
68.673, 51067.2, 6497.4
68.674, 51067.7, 6497.09
68.675, 51068.2, 6496.78
68.676, 51068.7, 6496.46
68.677, 51069.2, 6496.15
68.678, 51069.7, 6495.83
68.679, 51070.2, 6495.52
68.68, 51070.7, 6495.21
68.681, 51071.2, 6494.89
68.682, 51071.7, 6494.58
68.683, 51072.2, 6494.27
68.684, 51072.7, 6493.95
68.685, 51073.2, 6493.64
68.686, 51073.7, 6493.33
68.687, 51074.2, 6493.01
68.688, 51074.6, 6492.7
68.689, 51075.1, 6492.38
68.69, 51075.6, 6492.07
68.691, 51076.1, 6491.76
68.692, 51076.6, 6491.44
68.693, 51077.1, 6491.13
68.694, 51077.6, 6490.82
68.695, 51078.1, 6490.5
68.696, 51078.6, 6490.19
68.697, 51079.1, 6489.87
68.698, 51079.6, 6489.56
68.699, 51080.1, 6489.25
68.7, 51080.6, 6488.93
68.701, 51081.1, 6488.62
68.702, 51081.6, 6488.3
68.703, 51082.1, 6487.99
68.704, 51082.6, 6487.68
68.705, 51083.1, 6487.36
68.706, 51083.6, 6487.05
68.707, 51084, 6486.73
68.708, 51084.5, 6486.42
68.709, 51085, 6486.11
68.71, 51085.5, 6485.79
68.711, 51086, 6485.48
68.712, 51086.5, 6485.16
68.713, 51087, 6484.85
68.714, 51087.5, 6484.54
68.715, 51088, 6484.22
68.716, 51088.5, 6483.91
68.717, 51089, 6483.59
68.718, 51089.5, 6483.28
68.719, 51090, 6482.97
68.72, 51090.5, 6482.65
68.721, 51091, 6482.34
68.722, 51091.5, 6482.02
68.723, 51092, 6481.71
68.724, 51092.5, 6481.39
68.725, 51092.9, 6481.08
68.726, 51093.4, 6480.77
68.727, 51093.9, 6480.45
68.728, 51094.4, 6480.14
68.729, 51094.9, 6479.82
68.73, 51095.4, 6479.51
68.731, 51095.9, 6479.2
68.732, 51096.4, 6478.88
68.733, 51096.9, 6478.57
68.734, 51097.4, 6478.25
68.735, 51097.9, 6477.94
68.736, 51098.4, 6477.62
68.737, 51098.9, 6477.31
68.738, 51099.4, 6476.99
68.739, 51099.9, 6476.68
68.74, 51100.4, 6476.37
68.741, 51100.9, 6476.05
68.742, 51101.4, 6475.74
68.743, 51101.8, 6475.42
68.744, 51102.3, 6475.11
68.745, 51102.8, 6474.79
68.746, 51103.3, 6474.48
68.747, 51103.8, 6474.16
68.748, 51104.3, 6473.85
68.749, 51104.8, 6473.54
68.75, 51105.3, 6473.22
68.751, 51105.8, 6472.91
68.752, 51106.3, 6472.59
68.753, 51106.8, 6472.28
68.754, 51107.3, 6471.96
68.755, 51107.8, 6471.65
68.756, 51108.3, 6471.33
68.757, 51108.8, 6471.02
68.758, 51109.3, 6470.7
68.759, 51109.8, 6470.39
68.76, 51110.2, 6470.07
68.761, 51110.7, 6469.76
68.762, 51111.2, 6469.44
68.763, 51111.7, 6469.13
68.764, 51112.2, 6468.82
68.765, 51112.7, 6468.5
68.766, 51113.2, 6468.19
68.767, 51113.7, 6467.87
68.768, 51114.2, 6467.56
68.769, 51114.7, 6467.24
68.77, 51115.2, 6466.93
68.771, 51115.7, 6466.61
68.772, 51116.2, 6466.3
68.773, 51116.7, 6465.98
68.774, 51117.2, 6465.67
68.775, 51117.7, 6465.35
68.776, 51118.2, 6465.04
68.777, 51118.6, 6464.72
68.778, 51119.1, 6464.41
68.779, 51119.6, 6464.09
68.78, 51120.1, 6463.78
68.781, 51120.6, 6463.46
68.782, 51121.1, 6463.15
68.783, 51121.6, 6462.83
68.784, 51122.1, 6462.52
68.785, 51122.6, 6462.2
68.786, 51123.1, 6461.89
68.787, 51123.6, 6461.57
68.788, 51124.1, 6461.26
68.789, 51124.6, 6460.94
68.79, 51125.1, 6460.63
68.791, 51125.6, 6460.31
68.792, 51126.1, 6460
68.793, 51126.6, 6459.68
68.794, 51127, 6459.37
68.795, 51127.5, 6459.05
68.796, 51128, 6458.74
68.797, 51128.5, 6458.42
68.798, 51129, 6458.1
68.799, 51129.5, 6457.79
68.8, 51130, 6457.47
68.801, 51130.5, 6457.16
68.802, 51131, 6456.84
68.803, 51131.5, 6456.53
68.804, 51132, 6456.21
68.805, 51132.5, 6455.9
68.806, 51133, 6455.58
68.807, 51133.5, 6455.27
68.808, 51134, 6454.95
68.809, 51134.5, 6454.64
68.81, 51135, 6454.32
68.811, 51135.4, 6454.01
68.812, 51135.9, 6453.69
68.813, 51136.4, 6453.37
68.814, 51136.9, 6453.06
68.815, 51137.4, 6452.74
68.816, 51137.9, 6452.43
68.817, 51138.4, 6452.11
68.818, 51138.9, 6451.8
68.819, 51139.4, 6451.48
68.82, 51139.9, 6451.17
68.821, 51140.4, 6450.85
68.822, 51140.9, 6450.54
68.823, 51141.4, 6450.22
68.824, 51141.9, 6449.9
68.825, 51142.4, 6449.59
68.826, 51142.9, 6449.27
68.827, 51143.3, 6448.96
68.828, 51143.8, 6448.64
68.829, 51144.3, 6448.33
68.83, 51144.8, 6448.01
68.831, 51145.3, 6447.69
68.832, 51145.8, 6447.38
68.833, 51146.3, 6447.06
68.834, 51146.8, 6446.75
68.835, 51147.3, 6446.43
68.836, 51147.8, 6446.12
68.837, 51148.3, 6445.8
68.838, 51148.8, 6445.48
68.839, 51149.3, 6445.17
68.84, 51149.8, 6444.85
68.841, 51150.3, 6444.54
68.842, 51150.8, 6444.22
68.843, 51151.2, 6443.91
68.844, 51151.7, 6443.59
68.845, 51152.2, 6443.27
68.846, 51152.7, 6442.96
68.847, 51153.2, 6442.64
68.848, 51153.7, 6442.33
68.849, 51154.2, 6442.01
68.85, 51154.7, 6441.69
68.851, 51155.2, 6441.38
68.852, 51155.7, 6441.06
68.853, 51156.2, 6440.75
68.854, 51156.7, 6440.43
68.855, 51157.2, 6440.11
68.856, 51157.7, 6439.8
68.857, 51158.2, 6439.48
68.858, 51158.7, 6439.17
68.859, 51159.1, 6438.85
68.86, 51159.6, 6438.53
68.861, 51160.1, 6438.22
68.862, 51160.6, 6437.9
68.863, 51161.1, 6437.59
68.864, 51161.6, 6437.27
68.865, 51162.1, 6436.95
68.866, 51162.6, 6436.64
68.867, 51163.1, 6436.32
68.868, 51163.6, 6436
68.869, 51164.1, 6435.69
68.87, 51164.6, 6435.37
68.871, 51165.1, 6435.06
68.872, 51165.6, 6434.74
68.873, 51166.1, 6434.42
68.874, 51166.5, 6434.11
68.875, 51167, 6433.79
68.876, 51167.5, 6433.47
68.877, 51168, 6433.16
68.878, 51168.5, 6432.84
68.879, 51169, 6432.53
68.88, 51169.5, 6432.21
68.881, 51170, 6431.89
68.882, 51170.5, 6431.58
68.883, 51171, 6431.26
68.884, 51171.5, 6430.94
68.885, 51172, 6430.63
68.886, 51172.5, 6430.31
68.887, 51173, 6429.99
68.888, 51173.5, 6429.68
68.889, 51174, 6429.36
68.89, 51174.4, 6429.04
68.891, 51174.9, 6428.73
68.892, 51175.4, 6428.41
68.893, 51175.9, 6428.09
68.894, 51176.4, 6427.78
68.895, 51176.9, 6427.46
68.896, 51177.4, 6427.14
68.897, 51177.9, 6426.83
68.898, 51178.4, 6426.51
68.899, 51178.9, 6426.2
68.9, 51179.4, 6425.88
68.901, 51179.9, 6425.56
68.902, 51180.4, 6425.25
68.903, 51180.9, 6424.93
68.904, 51181.4, 6424.61
68.905, 51181.8, 6424.3
68.906, 51182.3, 6423.98
68.907, 51182.8, 6423.66
68.908, 51183.3, 6423.34
68.909, 51183.8, 6423.03
68.91, 51184.3, 6422.71
68.911, 51184.8, 6422.39
68.912, 51185.3, 6422.08
68.913, 51185.8, 6421.76
68.914, 51186.3, 6421.44
68.915, 51186.8, 6421.13
68.916, 51187.3, 6420.81
68.917, 51187.8, 6420.49
68.918, 51188.3, 6420.18
68.919, 51188.8, 6419.86
68.92, 51189.2, 6419.54
68.921, 51189.7, 6419.23
68.922, 51190.2, 6418.91
68.923, 51190.7, 6418.59
68.924, 51191.2, 6418.27
68.925, 51191.7, 6417.96
68.926, 51192.2, 6417.64
68.927, 51192.7, 6417.32
68.928, 51193.2, 6417.01
68.929, 51193.7, 6416.69
68.93, 51194.2, 6416.37
68.931, 51194.7, 6416.06
68.932, 51195.2, 6415.74
68.933, 51195.7, 6415.42
68.934, 51196.1, 6415.1
68.935, 51196.6, 6414.79
68.936, 51197.1, 6414.47
68.937, 51197.6, 6414.15
68.938, 51198.1, 6413.84
68.939, 51198.6, 6413.52
68.94, 51199.1, 6413.2
68.941, 51199.6, 6412.88
68.942, 51200.1, 6412.57
68.943, 51200.6, 6412.25
68.944, 51201.1, 6411.93
68.945, 51201.6, 6411.62
68.946, 51202.1, 6411.3
68.947, 51202.6, 6410.98
68.948, 51203.1, 6410.66
68.949, 51203.5, 6410.35
68.95, 51204, 6410.03
68.951, 51204.5, 6409.71
68.952, 51205, 6409.39
68.953, 51205.5, 6409.08
68.954, 51206, 6408.76
68.955, 51206.5, 6408.44
68.956, 51207, 6408.12
68.957, 51207.5, 6407.81
68.958, 51208, 6407.49
68.959, 51208.5, 6407.17
68.96, 51209, 6406.85
68.961, 51209.5, 6406.54
68.962, 51210, 6406.22
68.963, 51210.4, 6405.9
68.964, 51210.9, 6405.58
68.965, 51211.4, 6405.27
68.966, 51211.9, 6404.95
68.967, 51212.4, 6404.63
68.968, 51212.9, 6404.31
68.969, 51213.4, 6404
68.97, 51213.9, 6403.68
68.971, 51214.4, 6403.36
68.972, 51214.9, 6403.04
68.973, 51215.4, 6402.73
68.974, 51215.9, 6402.41
68.975, 51216.4, 6402.09
68.976, 51216.9, 6401.77
68.977, 51217.3, 6401.46
68.978, 51217.8, 6401.14
68.979, 51218.3, 6400.82
68.98, 51218.8, 6400.5
68.981, 51219.3, 6400.18
68.982, 51219.8, 6399.87
68.983, 51220.3, 6399.55
68.984, 51220.8, 6399.23
68.985, 51221.3, 6398.91
68.986, 51221.8, 6398.6
68.987, 51222.3, 6398.28
68.988, 51222.8, 6397.96
68.989, 51223.3, 6397.64
68.99, 51223.8, 6397.32
68.991, 51224.2, 6397.01
68.992, 51224.7, 6396.69
68.993, 51225.2, 6396.37
68.994, 51225.7, 6396.05
68.995, 51226.2, 6395.73
68.996, 51226.7, 6395.42
68.997, 51227.2, 6395.1
68.998, 51227.7, 6394.78
68.999, 51228.2, 6394.46
69, 51228.7, 6394.14
69.001, 51229.2, 6393.83
69.002, 51229.7, 6393.51
69.003, 51230.2, 6393.19
69.004, 51230.7, 6392.87
69.005, 51231.1, 6392.55
69.006, 51231.6, 6392.24
69.007, 51232.1, 6391.92
69.008, 51232.6, 6391.6
69.009, 51233.1, 6391.28
69.01, 51233.6, 6390.96
69.011, 51234.1, 6390.64
69.012, 51234.6, 6390.33
69.013, 51235.1, 6390.01
69.014, 51235.6, 6389.69
69.015, 51236.1, 6389.37
69.016, 51236.6, 6389.05
69.017, 51237.1, 6388.74
69.018, 51237.5, 6388.42
69.019, 51238, 6388.1
69.02, 51238.5, 6387.78
69.021, 51239, 6387.46
69.022, 51239.5, 6387.14
69.023, 51240, 6386.83
69.024, 51240.5, 6386.51
69.025, 51241, 6386.19
69.026, 51241.5, 6385.87
69.027, 51242, 6385.55
69.028, 51242.5, 6385.23
69.029, 51243, 6384.92
69.03, 51243.5, 6384.6
69.031, 51244, 6384.28
69.032, 51244.4, 6383.96
69.033, 51244.9, 6383.64
69.034, 51245.4, 6383.32
69.035, 51245.9, 6383
69.036, 51246.4, 6382.69
69.037, 51246.9, 6382.37
69.038, 51247.4, 6382.05
69.039, 51247.9, 6381.73
69.04, 51248.4, 6381.41
69.041, 51248.9, 6381.09
69.042, 51249.4, 6380.77
69.043, 51249.9, 6380.46
69.044, 51250.4, 6380.14
69.045, 51250.8, 6379.82
69.046, 51251.3, 6379.5
69.047, 51251.8, 6379.18
69.048, 51252.3, 6378.86
69.049, 51252.8, 6378.54
69.05, 51253.3, 6378.22
69.051, 51253.8, 6377.91
69.052, 51254.3, 6377.59
69.053, 51254.8, 6377.27
69.054, 51255.3, 6376.95
69.055, 51255.8, 6376.63
69.056, 51256.3, 6376.31
69.057, 51256.8, 6375.99
69.058, 51257.2, 6375.67
69.059, 51257.7, 6375.36
69.06, 51258.2, 6375.04
69.061, 51258.7, 6374.72
69.062, 51259.2, 6374.4
69.063, 51259.7, 6374.08
69.064, 51260.2, 6373.76
69.065, 51260.7, 6373.44
69.066, 51261.2, 6373.12
69.067, 51261.7, 6372.8
69.068, 51262.2, 6372.49
69.069, 51262.7, 6372.17
69.07, 51263.2, 6371.85
69.071, 51263.6, 6371.53
69.072, 51264.1, 6371.21
69.073, 51264.6, 6370.89
69.074, 51265.1, 6370.57
69.075, 51265.6, 6370.25
69.076, 51266.1, 6369.93
69.077, 51266.6, 6369.61
69.078, 51267.1, 6369.29
69.079, 51267.6, 6368.98
69.08, 51268.1, 6368.66
69.081, 51268.6, 6368.34
69.082, 51269.1, 6368.02
69.083, 51269.6, 6367.7
69.084, 51270, 6367.38
69.085, 51270.5, 6367.06
69.086, 51271, 6366.74
69.087, 51271.5, 6366.42
69.088, 51272, 6366.1
69.089, 51272.5, 6365.78
69.09, 51273, 6365.46
69.091, 51273.5, 6365.15
69.092, 51274, 6364.83
69.093, 51274.5, 6364.51
69.094, 51275, 6364.19
69.095, 51275.5, 6363.87
69.096, 51276, 6363.55
69.097, 51276.4, 6363.23
69.098, 51276.9, 6362.91
69.099, 51277.4, 6362.59
69.1, 51277.9, 6362.27
69.101, 51278.4, 6361.95
69.102, 51278.9, 6361.63
69.103, 51279.4, 6361.31
69.104, 51279.9, 6360.99
69.105, 51280.4, 6360.67
69.106, 51280.9, 6360.35
69.107, 51281.4, 6360.03
69.108, 51281.9, 6359.72
69.109, 51282.4, 6359.4
69.11, 51282.8, 6359.08
69.111, 51283.3, 6358.76
69.112, 51283.8, 6358.44
69.113, 51284.3, 6358.12
69.114, 51284.8, 6357.8
69.115, 51285.3, 6357.48
69.116, 51285.8, 6357.16
69.117, 51286.3, 6356.84
69.118, 51286.8, 6356.52
69.119, 51287.3, 6356.2
69.12, 51287.8, 6355.88
69.121, 51288.3, 6355.56
69.122, 51288.7, 6355.24
69.123, 51289.2, 6354.92
69.124, 51289.7, 6354.6
69.125, 51290.2, 6354.28
69.126, 51290.7, 6353.96
69.127, 51291.2, 6353.64
69.128, 51291.7, 6353.32
69.129, 51292.2, 6353
69.13, 51292.7, 6352.68
69.131, 51293.2, 6352.36
69.132, 51293.7, 6352.04
69.133, 51294.2, 6351.72
69.134, 51294.6, 6351.4
69.135, 51295.1, 6351.08
69.136, 51295.6, 6350.76
69.137, 51296.1, 6350.44
69.138, 51296.6, 6350.12
69.139, 51297.1, 6349.8
69.14, 51297.6, 6349.48
69.141, 51298.1, 6349.16
69.142, 51298.6, 6348.84
69.143, 51299.1, 6348.52
69.144, 51299.6, 6348.2
69.145, 51300.1, 6347.88
69.146, 51300.6, 6347.56
69.147, 51301, 6347.24
69.148, 51301.5, 6346.92
69.149, 51302, 6346.6
69.15, 51302.5, 6346.28
69.151, 51303, 6345.96
69.152, 51303.5, 6345.64
69.153, 51304, 6345.32
69.154, 51304.5, 6345
69.155, 51305, 6344.68
69.156, 51305.5, 6344.36
69.157, 51306, 6344.04
69.158, 51306.5, 6343.72
69.159, 51306.9, 6343.4
69.16, 51307.4, 6343.08
69.161, 51307.9, 6342.76
69.162, 51308.4, 6342.44
69.163, 51308.9, 6342.12
69.164, 51309.4, 6341.8
69.165, 51309.9, 6341.48
69.166, 51310.4, 6341.16
69.167, 51310.9, 6340.84
69.168, 51311.4, 6340.52
69.169, 51311.9, 6340.2
69.17, 51312.4, 6339.88
69.171, 51312.8, 6339.56
69.172, 51313.3, 6339.24
69.173, 51313.8, 6338.92
69.174, 51314.3, 6338.6
69.175, 51314.8, 6338.27
69.176, 51315.3, 6337.95
69.177, 51315.8, 6337.63
69.178, 51316.3, 6337.31
69.179, 51316.8, 6336.99
69.18, 51317.3, 6336.67
69.181, 51317.8, 6336.35
69.182, 51318.3, 6336.03
69.183, 51318.7, 6335.71
69.184, 51319.2, 6335.39
69.185, 51319.7, 6335.07
69.186, 51320.2, 6334.75
69.187, 51320.7, 6334.43
69.188, 51321.2, 6334.11
69.189, 51321.7, 6333.79
69.19, 51322.2, 6333.47
69.191, 51322.7, 6333.15
69.192, 51323.2, 6332.82
69.193, 51323.7, 6332.5
69.194, 51324.1, 6332.18
69.195, 51324.6, 6331.86
69.196, 51325.1, 6331.54
69.197, 51325.6, 6331.22
69.198, 51326.1, 6330.9
69.199, 51326.6, 6330.58
69.2, 51327.1, 6330.26
69.201, 51327.6, 6329.94
69.202, 51328.1, 6329.62
69.203, 51328.6, 6329.3
69.204, 51329.1, 6328.98
69.205, 51329.6, 6328.65
69.206, 51330, 6328.33
69.207, 51330.5, 6328.01
69.208, 51331, 6327.69
69.209, 51331.5, 6327.37
69.21, 51332, 6327.05
69.211, 51332.5, 6326.73
69.212, 51333, 6326.41
69.213, 51333.5, 6326.09
69.214, 51334, 6325.77
69.215, 51334.5, 6325.44
69.216, 51335, 6325.12
69.217, 51335.5, 6324.8
69.218, 51335.9, 6324.48
69.219, 51336.4, 6324.16
69.22, 51336.9, 6323.84
69.221, 51337.4, 6323.52
69.222, 51337.9, 6323.2
69.223, 51338.4, 6322.88
69.224, 51338.9, 6322.55
69.225, 51339.4, 6322.23
69.226, 51339.9, 6321.91
69.227, 51340.4, 6321.59
69.228, 51340.9, 6321.27
69.229, 51341.3, 6320.95
69.23, 51341.8, 6320.63
69.231, 51342.3, 6320.31
69.232, 51342.8, 6319.99
69.233, 51343.3, 6319.66
69.234, 51343.8, 6319.34
69.235, 51344.3, 6319.02
69.236, 51344.8, 6318.7
69.237, 51345.3, 6318.38
69.238, 51345.8, 6318.06
69.239, 51346.3, 6317.74
69.24, 51346.8, 6317.41
69.241, 51347.2, 6317.09
69.242, 51347.7, 6316.77
69.243, 51348.2, 6316.45
69.244, 51348.7, 6316.13
69.245, 51349.2, 6315.81
69.246, 51349.7, 6315.49
69.247, 51350.2, 6315.16
69.248, 51350.7, 6314.84
69.249, 51351.2, 6314.52
69.25, 51351.7, 6314.2
69.251, 51352.2, 6313.88
69.252, 51352.6, 6313.56
69.253, 51353.1, 6313.24
69.254, 51353.6, 6312.91
69.255, 51354.1, 6312.59
69.256, 51354.6, 6312.27
69.257, 51355.1, 6311.95
69.258, 51355.6, 6311.63
69.259, 51356.1, 6311.31
69.26, 51356.6, 6310.98
69.261, 51357.1, 6310.66
69.262, 51357.6, 6310.34
69.263, 51358, 6310.02
69.264, 51358.5, 6309.7
69.265, 51359, 6309.38
69.266, 51359.5, 6309.05
69.267, 51360, 6308.73
69.268, 51360.5, 6308.41
69.269, 51361, 6308.09
69.27, 51361.5, 6307.77
69.271, 51362, 6307.45
69.272, 51362.5, 6307.12
69.273, 51363, 6306.8
69.274, 51363.4, 6306.48
69.275, 51363.9, 6306.16
69.276, 51364.4, 6305.84
69.277, 51364.9, 6305.51
69.278, 51365.4, 6305.19
69.279, 51365.9, 6304.87
69.28, 51366.4, 6304.55
69.281, 51366.9, 6304.23
69.282, 51367.4, 6303.9
69.283, 51367.9, 6303.58
69.284, 51368.4, 6303.26
69.285, 51368.8, 6302.94
69.286, 51369.3, 6302.62
69.287, 51369.8, 6302.29
69.288, 51370.3, 6301.97
69.289, 51370.8, 6301.65
69.29, 51371.3, 6301.33
69.291, 51371.8, 6301.01
69.292, 51372.3, 6300.68
69.293, 51372.8, 6300.36
69.294, 51373.3, 6300.04
69.295, 51373.8, 6299.72
69.296, 51374.2, 6299.4
69.297, 51374.7, 6299.07
69.298, 51375.2, 6298.75
69.299, 51375.7, 6298.43
69.3, 51376.2, 6298.11
69.301, 51376.7, 6297.78
69.302, 51377.2, 6297.46
69.303, 51377.7, 6297.14
69.304, 51378.2, 6296.82
69.305, 51378.7, 6296.5
69.306, 51379.2, 6296.17
69.307, 51379.6, 6295.85
69.308, 51380.1, 6295.53
69.309, 51380.6, 6295.21
69.31, 51381.1, 6294.88
69.311, 51381.6, 6294.56
69.312, 51382.1, 6294.24
69.313, 51382.6, 6293.92
69.314, 51383.1, 6293.59
69.315, 51383.6, 6293.27
69.316, 51384.1, 6292.95
69.317, 51384.6, 6292.63
69.318, 51385, 6292.3
69.319, 51385.5, 6291.98
69.32, 51386, 6291.66
69.321, 51386.5, 6291.34
69.322, 51387, 6291.01
69.323, 51387.5, 6290.69
69.324, 51388, 6290.37
69.325, 51388.5, 6290.05
69.326, 51389, 6289.72
69.327, 51389.5, 6289.4
69.328, 51390, 6289.08
69.329, 51390.4, 6288.76
69.33, 51390.9, 6288.43
69.331, 51391.4, 6288.11
69.332, 51391.9, 6287.79
69.333, 51392.4, 6287.47
69.334, 51392.9, 6287.14
69.335, 51393.4, 6286.82
69.336, 51393.9, 6286.5
69.337, 51394.4, 6286.18
69.338, 51394.9, 6285.85
69.339, 51395.3, 6285.53
69.34, 51395.8, 6285.21
69.341, 51396.3, 6284.88
69.342, 51396.8, 6284.56
69.343, 51397.3, 6284.24
69.344, 51397.8, 6283.92
69.345, 51398.3, 6283.59
69.346, 51398.8, 6283.27
69.347, 51399.3, 6282.95
69.348, 51399.8, 6282.62
69.349, 51400.3, 6282.3
69.35, 51400.7, 6281.98
69.351, 51401.2, 6281.66
69.352, 51401.7, 6281.33
69.353, 51402.2, 6281.01
69.354, 51402.7, 6280.69
69.355, 51403.2, 6280.36
69.356, 51403.7, 6280.04
69.357, 51404.2, 6279.72
69.358, 51404.7, 6279.39
69.359, 51405.2, 6279.07
69.36, 51405.6, 6278.75
69.361, 51406.1, 6278.43
69.362, 51406.6, 6278.1
69.363, 51407.1, 6277.78
69.364, 51407.6, 6277.46
69.365, 51408.1, 6277.13
69.366, 51408.6, 6276.81
69.367, 51409.1, 6276.49
69.368, 51409.6, 6276.16
69.369, 51410.1, 6275.84
69.37, 51410.6, 6275.52
69.371, 51411, 6275.19
69.372, 51411.5, 6274.87
69.373, 51412, 6274.55
69.374, 51412.5, 6274.22
69.375, 51413, 6273.9
69.376, 51413.5, 6273.58
69.377, 51414, 6273.25
69.378, 51414.5, 6272.93
69.379, 51415, 6272.61
69.38, 51415.5, 6272.28
69.381, 51415.9, 6271.96
69.382, 51416.4, 6271.64
69.383, 51416.9, 6271.31
69.384, 51417.4, 6270.99
69.385, 51417.9, 6270.67
69.386, 51418.4, 6270.34
69.387, 51418.9, 6270.02
69.388, 51419.4, 6269.7
69.389, 51419.9, 6269.37
69.39, 51420.4, 6269.05
69.391, 51420.9, 6268.73
69.392, 51421.3, 6268.4
69.393, 51421.8, 6268.08
69.394, 51422.3, 6267.76
69.395, 51422.8, 6267.43
69.396, 51423.3, 6267.11
69.397, 51423.8, 6266.79
69.398, 51424.3, 6266.46
69.399, 51424.8, 6266.14
69.4, 51425.3, 6265.82
69.401, 51425.8, 6265.49
69.402, 51426.2, 6265.17
69.403, 51426.7, 6264.84
69.404, 51427.2, 6264.52
69.405, 51427.7, 6264.2
69.406, 51428.2, 6263.87
69.407, 51428.7, 6263.55
69.408, 51429.2, 6263.23
69.409, 51429.7, 6262.9
69.41, 51430.2, 6262.58
69.411, 51430.7, 6262.25
69.412, 51431.1, 6261.93
69.413, 51431.6, 6261.61
69.414, 51432.1, 6261.28
69.415, 51432.6, 6260.96
69.416, 51433.1, 6260.64
69.417, 51433.6, 6260.31
69.418, 51434.1, 6259.99
69.419, 51434.6, 6259.66
69.42, 51435.1, 6259.34
69.421, 51435.6, 6259.02
69.422, 51436, 6258.69
69.423, 51436.5, 6258.37
69.424, 51437, 6258.04
69.425, 51437.5, 6257.72
69.426, 51438, 6257.4
69.427, 51438.5, 6257.07
69.428, 51439, 6256.75
69.429, 51439.5, 6256.42
69.43, 51440, 6256.1
69.431, 51440.5, 6255.78
69.432, 51440.9, 6255.45
69.433, 51441.4, 6255.13
69.434, 51441.9, 6254.8
69.435, 51442.4, 6254.48
69.436, 51442.9, 6254.16
69.437, 51443.4, 6253.83
69.438, 51443.9, 6253.51
69.439, 51444.4, 6253.18
69.44, 51444.9, 6252.86
69.441, 51445.4, 6252.54
69.442, 51445.8, 6252.21
69.443, 51446.3, 6251.89
69.444, 51446.8, 6251.56
69.445, 51447.3, 6251.24
69.446, 51447.8, 6250.91
69.447, 51448.3, 6250.59
69.448, 51448.8, 6250.27
69.449, 51449.3, 6249.94
69.45, 51449.8, 6249.62
69.451, 51450.3, 6249.29
69.452, 51450.7, 6248.97
69.453, 51451.2, 6248.64
69.454, 51451.7, 6248.32
69.455, 51452.2, 6248
69.456, 51452.7, 6247.67
69.457, 51453.2, 6247.35
69.458, 51453.7, 6247.02
69.459, 51454.2, 6246.7
69.46, 51454.7, 6246.37
69.461, 51455.2, 6246.05
69.462, 51455.6, 6245.72
69.463, 51456.1, 6245.4
69.464, 51456.6, 6245.08
69.465, 51457.1, 6244.75
69.466, 51457.6, 6244.43
69.467, 51458.1, 6244.1
69.468, 51458.6, 6243.78
69.469, 51459.1, 6243.45
69.47, 51459.6, 6243.13
69.471, 51460, 6242.8
69.472, 51460.5, 6242.48
69.473, 51461, 6242.15
69.474, 51461.5, 6241.83
69.475, 51462, 6241.5
69.476, 51462.5, 6241.18
69.477, 51463, 6240.86
69.478, 51463.5, 6240.53
69.479, 51464, 6240.21
69.48, 51464.5, 6239.88
69.481, 51464.9, 6239.56
69.482, 51465.4, 6239.23
69.483, 51465.9, 6238.91
69.484, 51466.4, 6238.58
69.485, 51466.9, 6238.26
69.486, 51467.4, 6237.93
69.487, 51467.9, 6237.61
69.488, 51468.4, 6237.28
69.489, 51468.9, 6236.96
69.49, 51469.4, 6236.63
69.491, 51469.8, 6236.31
69.492, 51470.3, 6235.98
69.493, 51470.8, 6235.66
69.494, 51471.3, 6235.33
69.495, 51471.8, 6235.01
69.496, 51472.3, 6234.68
69.497, 51472.8, 6234.36
69.498, 51473.3, 6234.03
69.499, 51473.8, 6233.71
69.5, 51474.2, 6233.38
69.501, 51474.7, 6233.06
69.502, 51475.2, 6232.73
69.503, 51475.7, 6232.41
69.504, 51476.2, 6232.08
69.505, 51476.7, 6231.76
69.506, 51477.2, 6231.43
69.507, 51477.7, 6231.11
69.508, 51478.2, 6230.78
69.509, 51478.7, 6230.46
69.51, 51479.1, 6230.13
69.511, 51479.6, 6229.81
69.512, 51480.1, 6229.48
69.513, 51480.6, 6229.16
69.514, 51481.1, 6228.83
69.515, 51481.6, 6228.51
69.516, 51482.1, 6228.18
69.517, 51482.6, 6227.86
69.518, 51483.1, 6227.53
69.519, 51483.5, 6227.21
69.52, 51484, 6226.88
69.521, 51484.5, 6226.56
69.522, 51485, 6226.23
69.523, 51485.5, 6225.9
69.524, 51486, 6225.58
69.525, 51486.5, 6225.25
69.526, 51487, 6224.93
69.527, 51487.5, 6224.6
69.528, 51488, 6224.28
69.529, 51488.4, 6223.95
69.53, 51488.9, 6223.63
69.531, 51489.4, 6223.3
69.532, 51489.9, 6222.98
69.533, 51490.4, 6222.65
69.534, 51490.9, 6222.32
69.535, 51491.4, 6222
69.536, 51491.9, 6221.67
69.537, 51492.4, 6221.35
69.538, 51492.8, 6221.02
69.539, 51493.3, 6220.7
69.54, 51493.8, 6220.37
69.541, 51494.3, 6220.05
69.542, 51494.8, 6219.72
69.543, 51495.3, 6219.39
69.544, 51495.8, 6219.07
69.545, 51496.3, 6218.74
69.546, 51496.8, 6218.42
69.547, 51497.2, 6218.09
69.548, 51497.7, 6217.77
69.549, 51498.2, 6217.44
69.55, 51498.7, 6217.12
69.551, 51499.2, 6216.79
69.552, 51499.7, 6216.46
69.553, 51500.2, 6216.14
69.554, 51500.7, 6215.81
69.555, 51501.2, 6215.49
69.556, 51501.7, 6215.16
69.557, 51502.1, 6214.83
69.558, 51502.6, 6214.51
69.559, 51503.1, 6214.18
69.56, 51503.6, 6213.86
69.561, 51504.1, 6213.53
69.562, 51504.6, 6213.21
69.563, 51505.1, 6212.88
69.564, 51505.6, 6212.55
69.565, 51506.1, 6212.23
69.566, 51506.5, 6211.9
69.567, 51507, 6211.58
69.568, 51507.5, 6211.25
69.569, 51508, 6210.92
69.57, 51508.5, 6210.6
69.571, 51509, 6210.27
69.572, 51509.5, 6209.95
69.573, 51510, 6209.62
69.574, 51510.5, 6209.29
69.575, 51510.9, 6208.97
69.576, 51511.4, 6208.64
69.577, 51511.9, 6208.32
69.578, 51512.4, 6207.99
69.579, 51512.9, 6207.66
69.58, 51513.4, 6207.34
69.581, 51513.9, 6207.01
69.582, 51514.4, 6206.68
69.583, 51514.9, 6206.36
69.584, 51515.3, 6206.03
69.585, 51515.8, 6205.71
69.586, 51516.3, 6205.38
69.587, 51516.8, 6205.05
69.588, 51517.3, 6204.73
69.589, 51517.8, 6204.4
69.59, 51518.3, 6204.08
69.591, 51518.8, 6203.75
69.592, 51519.3, 6203.42
69.593, 51519.7, 6203.1
69.594, 51520.2, 6202.77
69.595, 51520.7, 6202.44
69.596, 51521.2, 6202.12
69.597, 51521.7, 6201.79
69.598, 51522.2, 6201.46
69.599, 51522.7, 6201.14
69.6, 51523.2, 6200.81
69.601, 51523.7, 6200.49
69.602, 51524.1, 6200.16
69.603, 51524.6, 6199.83
69.604, 51525.1, 6199.51
69.605, 51525.6, 6199.18
69.606, 51526.1, 6198.85
69.607, 51526.6, 6198.53
69.608, 51527.1, 6198.2
69.609, 51527.6, 6197.87
69.61, 51528.1, 6197.55
69.611, 51528.5, 6197.22
69.612, 51529, 6196.89
69.613, 51529.5, 6196.57
69.614, 51530, 6196.24
69.615, 51530.5, 6195.91
69.616, 51531, 6195.59
69.617, 51531.5, 6195.26
69.618, 51532, 6194.93
69.619, 51532.5, 6194.61
69.62, 51532.9, 6194.28
69.621, 51533.4, 6193.95
69.622, 51533.9, 6193.63
69.623, 51534.4, 6193.3
69.624, 51534.9, 6192.97
69.625, 51535.4, 6192.65
69.626, 51535.9, 6192.32
69.627, 51536.4, 6191.99
69.628, 51536.9, 6191.67
69.629, 51537.3, 6191.34
69.63, 51537.8, 6191.01
69.631, 51538.3, 6190.69
69.632, 51538.8, 6190.36
69.633, 51539.3, 6190.03
69.634, 51539.8, 6189.7
69.635, 51540.3, 6189.38
69.636, 51540.8, 6189.05
69.637, 51541.3, 6188.72
69.638, 51541.7, 6188.4
69.639, 51542.2, 6188.07
69.64, 51542.7, 6187.74
69.641, 51543.2, 6187.42
69.642, 51543.7, 6187.09
69.643, 51544.2, 6186.76
69.644, 51544.7, 6186.44
69.645, 51545.2, 6186.11
69.646, 51545.7, 6185.78
69.647, 51546.1, 6185.45
69.648, 51546.6, 6185.13
69.649, 51547.1, 6184.8
69.65, 51547.6, 6184.47
69.651, 51548.1, 6184.15
69.652, 51548.6, 6183.82
69.653, 51549.1, 6183.49
69.654, 51549.6, 6183.16
69.655, 51550.1, 6182.84
69.656, 51550.5, 6182.51
69.657, 51551, 6182.18
69.658, 51551.5, 6181.86
69.659, 51552, 6181.53
69.66, 51552.5, 6181.2
69.661, 51553, 6180.87
69.662, 51553.5, 6180.55
69.663, 51554, 6180.22
69.664, 51554.4, 6179.89
69.665, 51554.9, 6179.56
69.666, 51555.4, 6179.24
69.667, 51555.9, 6178.91
69.668, 51556.4, 6178.58
69.669, 51556.9, 6178.25
69.67, 51557.4, 6177.93
69.671, 51557.9, 6177.6
69.672, 51558.4, 6177.27
69.673, 51558.8, 6176.94
69.674, 51559.3, 6176.62
69.675, 51559.8, 6176.29
69.676, 51560.3, 6175.96
69.677, 51560.8, 6175.63
69.678, 51561.3, 6175.31
69.679, 51561.8, 6174.98
69.68, 51562.3, 6174.65
69.681, 51562.8, 6174.32
69.682, 51563.2, 6174
69.683, 51563.7, 6173.67
69.684, 51564.2, 6173.34
69.685, 51564.7, 6173.01
69.686, 51565.2, 6172.69
69.687, 51565.7, 6172.36
69.688, 51566.2, 6172.03
69.689, 51566.7, 6171.7
69.69, 51567.1, 6171.38
69.691, 51567.6, 6171.05
69.692, 51568.1, 6170.72
69.693, 51568.6, 6170.39
69.694, 51569.1, 6170.07
69.695, 51569.6, 6169.74
69.696, 51570.1, 6169.41
69.697, 51570.6, 6169.08
69.698, 51571.1, 6168.75
69.699, 51571.5, 6168.43
69.7, 51572, 6168.1
69.701, 51572.5, 6167.77
69.702, 51573, 6167.44
69.703, 51573.5, 6167.11
69.704, 51574, 6166.79
69.705, 51574.5, 6166.46
69.706, 51575, 6166.13
69.707, 51575.4, 6165.8
69.708, 51575.9, 6165.48
69.709, 51576.4, 6165.15
69.71, 51576.9, 6164.82
69.711, 51577.4, 6164.49
69.712, 51577.9, 6164.16
69.713, 51578.4, 6163.84
69.714, 51578.9, 6163.51
69.715, 51579.4, 6163.18
69.716, 51579.8, 6162.85
69.717, 51580.3, 6162.52
69.718, 51580.8, 6162.2
69.719, 51581.3, 6161.87
69.72, 51581.8, 6161.54
69.721, 51582.3, 6161.21
69.722, 51582.8, 6160.88
69.723, 51583.3, 6160.55
69.724, 51583.7, 6160.23
69.725, 51584.2, 6159.9
69.726, 51584.7, 6159.57
69.727, 51585.2, 6159.24
69.728, 51585.7, 6158.91
69.729, 51586.2, 6158.59
69.73, 51586.7, 6158.26
69.731, 51587.2, 6157.93
69.732, 51587.6, 6157.6
69.733, 51588.1, 6157.27
69.734, 51588.6, 6156.94
69.735, 51589.1, 6156.62
69.736, 51589.6, 6156.29
69.737, 51590.1, 6155.96
69.738, 51590.6, 6155.63
69.739, 51591.1, 6155.3
69.74, 51591.6, 6154.97
69.741, 51592, 6154.65
69.742, 51592.5, 6154.32
69.743, 51593, 6153.99
69.744, 51593.5, 6153.66
69.745, 51594, 6153.33
69.746, 51594.5, 6153
69.747, 51595, 6152.67
69.748, 51595.5, 6152.35
69.749, 51595.9, 6152.02
69.75, 51596.4, 6151.69
69.751, 51596.9, 6151.36
69.752, 51597.4, 6151.03
69.753, 51597.9, 6150.7
69.754, 51598.4, 6150.37
69.755, 51598.9, 6150.05
69.756, 51599.4, 6149.72
69.757, 51599.8, 6149.39
69.758, 51600.3, 6149.06
69.759, 51600.8, 6148.73
69.76, 51601.3, 6148.4
69.761, 51601.8, 6148.07
69.762, 51602.3, 6147.75
69.763, 51602.8, 6147.42
69.764, 51603.3, 6147.09
69.765, 51603.8, 6146.76
69.766, 51604.2, 6146.43
69.767, 51604.7, 6146.1
69.768, 51605.2, 6145.77
69.769, 51605.7, 6145.44
69.77, 51606.2, 6145.12
69.771, 51606.7, 6144.79
69.772, 51607.2, 6144.46
69.773, 51607.7, 6144.13
69.774, 51608.1, 6143.8
69.775, 51608.6, 6143.47
69.776, 51609.1, 6143.14
69.777, 51609.6, 6142.81
69.778, 51610.1, 6142.48
69.779, 51610.6, 6142.16
69.78, 51611.1, 6141.83
69.781, 51611.6, 6141.5
69.782, 51612, 6141.17
69.783, 51612.5, 6140.84
69.784, 51613, 6140.51
69.785, 51613.5, 6140.18
69.786, 51614, 6139.85
69.787, 51614.5, 6139.52
69.788, 51615, 6139.19
69.789, 51615.5, 6138.87
69.79, 51615.9, 6138.54
69.791, 51616.4, 6138.21
69.792, 51616.9, 6137.88
69.793, 51617.4, 6137.55
69.794, 51617.9, 6137.22
69.795, 51618.4, 6136.89
69.796, 51618.9, 6136.56
69.797, 51619.4, 6136.23
69.798, 51619.8, 6135.9
69.799, 51620.3, 6135.57
69.8, 51620.8, 6135.24
69.801, 51621.3, 6134.91
69.802, 51621.8, 6134.59
69.803, 51622.3, 6134.26
69.804, 51622.8, 6133.93
69.805, 51623.3, 6133.6
69.806, 51623.7, 6133.27
69.807, 51624.2, 6132.94
69.808, 51624.7, 6132.61
69.809, 51625.2, 6132.28
69.81, 51625.7, 6131.95
69.811, 51626.2, 6131.62
69.812, 51626.7, 6131.29
69.813, 51627.2, 6130.96
69.814, 51627.6, 6130.63
69.815, 51628.1, 6130.3
69.816, 51628.6, 6129.97
69.817, 51629.1, 6129.64
69.818, 51629.6, 6129.32
69.819, 51630.1, 6128.99
69.82, 51630.6, 6128.66
69.821, 51631.1, 6128.33
69.822, 51631.5, 6128
69.823, 51632, 6127.67
69.824, 51632.5, 6127.34
69.825, 51633, 6127.01
69.826, 51633.5, 6126.68
69.827, 51634, 6126.35
69.828, 51634.5, 6126.02
69.829, 51635, 6125.69
69.83, 51635.4, 6125.36
69.831, 51635.9, 6125.03
69.832, 51636.4, 6124.7
69.833, 51636.9, 6124.37
69.834, 51637.4, 6124.04
69.835, 51637.9, 6123.71
69.836, 51638.4, 6123.38
69.837, 51638.9, 6123.05
69.838, 51639.3, 6122.72
69.839, 51639.8, 6122.39
69.84, 51640.3, 6122.06
69.841, 51640.8, 6121.73
69.842, 51641.3, 6121.4
69.843, 51641.8, 6121.07
69.844, 51642.3, 6120.74
69.845, 51642.8, 6120.41
69.846, 51643.2, 6120.08
69.847, 51643.7, 6119.75
69.848, 51644.2, 6119.42
69.849, 51644.7, 6119.09
69.85, 51645.2, 6118.76
69.851, 51645.7, 6118.43
69.852, 51646.2, 6118.1
69.853, 51646.7, 6117.77
69.854, 51647.1, 6117.44
69.855, 51647.6, 6117.11
69.856, 51648.1, 6116.78
69.857, 51648.6, 6116.45
69.858, 51649.1, 6116.12
69.859, 51649.6, 6115.79
69.86, 51650.1, 6115.46
69.861, 51650.6, 6115.13
69.862, 51651, 6114.8
69.863, 51651.5, 6114.47
69.864, 51652, 6114.14
69.865, 51652.5, 6113.81
69.866, 51653, 6113.48
69.867, 51653.5, 6113.15
69.868, 51654, 6112.82
69.869, 51654.5, 6112.49
69.87, 51654.9, 6112.16
69.871, 51655.4, 6111.83
69.872, 51655.9, 6111.5
69.873, 51656.4, 6111.17
69.874, 51656.9, 6110.84
69.875, 51657.4, 6110.51
69.876, 51657.9, 6110.18
69.877, 51658.4, 6109.85
69.878, 51658.8, 6109.52
69.879, 51659.3, 6109.19
69.88, 51659.8, 6108.86
69.881, 51660.3, 6108.53
69.882, 51660.8, 6108.2
69.883, 51661.3, 6107.87
69.884, 51661.8, 6107.54
69.885, 51662.2, 6107.21
69.886, 51662.7, 6106.88
69.887, 51663.2, 6106.55
69.888, 51663.7, 6106.22
69.889, 51664.2, 6105.88
69.89, 51664.7, 6105.55
69.891, 51665.2, 6105.22
69.892, 51665.7, 6104.89
69.893, 51666.1, 6104.56
69.894, 51666.6, 6104.23
69.895, 51667.1, 6103.9
69.896, 51667.6, 6103.57
69.897, 51668.1, 6103.24
69.898, 51668.6, 6102.91
69.899, 51669.1, 6102.58
69.9, 51669.6, 6102.25
69.901, 51670, 6101.92
69.902, 51670.5, 6101.59
69.903, 51671, 6101.26
69.904, 51671.5, 6100.93
69.905, 51672, 6100.59
69.906, 51672.5, 6100.26
69.907, 51673, 6099.93
69.908, 51673.4, 6099.6
69.909, 51673.9, 6099.27
69.91, 51674.4, 6098.94
69.911, 51674.9, 6098.61
69.912, 51675.4, 6098.28
69.913, 51675.9, 6097.95
69.914, 51676.4, 6097.62
69.915, 51676.9, 6097.29
69.916, 51677.3, 6096.96
69.917, 51677.8, 6096.62
69.918, 51678.3, 6096.29
69.919, 51678.8, 6095.96
69.92, 51679.3, 6095.63
69.921, 51679.8, 6095.3
69.922, 51680.3, 6094.97
69.923, 51680.8, 6094.64
69.924, 51681.2, 6094.31
69.925, 51681.7, 6093.98
69.926, 51682.2, 6093.65
69.927, 51682.7, 6093.32
69.928, 51683.2, 6092.98
69.929, 51683.7, 6092.65
69.93, 51684.2, 6092.32
69.931, 51684.6, 6091.99
69.932, 51685.1, 6091.66
69.933, 51685.6, 6091.33
69.934, 51686.1, 6091
69.935, 51686.6, 6090.67
69.936, 51687.1, 6090.34
69.937, 51687.6, 6090
69.938, 51688.1, 6089.67
69.939, 51688.5, 6089.34
69.94, 51689, 6089.01
69.941, 51689.5, 6088.68
69.942, 51690, 6088.35
69.943, 51690.5, 6088.02
69.944, 51691, 6087.69
69.945, 51691.5, 6087.35
69.946, 51691.9, 6087.02
69.947, 51692.4, 6086.69
69.948, 51692.9, 6086.36
69.949, 51693.4, 6086.03
69.95, 51693.9, 6085.7
69.951, 51694.4, 6085.37
69.952, 51694.9, 6085.03
69.953, 51695.4, 6084.7
69.954, 51695.8, 6084.37
69.955, 51696.3, 6084.04
69.956, 51696.8, 6083.71
69.957, 51697.3, 6083.38
69.958, 51697.8, 6083.05
69.959, 51698.3, 6082.71
69.96, 51698.8, 6082.38
69.961, 51699.2, 6082.05
69.962, 51699.7, 6081.72
69.963, 51700.2, 6081.39
69.964, 51700.7, 6081.06
69.965, 51701.2, 6080.72
69.966, 51701.7, 6080.39
69.967, 51702.2, 6080.06
69.968, 51702.7, 6079.73
69.969, 51703.1, 6079.4
69.97, 51703.6, 6079.07
69.971, 51704.1, 6078.74
69.972, 51704.6, 6078.4
69.973, 51705.1, 6078.07
69.974, 51705.6, 6077.74
69.975, 51706.1, 6077.41
69.976, 51706.5, 6077.08
69.977, 51707, 6076.74
69.978, 51707.5, 6076.41
69.979, 51708, 6076.08
69.98, 51708.5, 6075.75
69.981, 51709, 6075.42
69.982, 51709.5, 6075.09
69.983, 51709.9, 6074.75
69.984, 51710.4, 6074.42
69.985, 51710.9, 6074.09
69.986, 51711.4, 6073.76
69.987, 51711.9, 6073.43
69.988, 51712.4, 6073.09
69.989, 51712.9, 6072.76
69.99, 51713.4, 6072.43
69.991, 51713.8, 6072.1
69.992, 51714.3, 6071.77
69.993, 51714.8, 6071.43
69.994, 51715.3, 6071.1
69.995, 51715.8, 6070.77
69.996, 51716.3, 6070.44
69.997, 51716.8, 6070.11
69.998, 51717.2, 6069.77
69.999, 51717.7, 6069.44
70, 51718.2, 6069.11
70.001, 51718.7, 6068.78
70.002, 51719.2, 6068.45
70.003, 51719.7, 6068.11
70.004, 51720.2, 6067.78
70.005, 51720.6, 6067.45
70.006, 51721.1, 6067.12
70.007, 51721.6, 6066.79
70.008, 51722.1, 6066.45
70.009, 51722.6, 6066.12
70.01, 51723.1, 6065.79
70.011, 51723.6, 6065.46
70.012, 51724.1, 6065.12
70.013, 51724.5, 6064.79
70.014, 51725, 6064.46
70.015, 51725.5, 6064.13
70.016, 51726, 6063.8
70.017, 51726.5, 6063.46
70.018, 51727, 6063.13
70.019, 51727.5, 6062.8
70.02, 51727.9, 6062.47
70.021, 51728.4, 6062.13
70.022, 51728.9, 6061.8
70.023, 51729.4, 6061.47
70.024, 51729.9, 6061.14
70.025, 51730.4, 6060.8
70.026, 51730.9, 6060.47
70.027, 51731.3, 6060.14
70.028, 51731.8, 6059.81
70.029, 51732.3, 6059.47
70.03, 51732.8, 6059.14
70.031, 51733.3, 6058.81
70.032, 51733.8, 6058.48
70.033, 51734.3, 6058.14
70.034, 51734.7, 6057.81
70.035, 51735.2, 6057.48
70.036, 51735.7, 6057.15
70.037, 51736.2, 6056.81
70.038, 51736.7, 6056.48
70.039, 51737.2, 6056.15
70.04, 51737.7, 6055.82
70.041, 51738.2, 6055.48
70.042, 51738.6, 6055.15
70.043, 51739.1, 6054.82
70.044, 51739.6, 6054.48
70.045, 51740.1, 6054.15
70.046, 51740.6, 6053.82
70.047, 51741.1, 6053.49
70.048, 51741.6, 6053.15
70.049, 51742, 6052.82
70.05, 51742.5, 6052.49
70.051, 51743, 6052.16
70.052, 51743.5, 6051.82
70.053, 51744, 6051.49
70.054, 51744.5, 6051.16
70.055, 51745, 6050.82
70.056, 51745.4, 6050.49
70.057, 51745.9, 6050.16
70.058, 51746.4, 6049.83
70.059, 51746.9, 6049.49
70.06, 51747.4, 6049.16
70.061, 51747.9, 6048.83
70.062, 51748.4, 6048.49
70.063, 51748.8, 6048.16
70.064, 51749.3, 6047.83
70.065, 51749.8, 6047.49
70.066, 51750.3, 6047.16
70.067, 51750.8, 6046.83
70.068, 51751.3, 6046.5
70.069, 51751.8, 6046.16
70.07, 51752.2, 6045.83
70.071, 51752.7, 6045.5
70.072, 51753.2, 6045.16
70.073, 51753.7, 6044.83
70.074, 51754.2, 6044.5
70.075, 51754.7, 6044.16
70.076, 51755.2, 6043.83
70.077, 51755.6, 6043.5
70.078, 51756.1, 6043.16
70.079, 51756.6, 6042.83
70.08, 51757.1, 6042.5
70.081, 51757.6, 6042.16
70.082, 51758.1, 6041.83
70.083, 51758.6, 6041.5
70.084, 51759, 6041.16
70.085, 51759.5, 6040.83
70.086, 51760, 6040.5
70.087, 51760.5, 6040.16
70.088, 51761, 6039.83
70.089, 51761.5, 6039.5
70.09, 51762, 6039.16
70.091, 51762.4, 6038.83
70.092, 51762.9, 6038.5
70.093, 51763.4, 6038.16
70.094, 51763.9, 6037.83
70.095, 51764.4, 6037.5
70.096, 51764.9, 6037.16
70.097, 51765.4, 6036.83
70.098, 51765.8, 6036.5
70.099, 51766.3, 6036.16
70.1, 51766.8, 6035.83
70.101, 51767.3, 6035.5
70.102, 51767.8, 6035.16
70.103, 51768.3, 6034.83
70.104, 51768.8, 6034.5
70.105, 51769.2, 6034.16
70.106, 51769.7, 6033.83
70.107, 51770.2, 6033.5
70.108, 51770.7, 6033.16
70.109, 51771.2, 6032.83
70.11, 51771.7, 6032.49
70.111, 51772.2, 6032.16
70.112, 51772.6, 6031.83
70.113, 51773.1, 6031.49
70.114, 51773.6, 6031.16
70.115, 51774.1, 6030.83
70.116, 51774.6, 6030.49
70.117, 51775.1, 6030.16
70.118, 51775.6, 6029.82
70.119, 51776, 6029.49
70.12, 51776.5, 6029.16
70.121, 51777, 6028.82
70.122, 51777.5, 6028.49
70.123, 51778, 6028.16
70.124, 51778.5, 6027.82
70.125, 51779, 6027.49
70.126, 51779.4, 6027.15
70.127, 51779.9, 6026.82
70.128, 51780.4, 6026.49
70.129, 51780.9, 6026.15
70.13, 51781.4, 6025.82
70.131, 51781.9, 6025.48
70.132, 51782.4, 6025.15
70.133, 51782.8, 6024.82
70.134, 51783.3, 6024.48
70.135, 51783.8, 6024.15
70.136, 51784.3, 6023.81
70.137, 51784.8, 6023.48
70.138, 51785.3, 6023.15
70.139, 51785.8, 6022.81
70.14, 51786.2, 6022.48
70.141, 51786.7, 6022.14
70.142, 51787.2, 6021.81
70.143, 51787.7, 6021.48
70.144, 51788.2, 6021.14
70.145, 51788.7, 6020.81
70.146, 51789.2, 6020.47
70.147, 51789.6, 6020.14
70.148, 51790.1, 6019.81
70.149, 51790.6, 6019.47
70.15, 51791.1, 6019.14
70.151, 51791.6, 6018.8
70.152, 51792.1, 6018.47
70.153, 51792.5, 6018.13
70.154, 51793, 6017.8
70.155, 51793.5, 6017.47
70.156, 51794, 6017.13
70.157, 51794.5, 6016.8
70.158, 51795, 6016.46
70.159, 51795.5, 6016.13
70.16, 51795.9, 6015.79
70.161, 51796.4, 6015.46
70.162, 51796.9, 6015.13
70.163, 51797.4, 6014.79
70.164, 51797.9, 6014.46
70.165, 51798.4, 6014.12
70.166, 51798.9, 6013.79
70.167, 51799.3, 6013.45
70.168, 51799.8, 6013.12
70.169, 51800.3, 6012.78
70.17, 51800.8, 6012.45
70.171, 51801.3, 6012.11
70.172, 51801.8, 6011.78
70.173, 51802.3, 6011.45
70.174, 51802.7, 6011.11
70.175, 51803.2, 6010.78
70.176, 51803.7, 6010.44
70.177, 51804.2, 6010.11
70.178, 51804.7, 6009.77
70.179, 51805.2, 6009.44
70.18, 51805.7, 6009.1
70.181, 51806.1, 6008.77
70.182, 51806.6, 6008.43
70.183, 51807.1, 6008.1
70.184, 51807.6, 6007.76
70.185, 51808.1, 6007.43
70.186, 51808.6, 6007.1
70.187, 51809, 6006.76
70.188, 51809.5, 6006.43
70.189, 51810, 6006.09
70.19, 51810.5, 6005.76
70.191, 51811, 6005.42
70.192, 51811.5, 6005.09
70.193, 51812, 6004.75
70.194, 51812.4, 6004.42
70.195, 51812.9, 6004.08
70.196, 51813.4, 6003.75
70.197, 51813.9, 6003.41
70.198, 51814.4, 6003.08
70.199, 51814.9, 6002.74
70.2, 51815.4, 6002.41
70.201, 51815.8, 6002.07
70.202, 51816.3, 6001.74
70.203, 51816.8, 6001.4
70.204, 51817.3, 6001.07
70.205, 51817.8, 6000.73
70.206, 51818.3, 6000.4
70.207, 51818.7, 6000.06
70.208, 51819.2, 5999.73
70.209, 51819.7, 5999.39
70.21, 51820.2, 5999.06
70.211, 51820.7, 5998.72
70.212, 51821.2, 5998.39
70.213, 51821.7, 5998.05
70.214, 51822.1, 5997.72
70.215, 51822.6, 5997.38
70.216, 51823.1, 5997.05
70.217, 51823.6, 5996.71
70.218, 51824.1, 5996.38
70.219, 51824.6, 5996.04
70.22, 51825.1, 5995.71
70.221, 51825.5, 5995.37
70.222, 51826, 5995.04
70.223, 51826.5, 5994.7
70.224, 51827, 5994.36
70.225, 51827.5, 5994.03
70.226, 51828, 5993.69
70.227, 51828.4, 5993.36
70.228, 51828.9, 5993.02
70.229, 51829.4, 5992.69
70.23, 51829.9, 5992.35
70.231, 51830.4, 5992.02
70.232, 51830.9, 5991.68
70.233, 51831.4, 5991.35
70.234, 51831.8, 5991.01
70.235, 51832.3, 5990.68
70.236, 51832.8, 5990.34
70.237, 51833.3, 5990
70.238, 51833.8, 5989.67
70.239, 51834.3, 5989.33
70.24, 51834.7, 5989
70.241, 51835.2, 5988.66
70.242, 51835.7, 5988.33
70.243, 51836.2, 5987.99
70.244, 51836.7, 5987.66
70.245, 51837.2, 5987.32
70.246, 51837.7, 5986.99
70.247, 51838.1, 5986.65
70.248, 51838.6, 5986.31
70.249, 51839.1, 5985.98
70.25, 51839.6, 5985.64
70.251, 51840.1, 5985.31
70.252, 51840.6, 5984.97
70.253, 51841, 5984.64
70.254, 51841.5, 5984.3
70.255, 51842, 5983.96
70.256, 51842.5, 5983.63
70.257, 51843, 5983.29
70.258, 51843.5, 5982.96
70.259, 51844, 5982.62
70.26, 51844.4, 5982.29
70.261, 51844.9, 5981.95
70.262, 51845.4, 5981.61
70.263, 51845.9, 5981.28
70.264, 51846.4, 5980.94
70.265, 51846.9, 5980.61
70.266, 51847.3, 5980.27
70.267, 51847.8, 5979.93
70.268, 51848.3, 5979.6
70.269, 51848.8, 5979.26
70.27, 51849.3, 5978.93
70.271, 51849.8, 5978.59
70.272, 51850.3, 5978.25
70.273, 51850.7, 5977.92
70.274, 51851.2, 5977.58
70.275, 51851.7, 5977.25
70.276, 51852.2, 5976.91
70.277, 51852.7, 5976.57
70.278, 51853.2, 5976.24
70.279, 51853.6, 5975.9
70.28, 51854.1, 5975.57
70.281, 51854.6, 5975.23
70.282, 51855.1, 5974.89
70.283, 51855.6, 5974.56
70.284, 51856.1, 5974.22
70.285, 51856.6, 5973.89
70.286, 51857, 5973.55
70.287, 51857.5, 5973.21
70.288, 51858, 5972.88
70.289, 51858.5, 5972.54
70.29, 51859, 5972.2
70.291, 51859.5, 5971.87
70.292, 51859.9, 5971.53
70.293, 51860.4, 5971.2
70.294, 51860.9, 5970.86
70.295, 51861.4, 5970.52
70.296, 51861.9, 5970.19
70.297, 51862.4, 5969.85
70.298, 51862.9, 5969.51
70.299, 51863.3, 5969.18
70.3, 51863.8, 5968.84
70.301, 51864.3, 5968.51
70.302, 51864.8, 5968.17
70.303, 51865.3, 5967.83
70.304, 51865.8, 5967.5
70.305, 51866.2, 5967.16
70.306, 51866.7, 5966.82
70.307, 51867.2, 5966.49
70.308, 51867.7, 5966.15
70.309, 51868.2, 5965.81
70.31, 51868.7, 5965.48
70.311, 51869.1, 5965.14
70.312, 51869.6, 5964.8
70.313, 51870.1, 5964.47
70.314, 51870.6, 5964.13
70.315, 51871.1, 5963.79
70.316, 51871.6, 5963.46
70.317, 51872.1, 5963.12
70.318, 51872.5, 5962.78
70.319, 51873, 5962.45
70.32, 51873.5, 5962.11
70.321, 51874, 5961.77
70.322, 51874.5, 5961.44
70.323, 51875, 5961.1
70.324, 51875.4, 5960.76
70.325, 51875.9, 5960.43
70.326, 51876.4, 5960.09
70.327, 51876.9, 5959.75
70.328, 51877.4, 5959.42
70.329, 51877.9, 5959.08
70.33, 51878.4, 5958.74
70.331, 51878.8, 5958.41
70.332, 51879.3, 5958.07
70.333, 51879.8, 5957.73
70.334, 51880.3, 5957.4
70.335, 51880.8, 5957.06
70.336, 51881.3, 5956.72
70.337, 51881.7, 5956.39
70.338, 51882.2, 5956.05
70.339, 51882.7, 5955.71
70.34, 51883.2, 5955.38
70.341, 51883.7, 5955.04
70.342, 51884.2, 5954.7
70.343, 51884.6, 5954.36
70.344, 51885.1, 5954.03
70.345, 51885.6, 5953.69
70.346, 51886.1, 5953.35
70.347, 51886.6, 5953.02
70.348, 51887.1, 5952.68
70.349, 51887.5, 5952.34
70.35, 51888, 5952
70.351, 51888.5, 5951.67
70.352, 51889, 5951.33
70.353, 51889.5, 5950.99
70.354, 51890, 5950.66
70.355, 51890.5, 5950.32
70.356, 51890.9, 5949.98
70.357, 51891.4, 5949.64
70.358, 51891.9, 5949.31
70.359, 51892.4, 5948.97
70.36, 51892.9, 5948.63
70.361, 51893.4, 5948.3
70.362, 51893.8, 5947.96
70.363, 51894.3, 5947.62
70.364, 51894.8, 5947.28
70.365, 51895.3, 5946.95
70.366, 51895.8, 5946.61
70.367, 51896.3, 5946.27
70.368, 51896.7, 5945.93
70.369, 51897.2, 5945.6
70.37, 51897.7, 5945.26
70.371, 51898.2, 5944.92
70.372, 51898.7, 5944.59
70.373, 51899.2, 5944.25
70.374, 51899.6, 5943.91
70.375, 51900.1, 5943.57
70.376, 51900.6, 5943.24
70.377, 51901.1, 5942.9
70.378, 51901.6, 5942.56
70.379, 51902.1, 5942.22
70.38, 51902.6, 5941.89
70.381, 51903, 5941.55
70.382, 51903.5, 5941.21
70.383, 51904, 5940.87
70.384, 51904.5, 5940.54
70.385, 51905, 5940.2
70.386, 51905.5, 5939.86
70.387, 51905.9, 5939.52
70.388, 51906.4, 5939.19
70.389, 51906.9, 5938.85
70.39, 51907.4, 5938.51
70.391, 51907.9, 5938.17
70.392, 51908.4, 5937.83
70.393, 51908.8, 5937.5
70.394, 51909.3, 5937.16
70.395, 51909.8, 5936.82
70.396, 51910.3, 5936.48
70.397, 51910.8, 5936.15
70.398, 51911.3, 5935.81
70.399, 51911.7, 5935.47
70.4, 51912.2, 5935.13
70.401, 51912.7, 5934.79
70.402, 51913.2, 5934.46
70.403, 51913.7, 5934.12
70.404, 51914.2, 5933.78
70.405, 51914.6, 5933.44
70.406, 51915.1, 5933.11
70.407, 51915.6, 5932.77
70.408, 51916.1, 5932.43
70.409, 51916.6, 5932.09
70.41, 51917.1, 5931.75
70.411, 51917.5, 5931.42
70.412, 51918, 5931.08
70.413, 51918.5, 5930.74
70.414, 51919, 5930.4
70.415, 51919.5, 5930.06
70.416, 51920, 5929.73
70.417, 51920.4, 5929.39
70.418, 51920.9, 5929.05
70.419, 51921.4, 5928.71
70.42, 51921.9, 5928.37
70.421, 51922.4, 5928.04
70.422, 51922.9, 5927.7
70.423, 51923.4, 5927.36
70.424, 51923.8, 5927.02
70.425, 51924.3, 5926.68
70.426, 51924.8, 5926.34
70.427, 51925.3, 5926.01
70.428, 51925.8, 5925.67
70.429, 51926.3, 5925.33
70.43, 51926.7, 5924.99
70.431, 51927.2, 5924.65
70.432, 51927.7, 5924.31
70.433, 51928.2, 5923.98
70.434, 51928.7, 5923.64
70.435, 51929.2, 5923.3
70.436, 51929.6, 5922.96
70.437, 51930.1, 5922.62
70.438, 51930.6, 5922.29
70.439, 51931.1, 5921.95
70.44, 51931.6, 5921.61
70.441, 51932.1, 5921.27
70.442, 51932.5, 5920.93
70.443, 51933, 5920.59
70.444, 51933.5, 5920.25
70.445, 51934, 5919.92
70.446, 51934.5, 5919.58
70.447, 51935, 5919.24
70.448, 51935.4, 5918.9
70.449, 51935.9, 5918.56
70.45, 51936.4, 5918.22
70.451, 51936.9, 5917.89
70.452, 51937.4, 5917.55
70.453, 51937.9, 5917.21
70.454, 51938.3, 5916.87
70.455, 51938.8, 5916.53
70.456, 51939.3, 5916.19
70.457, 51939.8, 5915.85
70.458, 51940.3, 5915.52
70.459, 51940.8, 5915.18
70.46, 51941.2, 5914.84
70.461, 51941.7, 5914.5
70.462, 51942.2, 5914.16
70.463, 51942.7, 5913.82
70.464, 51943.2, 5913.48
70.465, 51943.7, 5913.14
70.466, 51944.1, 5912.81
70.467, 51944.6, 5912.47
70.468, 51945.1, 5912.13
70.469, 51945.6, 5911.79
70.47, 51946.1, 5911.45
70.471, 51946.6, 5911.11
70.472, 51947, 5910.77
70.473, 51947.5, 5910.43
70.474, 51948, 5910.09
70.475, 51948.5, 5909.76
70.476, 51949, 5909.42
70.477, 51949.5, 5909.08
70.478, 51949.9, 5908.74
70.479, 51950.4, 5908.4
70.48, 51950.9, 5908.06
70.481, 51951.4, 5907.72
70.482, 51951.9, 5907.38
70.483, 51952.4, 5907.04
70.484, 51952.8, 5906.71
70.485, 51953.3, 5906.37
70.486, 51953.8, 5906.03
70.487, 51954.3, 5905.69
70.488, 51954.8, 5905.35
70.489, 51955.3, 5905.01
70.49, 51955.7, 5904.67
70.491, 51956.2, 5904.33
70.492, 51956.7, 5903.99
70.493, 51957.2, 5903.65
70.494, 51957.7, 5903.31
70.495, 51958.2, 5902.98
70.496, 51958.6, 5902.64
70.497, 51959.1, 5902.3
70.498, 51959.6, 5901.96
70.499, 51960.1, 5901.62
70.5, 51960.6, 5901.28
70.501, 51961, 5900.94
70.502, 51961.5, 5900.6
70.503, 51962, 5900.26
70.504, 51962.5, 5899.92
70.505, 51963, 5899.58
70.506, 51963.5, 5899.24
70.507, 51963.9, 5898.9
70.508, 51964.4, 5898.56
70.509, 51964.9, 5898.23
70.51, 51965.4, 5897.89
70.511, 51965.9, 5897.55
70.512, 51966.4, 5897.21
70.513, 51966.8, 5896.87
70.514, 51967.3, 5896.53
70.515, 51967.8, 5896.19
70.516, 51968.3, 5895.85
70.517, 51968.8, 5895.51
70.518, 51969.3, 5895.17
70.519, 51969.7, 5894.83
70.52, 51970.2, 5894.49
70.521, 51970.7, 5894.15
70.522, 51971.2, 5893.81
70.523, 51971.7, 5893.47
70.524, 51972.2, 5893.13
70.525, 51972.6, 5892.79
70.526, 51973.1, 5892.45
70.527, 51973.6, 5892.11
70.528, 51974.1, 5891.77
70.529, 51974.6, 5891.43
70.53, 51975.1, 5891.1
70.531, 51975.5, 5890.76
70.532, 51976, 5890.42
70.533, 51976.5, 5890.08
70.534, 51977, 5889.74
70.535, 51977.5, 5889.4
70.536, 51978, 5889.06
70.537, 51978.4, 5888.72
70.538, 51978.9, 5888.38
70.539, 51979.4, 5888.04
70.54, 51979.9, 5887.7
70.541, 51980.4, 5887.36
70.542, 51980.8, 5887.02
70.543, 51981.3, 5886.68
70.544, 51981.8, 5886.34
70.545, 51982.3, 5886
70.546, 51982.8, 5885.66
70.547, 51983.3, 5885.32
70.548, 51983.7, 5884.98
70.549, 51984.2, 5884.64
70.55, 51984.7, 5884.3
70.551, 51985.2, 5883.96
70.552, 51985.7, 5883.62
70.553, 51986.2, 5883.28
70.554, 51986.6, 5882.94
70.555, 51987.1, 5882.6
70.556, 51987.6, 5882.26
70.557, 51988.1, 5881.92
70.558, 51988.6, 5881.58
70.559, 51989.1, 5881.24
70.56, 51989.5, 5880.9
70.561, 51990, 5880.56
70.562, 51990.5, 5880.22
70.563, 51991, 5879.88
70.564, 51991.5, 5879.54
70.565, 51992, 5879.2
70.566, 51992.4, 5878.86
70.567, 51992.9, 5878.52
70.568, 51993.4, 5878.18
70.569, 51993.9, 5877.84
70.57, 51994.4, 5877.5
70.571, 51994.8, 5877.16
70.572, 51995.3, 5876.82
70.573, 51995.8, 5876.48
70.574, 51996.3, 5876.13
70.575, 51996.8, 5875.79
70.576, 51997.3, 5875.45
70.577, 51997.7, 5875.11
70.578, 51998.2, 5874.77
70.579, 51998.7, 5874.43
70.58, 51999.2, 5874.09
70.581, 51999.7, 5873.75
70.582, 52000.2, 5873.41
70.583, 52000.6, 5873.07
70.584, 52001.1, 5872.73
70.585, 52001.6, 5872.39
70.586, 52002.1, 5872.05
70.587, 52002.6, 5871.71
70.588, 52003, 5871.37
70.589, 52003.5, 5871.03
70.59, 52004, 5870.69
70.591, 52004.5, 5870.35
70.592, 52005, 5870.01
70.593, 52005.5, 5869.67
70.594, 52005.9, 5869.33
70.595, 52006.4, 5868.98
70.596, 52006.9, 5868.64
70.597, 52007.4, 5868.3
70.598, 52007.9, 5867.96
70.599, 52008.4, 5867.62
70.6, 52008.8, 5867.28
70.601, 52009.3, 5866.94
70.602, 52009.8, 5866.6
70.603, 52010.3, 5866.26
70.604, 52010.8, 5865.92
70.605, 52011.3, 5865.58
70.606, 52011.7, 5865.24
70.607, 52012.2, 5864.9
70.608, 52012.7, 5864.56
70.609, 52013.2, 5864.21
70.61, 52013.7, 5863.87
70.611, 52014.1, 5863.53
70.612, 52014.6, 5863.19
70.613, 52015.1, 5862.85
70.614, 52015.6, 5862.51
70.615, 52016.1, 5862.17
70.616, 52016.6, 5861.83
70.617, 52017, 5861.49
70.618, 52017.5, 5861.15
70.619, 52018, 5860.81
70.62, 52018.5, 5860.46
70.621, 52019, 5860.12
70.622, 52019.5, 5859.78
70.623, 52019.9, 5859.44
70.624, 52020.4, 5859.1
70.625, 52020.9, 5858.76
70.626, 52021.4, 5858.42
70.627, 52021.9, 5858.08
70.628, 52022.3, 5857.74
70.629, 52022.8, 5857.4
70.63, 52023.3, 5857.05
70.631, 52023.8, 5856.71
70.632, 52024.3, 5856.37
70.633, 52024.8, 5856.03
70.634, 52025.2, 5855.69
70.635, 52025.7, 5855.35
70.636, 52026.2, 5855.01
70.637, 52026.7, 5854.67
70.638, 52027.2, 5854.32
70.639, 52027.6, 5853.98
70.64, 52028.1, 5853.64
70.641, 52028.6, 5853.3
70.642, 52029.1, 5852.96
70.643, 52029.6, 5852.62
70.644, 52030.1, 5852.28
70.645, 52030.5, 5851.94
70.646, 52031, 5851.59
70.647, 52031.5, 5851.25
70.648, 52032, 5850.91
70.649, 52032.5, 5850.57
70.65, 52033, 5850.23
70.651, 52033.4, 5849.89
70.652, 52033.9, 5849.55
70.653, 52034.4, 5849.2
70.654, 52034.9, 5848.86
70.655, 52035.4, 5848.52
70.656, 52035.8, 5848.18
70.657, 52036.3, 5847.84
70.658, 52036.8, 5847.5
70.659, 52037.3, 5847.16
70.66, 52037.8, 5846.81
70.661, 52038.3, 5846.47
70.662, 52038.7, 5846.13
70.663, 52039.2, 5845.79
70.664, 52039.7, 5845.45
70.665, 52040.2, 5845.11
70.666, 52040.7, 5844.76
70.667, 52041.1, 5844.42
70.668, 52041.6, 5844.08
70.669, 52042.1, 5843.74
70.67, 52042.6, 5843.4
70.671, 52043.1, 5843.06
70.672, 52043.6, 5842.71
70.673, 52044, 5842.37
70.674, 52044.5, 5842.03
70.675, 52045, 5841.69
70.676, 52045.5, 5841.35
70.677, 52046, 5841.01
70.678, 52046.4, 5840.66
70.679, 52046.9, 5840.32
70.68, 52047.4, 5839.98
70.681, 52047.9, 5839.64
70.682, 52048.4, 5839.3
70.683, 52048.9, 5838.95
70.684, 52049.3, 5838.61
70.685, 52049.8, 5838.27
70.686, 52050.3, 5837.93
70.687, 52050.8, 5837.59
70.688, 52051.3, 5837.24
70.689, 52051.7, 5836.9
70.69, 52052.2, 5836.56
70.691, 52052.7, 5836.22
70.692, 52053.2, 5835.88
70.693, 52053.7, 5835.53
70.694, 52054.2, 5835.19
70.695, 52054.6, 5834.85
70.696, 52055.1, 5834.51
70.697, 52055.6, 5834.17
70.698, 52056.1, 5833.82
70.699, 52056.6, 5833.48
70.7, 52057, 5833.14
70.701, 52057.5, 5832.8
70.702, 52058, 5832.46
70.703, 52058.5, 5832.11
70.704, 52059, 5831.77
70.705, 52059.5, 5831.43
70.706, 52059.9, 5831.09
70.707, 52060.4, 5830.74
70.708, 52060.9, 5830.4
70.709, 52061.4, 5830.06
70.71, 52061.9, 5829.72
70.711, 52062.3, 5829.38
70.712, 52062.8, 5829.03
70.713, 52063.3, 5828.69
70.714, 52063.8, 5828.35
70.715, 52064.3, 5828.01
70.716, 52064.8, 5827.66
70.717, 52065.2, 5827.32
70.718, 52065.7, 5826.98
70.719, 52066.2, 5826.64
70.72, 52066.7, 5826.29
70.721, 52067.2, 5825.95
70.722, 52067.6, 5825.61
70.723, 52068.1, 5825.27
70.724, 52068.6, 5824.92
70.725, 52069.1, 5824.58
70.726, 52069.6, 5824.24
70.727, 52070.1, 5823.9
70.728, 52070.5, 5823.55
70.729, 52071, 5823.21
70.73, 52071.5, 5822.87
70.731, 52072, 5822.53
70.732, 52072.5, 5822.18
70.733, 52072.9, 5821.84
70.734, 52073.4, 5821.5
70.735, 52073.9, 5821.16
70.736, 52074.4, 5820.81
70.737, 52074.9, 5820.47
70.738, 52075.3, 5820.13
70.739, 52075.8, 5819.78
70.74, 52076.3, 5819.44
70.741, 52076.8, 5819.1
70.742, 52077.3, 5818.76
70.743, 52077.8, 5818.41
70.744, 52078.2, 5818.07
70.745, 52078.7, 5817.73
70.746, 52079.2, 5817.39
70.747, 52079.7, 5817.04
70.748, 52080.2, 5816.7
70.749, 52080.6, 5816.36
70.75, 52081.1, 5816.01
70.751, 52081.6, 5815.67
70.752, 52082.1, 5815.33
70.753, 52082.6, 5814.99
70.754, 52083.1, 5814.64
70.755, 52083.5, 5814.3
70.756, 52084, 5813.96
70.757, 52084.5, 5813.61
70.758, 52085, 5813.27
70.759, 52085.5, 5812.93
70.76, 52085.9, 5812.58
70.761, 52086.4, 5812.24
70.762, 52086.9, 5811.9
70.763, 52087.4, 5811.56
70.764, 52087.9, 5811.21
70.765, 52088.3, 5810.87
70.766, 52088.8, 5810.53
70.767, 52089.3, 5810.18
70.768, 52089.8, 5809.84
70.769, 52090.3, 5809.5
70.77, 52090.8, 5809.15
70.771, 52091.2, 5808.81
70.772, 52091.7, 5808.47
70.773, 52092.2, 5808.12
70.774, 52092.7, 5807.78
70.775, 52093.2, 5807.44
70.776, 52093.6, 5807.09
70.777, 52094.1, 5806.75
70.778, 52094.6, 5806.41
70.779, 52095.1, 5806.06
70.78, 52095.6, 5805.72
70.781, 52096, 5805.38
70.782, 52096.5, 5805.03
70.783, 52097, 5804.69
70.784, 52097.5, 5804.35
70.785, 52098, 5804
70.786, 52098.5, 5803.66
70.787, 52098.9, 5803.32
70.788, 52099.4, 5802.97
70.789, 52099.9, 5802.63
70.79, 52100.4, 5802.29
70.791, 52100.9, 5801.94
70.792, 52101.3, 5801.6
70.793, 52101.8, 5801.26
70.794, 52102.3, 5800.91
70.795, 52102.8, 5800.57
70.796, 52103.3, 5800.23
70.797, 52103.7, 5799.88
70.798, 52104.2, 5799.54
70.799, 52104.7, 5799.2
70.8, 52105.2, 5798.85
70.801, 52105.7, 5798.51
70.802, 52106.1, 5798.17
70.803, 52106.6, 5797.82
70.804, 52107.1, 5797.48
70.805, 52107.6, 5797.13
70.806, 52108.1, 5796.79
70.807, 52108.6, 5796.45
70.808, 52109, 5796.1
70.809, 52109.5, 5795.76
70.81, 52110, 5795.42
70.811, 52110.5, 5795.07
70.812, 52111, 5794.73
70.813, 52111.4, 5794.38
70.814, 52111.9, 5794.04
70.815, 52112.4, 5793.7
70.816, 52112.9, 5793.35
70.817, 52113.4, 5793.01
70.818, 52113.8, 5792.67
70.819, 52114.3, 5792.32
70.82, 52114.8, 5791.98
70.821, 52115.3, 5791.63
70.822, 52115.8, 5791.29
70.823, 52116.3, 5790.95
70.824, 52116.7, 5790.6
70.825, 52117.2, 5790.26
70.826, 52117.7, 5789.91
70.827, 52118.2, 5789.57
70.828, 52118.7, 5789.23
70.829, 52119.1, 5788.88
70.83, 52119.6, 5788.54
70.831, 52120.1, 5788.19
70.832, 52120.6, 5787.85
70.833, 52121.1, 5787.51
70.834, 52121.5, 5787.16
70.835, 52122, 5786.82
70.836, 52122.5, 5786.47
70.837, 52123, 5786.13
70.838, 52123.5, 5785.79
70.839, 52123.9, 5785.44
70.84, 52124.4, 5785.1
70.841, 52124.9, 5784.75
70.842, 52125.4, 5784.41
70.843, 52125.9, 5784.06
70.844, 52126.3, 5783.72
70.845, 52126.8, 5783.38
70.846, 52127.3, 5783.03
70.847, 52127.8, 5782.69
70.848, 52128.3, 5782.34
70.849, 52128.8, 5782
70.85, 52129.2, 5781.65
70.851, 52129.7, 5781.31
70.852, 52130.2, 5780.97
70.853, 52130.7, 5780.62
70.854, 52131.2, 5780.28
70.855, 52131.6, 5779.93
70.856, 52132.1, 5779.59
70.857, 52132.6, 5779.24
70.858, 52133.1, 5778.9
70.859, 52133.6, 5778.55
70.86, 52134, 5778.21
70.861, 52134.5, 5777.87
70.862, 52135, 5777.52
70.863, 52135.5, 5777.18
70.864, 52136, 5776.83
70.865, 52136.4, 5776.49
70.866, 52136.9, 5776.14
70.867, 52137.4, 5775.8
70.868, 52137.9, 5775.45
70.869, 52138.4, 5775.11
70.87, 52138.8, 5774.76
70.871, 52139.3, 5774.42
70.872, 52139.8, 5774.08
70.873, 52140.3, 5773.73
70.874, 52140.8, 5773.39
70.875, 52141.2, 5773.04
70.876, 52141.7, 5772.7
70.877, 52142.2, 5772.35
70.878, 52142.7, 5772.01
70.879, 52143.2, 5771.66
70.88, 52143.7, 5771.32
70.881, 52144.1, 5770.97
70.882, 52144.6, 5770.63
70.883, 52145.1, 5770.28
70.884, 52145.6, 5769.94
70.885, 52146.1, 5769.59
70.886, 52146.5, 5769.25
70.887, 52147, 5768.9
70.888, 52147.5, 5768.56
70.889, 52148, 5768.21
70.89, 52148.5, 5767.87
70.891, 52148.9, 5767.52
70.892, 52149.4, 5767.18
70.893, 52149.9, 5766.83
70.894, 52150.4, 5766.49
70.895, 52150.9, 5766.15
70.896, 52151.3, 5765.8
70.897, 52151.8, 5765.46
70.898, 52152.3, 5765.11
70.899, 52152.8, 5764.76
70.9, 52153.3, 5764.42
70.901, 52153.7, 5764.07
70.902, 52154.2, 5763.73
70.903, 52154.7, 5763.38
70.904, 52155.2, 5763.04
70.905, 52155.7, 5762.69
70.906, 52156.1, 5762.35
70.907, 52156.6, 5762
70.908, 52157.1, 5761.66
70.909, 52157.6, 5761.31
70.91, 52158.1, 5760.97
70.911, 52158.5, 5760.62
70.912, 52159, 5760.28
70.913, 52159.5, 5759.93
70.914, 52160, 5759.59
70.915, 52160.5, 5759.24
70.916, 52160.9, 5758.9
70.917, 52161.4, 5758.55
70.918, 52161.9, 5758.21
70.919, 52162.4, 5757.86
70.92, 52162.9, 5757.52
70.921, 52163.3, 5757.17
70.922, 52163.8, 5756.83
70.923, 52164.3, 5756.48
70.924, 52164.8, 5756.13
70.925, 52165.3, 5755.79
70.926, 52165.8, 5755.44
70.927, 52166.2, 5755.1
70.928, 52166.7, 5754.75
70.929, 52167.2, 5754.41
70.93, 52167.7, 5754.06
70.931, 52168.2, 5753.72
70.932, 52168.6, 5753.37
70.933, 52169.1, 5753.03
70.934, 52169.6, 5752.68
70.935, 52170.1, 5752.33
70.936, 52170.6, 5751.99
70.937, 52171, 5751.64
70.938, 52171.5, 5751.3
70.939, 52172, 5750.95
70.94, 52172.5, 5750.61
70.941, 52173, 5750.26
70.942, 52173.4, 5749.91
70.943, 52173.9, 5749.57
70.944, 52174.4, 5749.22
70.945, 52174.9, 5748.88
70.946, 52175.4, 5748.53
70.947, 52175.8, 5748.19
70.948, 52176.3, 5747.84
70.949, 52176.8, 5747.49
70.95, 52177.3, 5747.15
70.951, 52177.8, 5746.8
70.952, 52178.2, 5746.46
70.953, 52178.7, 5746.11
70.954, 52179.2, 5745.77
70.955, 52179.7, 5745.42
70.956, 52180.2, 5745.07
70.957, 52180.6, 5744.73
70.958, 52181.1, 5744.38
70.959, 52181.6, 5744.04
70.96, 52182.1, 5743.69
70.961, 52182.6, 5743.34
70.962, 52183, 5743
70.963, 52183.5, 5742.65
70.964, 52184, 5742.31
70.965, 52184.5, 5741.96
70.966, 52185, 5741.61
70.967, 52185.4, 5741.27
70.968, 52185.9, 5740.92
70.969, 52186.4, 5740.58
70.97, 52186.9, 5740.23
70.971, 52187.4, 5739.88
70.972, 52187.8, 5739.54
70.973, 52188.3, 5739.19
70.974, 52188.8, 5738.85
70.975, 52189.3, 5738.5
70.976, 52189.8, 5738.15
70.977, 52190.2, 5737.81
70.978, 52190.7, 5737.46
70.979, 52191.2, 5737.12
70.98, 52191.7, 5736.77
70.981, 52192.2, 5736.42
70.982, 52192.6, 5736.08
70.983, 52193.1, 5735.73
70.984, 52193.6, 5735.38
70.985, 52194.1, 5735.04
70.986, 52194.6, 5734.69
70.987, 52195, 5734.34
70.988, 52195.5, 5734
70.989, 52196, 5733.65
70.99, 52196.5, 5733.31
70.991, 52197, 5732.96
70.992, 52197.4, 5732.61
70.993, 52197.9, 5732.27
70.994, 52198.4, 5731.92
70.995, 52198.9, 5731.57
70.996, 52199.4, 5731.23
70.997, 52199.8, 5730.88
70.998, 52200.3, 5730.53
70.999, 52200.8, 5730.19
71, 52201.3, 5729.84
71.001, 52201.8, 5729.5
71.002, 52202.2, 5729.15
71.003, 52202.7, 5728.8
71.004, 52203.2, 5728.46
71.005, 52203.7, 5728.11
71.006, 52204.1, 5727.76
71.007, 52204.6, 5727.42
71.008, 52205.1, 5727.07
71.009, 52205.6, 5726.72
71.01, 52206.1, 5726.38
71.011, 52206.5, 5726.03
71.012, 52207, 5725.68
71.013, 52207.5, 5725.34
71.014, 52208, 5724.99
71.015, 52208.5, 5724.64
71.016, 52208.9, 5724.3
71.017, 52209.4, 5723.95
71.018, 52209.9, 5723.6
71.019, 52210.4, 5723.26
71.02, 52210.9, 5722.91
71.021, 52211.3, 5722.56
71.022, 52211.8, 5722.21
71.023, 52212.3, 5721.87
71.024, 52212.8, 5721.52
71.025, 52213.3, 5721.17
71.026, 52213.7, 5720.83
71.027, 52214.2, 5720.48
71.028, 52214.7, 5720.13
71.029, 52215.2, 5719.79
71.03, 52215.7, 5719.44
71.031, 52216.1, 5719.09
71.032, 52216.6, 5718.75
71.033, 52217.1, 5718.4
71.034, 52217.6, 5718.05
71.035, 52218.1, 5717.7
71.036, 52218.5, 5717.36
71.037, 52219, 5717.01
71.038, 52219.5, 5716.66
71.039, 52220, 5716.32
71.04, 52220.5, 5715.97
71.041, 52220.9, 5715.62
71.042, 52221.4, 5715.28
71.043, 52221.9, 5714.93
71.044, 52222.4, 5714.58
71.045, 52222.9, 5714.23
71.046, 52223.3, 5713.89
71.047, 52223.8, 5713.54
71.048, 52224.3, 5713.19
71.049, 52224.8, 5712.84
71.05, 52225.2, 5712.5
71.051, 52225.7, 5712.15
71.052, 52226.2, 5711.8
71.053, 52226.7, 5711.46
71.054, 52227.2, 5711.11
71.055, 52227.6, 5710.76
71.056, 52228.1, 5710.41
71.057, 52228.6, 5710.07
71.058, 52229.1, 5709.72
71.059, 52229.6, 5709.37
71.06, 52230, 5709.02
71.061, 52230.5, 5708.68
71.062, 52231, 5708.33
71.063, 52231.5, 5707.98
71.064, 52232, 5707.63
71.065, 52232.4, 5707.29
71.066, 52232.9, 5706.94
71.067, 52233.4, 5706.59
71.068, 52233.9, 5706.24
71.069, 52234.4, 5705.9
71.07, 52234.8, 5705.55
71.071, 52235.3, 5705.2
71.072, 52235.8, 5704.85
71.073, 52236.3, 5704.51
71.074, 52236.8, 5704.16
71.075, 52237.2, 5703.81
71.076, 52237.7, 5703.46
71.077, 52238.2, 5703.12
71.078, 52238.7, 5702.77
71.079, 52239.1, 5702.42
71.08, 52239.6, 5702.07
71.081, 52240.1, 5701.73
71.082, 52240.6, 5701.38
71.083, 52241.1, 5701.03
71.084, 52241.5, 5700.68
71.085, 52242, 5700.33
71.086, 52242.5, 5699.99
71.087, 52243, 5699.64
71.088, 52243.5, 5699.29
71.089, 52243.9, 5698.94
71.09, 52244.4, 5698.6
71.091, 52244.9, 5698.25
71.092, 52245.4, 5697.9
71.093, 52245.9, 5697.55
71.094, 52246.3, 5697.2
71.095, 52246.8, 5696.86
71.096, 52247.3, 5696.51
71.097, 52247.8, 5696.16
71.098, 52248.3, 5695.81
71.099, 52248.7, 5695.46
71.1, 52249.2, 5695.12
71.101, 52249.7, 5694.77
71.102, 52250.2, 5694.42
71.103, 52250.6, 5694.07
71.104, 52251.1, 5693.72
71.105, 52251.6, 5693.38
71.106, 52252.1, 5693.03
71.107, 52252.6, 5692.68
71.108, 52253, 5692.33
71.109, 52253.5, 5691.98
71.11, 52254, 5691.64
71.111, 52254.5, 5691.29
71.112, 52255, 5690.94
71.113, 52255.4, 5690.59
71.114, 52255.9, 5690.24
71.115, 52256.4, 5689.9
71.116, 52256.9, 5689.55
71.117, 52257.4, 5689.2
71.118, 52257.8, 5688.85
71.119, 52258.3, 5688.5
71.12, 52258.8, 5688.15
71.121, 52259.3, 5687.81
71.122, 52259.8, 5687.46
71.123, 52260.2, 5687.11
71.124, 52260.7, 5686.76
71.125, 52261.2, 5686.41
71.126, 52261.7, 5686.06
71.127, 52262.1, 5685.72
71.128, 52262.6, 5685.37
71.129, 52263.1, 5685.02
71.13, 52263.6, 5684.67
71.131, 52264.1, 5684.32
71.132, 52264.5, 5683.97
71.133, 52265, 5683.63
71.134, 52265.5, 5683.28
71.135, 52266, 5682.93
71.136, 52266.5, 5682.58
71.137, 52266.9, 5682.23
71.138, 52267.4, 5681.88
71.139, 52267.9, 5681.53
71.14, 52268.4, 5681.19
71.141, 52268.8, 5680.84
71.142, 52269.3, 5680.49
71.143, 52269.8, 5680.14
71.144, 52270.3, 5679.79
71.145, 52270.8, 5679.44
71.146, 52271.2, 5679.09
71.147, 52271.7, 5678.75
71.148, 52272.2, 5678.4
71.149, 52272.7, 5678.05
71.15, 52273.2, 5677.7
71.151, 52273.6, 5677.35
71.152, 52274.1, 5677
71.153, 52274.6, 5676.65
71.154, 52275.1, 5676.3
71.155, 52275.6, 5675.96
71.156, 52276, 5675.61
71.157, 52276.5, 5675.26
71.158, 52277, 5674.91
71.159, 52277.5, 5674.56
71.16, 52277.9, 5674.21
71.161, 52278.4, 5673.86
71.162, 52278.9, 5673.51
71.163, 52279.4, 5673.17
71.164, 52279.9, 5672.82
71.165, 52280.3, 5672.47
71.166, 52280.8, 5672.12
71.167, 52281.3, 5671.77
71.168, 52281.8, 5671.42
71.169, 52282.3, 5671.07
71.17, 52282.7, 5670.72
71.171, 52283.2, 5670.37
71.172, 52283.7, 5670.02
71.173, 52284.2, 5669.68
71.174, 52284.6, 5669.33
71.175, 52285.1, 5668.98
71.176, 52285.6, 5668.63
71.177, 52286.1, 5668.28
71.178, 52286.6, 5667.93
71.179, 52287, 5667.58
71.18, 52287.5, 5667.23
71.181, 52288, 5666.88
71.182, 52288.5, 5666.53
71.183, 52289, 5666.18
71.184, 52289.4, 5665.83
71.185, 52289.9, 5665.49
71.186, 52290.4, 5665.14
71.187, 52290.9, 5664.79
71.188, 52291.3, 5664.44
71.189, 52291.8, 5664.09
71.19, 52292.3, 5663.74
71.191, 52292.8, 5663.39
71.192, 52293.3, 5663.04
71.193, 52293.7, 5662.69
71.194, 52294.2, 5662.34
71.195, 52294.7, 5661.99
71.196, 52295.2, 5661.64
71.197, 52295.7, 5661.29
71.198, 52296.1, 5660.94
71.199, 52296.6, 5660.6
71.2, 52297.1, 5660.25
71.201, 52297.6, 5659.9
71.202, 52298, 5659.55
71.203, 52298.5, 5659.2
71.204, 52299, 5658.85
71.205, 52299.5, 5658.5
71.206, 52300, 5658.15
71.207, 52300.4, 5657.8
71.208, 52300.9, 5657.45
71.209, 52301.4, 5657.1
71.21, 52301.9, 5656.75
71.211, 52302.3, 5656.4
71.212, 52302.8, 5656.05
71.213, 52303.3, 5655.7
71.214, 52303.8, 5655.35
71.215, 52304.3, 5655
71.216, 52304.7, 5654.65
71.217, 52305.2, 5654.3
71.218, 52305.7, 5653.95
71.219, 52306.2, 5653.6
71.22, 52306.7, 5653.25
71.221, 52307.1, 5652.9
71.222, 52307.6, 5652.55
71.223, 52308.1, 5652.2
71.224, 52308.6, 5651.85
71.225, 52309, 5651.5
71.226, 52309.5, 5651.15
71.227, 52310, 5650.81
71.228, 52310.5, 5650.46
71.229, 52311, 5650.11
71.23, 52311.4, 5649.76
71.231, 52311.9, 5649.41
71.232, 52312.4, 5649.06
71.233, 52312.9, 5648.71
71.234, 52313.3, 5648.36
71.235, 52313.8, 5648.01
71.236, 52314.3, 5647.66
71.237, 52314.8, 5647.31
71.238, 52315.3, 5646.96
71.239, 52315.7, 5646.61
71.24, 52316.2, 5646.26
71.241, 52316.7, 5645.91
71.242, 52317.2, 5645.56
71.243, 52317.7, 5645.21
71.244, 52318.1, 5644.86
71.245, 52318.6, 5644.51
71.246, 52319.1, 5644.16
71.247, 52319.6, 5643.81
71.248, 52320, 5643.46
71.249, 52320.5, 5643.1
71.25, 52321, 5642.75
71.251, 52321.5, 5642.4
71.252, 52322, 5642.05
71.253, 52322.4, 5641.7
71.254, 52322.9, 5641.35
71.255, 52323.4, 5641
71.256, 52323.9, 5640.65
71.257, 52324.3, 5640.3
71.258, 52324.8, 5639.95
71.259, 52325.3, 5639.6
71.26, 52325.8, 5639.25
71.261, 52326.3, 5638.9
71.262, 52326.7, 5638.55
71.263, 52327.2, 5638.2
71.264, 52327.7, 5637.85
71.265, 52328.2, 5637.5
71.266, 52328.6, 5637.15
71.267, 52329.1, 5636.8
71.268, 52329.6, 5636.45
71.269, 52330.1, 5636.1
71.27, 52330.6, 5635.75
71.271, 52331, 5635.4
71.272, 52331.5, 5635.05
71.273, 52332, 5634.7
71.274, 52332.5, 5634.35
71.275, 52332.9, 5634
71.276, 52333.4, 5633.65
71.277, 52333.9, 5633.29
71.278, 52334.4, 5632.94
71.279, 52334.9, 5632.59
71.28, 52335.3, 5632.24
71.281, 52335.8, 5631.89
71.282, 52336.3, 5631.54
71.283, 52336.8, 5631.19
71.284, 52337.2, 5630.84
71.285, 52337.7, 5630.49
71.286, 52338.2, 5630.14
71.287, 52338.7, 5629.79
71.288, 52339.2, 5629.44
71.289, 52339.6, 5629.09
71.29, 52340.1, 5628.74
71.291, 52340.6, 5628.38
71.292, 52341.1, 5628.03
71.293, 52341.5, 5627.68
71.294, 52342, 5627.33
71.295, 52342.5, 5626.98
71.296, 52343, 5626.63
71.297, 52343.5, 5626.28
71.298, 52343.9, 5625.93
71.299, 52344.4, 5625.58
71.3, 52344.9, 5625.23
71.301, 52345.4, 5624.88
71.302, 52345.8, 5624.53
71.303, 52346.3, 5624.17
71.304, 52346.8, 5623.82
71.305, 52347.3, 5623.47
71.306, 52347.8, 5623.12
71.307, 52348.2, 5622.77
71.308, 52348.7, 5622.42
71.309, 52349.2, 5622.07
71.31, 52349.7, 5621.72
71.311, 52350.1, 5621.37
71.312, 52350.6, 5621.02
71.313, 52351.1, 5620.66
71.314, 52351.6, 5620.31
71.315, 52352.1, 5619.96
71.316, 52352.5, 5619.61
71.317, 52353, 5619.26
71.318, 52353.5, 5618.91
71.319, 52354, 5618.56
71.32, 52354.4, 5618.21
71.321, 52354.9, 5617.85
71.322, 52355.4, 5617.5
71.323, 52355.9, 5617.15
71.324, 52356.4, 5616.8
71.325, 52356.8, 5616.45
71.326, 52357.3, 5616.1
71.327, 52357.8, 5615.75
71.328, 52358.3, 5615.4
71.329, 52358.7, 5615.04
71.33, 52359.2, 5614.69
71.331, 52359.7, 5614.34
71.332, 52360.2, 5613.99
71.333, 52360.7, 5613.64
71.334, 52361.1, 5613.29
71.335, 52361.6, 5612.94
71.336, 52362.1, 5612.58
71.337, 52362.6, 5612.23
71.338, 52363, 5611.88
71.339, 52363.5, 5611.53
71.34, 52364, 5611.18
71.341, 52364.5, 5610.83
71.342, 52365, 5610.48
71.343, 52365.4, 5610.12
71.344, 52365.9, 5609.77
71.345, 52366.4, 5609.42
71.346, 52366.9, 5609.07
71.347, 52367.3, 5608.72
71.348, 52367.8, 5608.37
71.349, 52368.3, 5608.01
71.35, 52368.8, 5607.66
71.351, 52369.3, 5607.31
71.352, 52369.7, 5606.96
71.353, 52370.2, 5606.61
71.354, 52370.7, 5606.26
71.355, 52371.2, 5605.9
71.356, 52371.6, 5605.55
71.357, 52372.1, 5605.2
71.358, 52372.6, 5604.85
71.359, 52373.1, 5604.5
71.36, 52373.5, 5604.15
71.361, 52374, 5603.79
71.362, 52374.5, 5603.44
71.363, 52375, 5603.09
71.364, 52375.5, 5602.74
71.365, 52375.9, 5602.39
71.366, 52376.4, 5602.03
71.367, 52376.9, 5601.68
71.368, 52377.4, 5601.33
71.369, 52377.8, 5600.98
71.37, 52378.3, 5600.63
71.371, 52378.8, 5600.27
71.372, 52379.3, 5599.92
71.373, 52379.8, 5599.57
71.374, 52380.2, 5599.22
71.375, 52380.7, 5598.87
71.376, 52381.2, 5598.51
71.377, 52381.7, 5598.16
71.378, 52382.1, 5597.81
71.379, 52382.6, 5597.46
71.38, 52383.1, 5597.11
71.381, 52383.6, 5596.75
71.382, 52384, 5596.4
71.383, 52384.5, 5596.05
71.384, 52385, 5595.7
71.385, 52385.5, 5595.35
71.386, 52386, 5594.99
71.387, 52386.4, 5594.64
71.388, 52386.9, 5594.29
71.389, 52387.4, 5593.94
71.39, 52387.9, 5593.58
71.391, 52388.3, 5593.23
71.392, 52388.8, 5592.88
71.393, 52389.3, 5592.53
71.394, 52389.8, 5592.18
71.395, 52390.2, 5591.82
71.396, 52390.7, 5591.47
71.397, 52391.2, 5591.12
71.398, 52391.7, 5590.77
71.399, 52392.2, 5590.41
71.4, 52392.6, 5590.06
71.401, 52393.1, 5589.71
71.402, 52393.6, 5589.36
71.403, 52394.1, 5589
71.404, 52394.5, 5588.65
71.405, 52395, 5588.3
71.406, 52395.5, 5587.95
71.407, 52396, 5587.59
71.408, 52396.5, 5587.24
71.409, 52396.9, 5586.89
71.41, 52397.4, 5586.54
71.411, 52397.9, 5586.18
71.412, 52398.4, 5585.83
71.413, 52398.8, 5585.48
71.414, 52399.3, 5585.13
71.415, 52399.8, 5584.77
71.416, 52400.3, 5584.42
71.417, 52400.7, 5584.07
71.418, 52401.2, 5583.72
71.419, 52401.7, 5583.36
71.42, 52402.2, 5583.01
71.421, 52402.7, 5582.66
71.422, 52403.1, 5582.3
71.423, 52403.6, 5581.95
71.424, 52404.1, 5581.6
71.425, 52404.6, 5581.25
71.426, 52405, 5580.89
71.427, 52405.5, 5580.54
71.428, 52406, 5580.19
71.429, 52406.5, 5579.84
71.43, 52406.9, 5579.48
71.431, 52407.4, 5579.13
71.432, 52407.9, 5578.78
71.433, 52408.4, 5578.42
71.434, 52408.9, 5578.07
71.435, 52409.3, 5577.72
71.436, 52409.8, 5577.37
71.437, 52410.3, 5577.01
71.438, 52410.8, 5576.66
71.439, 52411.2, 5576.31
71.44, 52411.7, 5575.95
71.441, 52412.2, 5575.6
71.442, 52412.7, 5575.25
71.443, 52413.1, 5574.89
71.444, 52413.6, 5574.54
71.445, 52414.1, 5574.19
71.446, 52414.6, 5573.84
71.447, 52415, 5573.48
71.448, 52415.5, 5573.13
71.449, 52416, 5572.78
71.45, 52416.5, 5572.42
71.451, 52417, 5572.07
71.452, 52417.4, 5571.72
71.453, 52417.9, 5571.36
71.454, 52418.4, 5571.01
71.455, 52418.9, 5570.66
71.456, 52419.3, 5570.3
71.457, 52419.8, 5569.95
71.458, 52420.3, 5569.6
71.459, 52420.8, 5569.24
71.46, 52421.2, 5568.89
71.461, 52421.7, 5568.54
71.462, 52422.2, 5568.18
71.463, 52422.7, 5567.83
71.464, 52423.2, 5567.48
71.465, 52423.6, 5567.12
71.466, 52424.1, 5566.77
71.467, 52424.6, 5566.42
71.468, 52425.1, 5566.06
71.469, 52425.5, 5565.71
71.47, 52426, 5565.36
71.471, 52426.5, 5565
71.472, 52427, 5564.65
71.473, 52427.4, 5564.3
71.474, 52427.9, 5563.94
71.475, 52428.4, 5563.59
71.476, 52428.9, 5563.24
71.477, 52429.3, 5562.88
71.478, 52429.8, 5562.53
71.479, 52430.3, 5562.18
71.48, 52430.8, 5561.82
71.481, 52431.3, 5561.47
71.482, 52431.7, 5561.11
71.483, 52432.2, 5560.76
71.484, 52432.7, 5560.41
71.485, 52433.2, 5560.05
71.486, 52433.6, 5559.7
71.487, 52434.1, 5559.35
71.488, 52434.6, 5558.99
71.489, 52435.1, 5558.64
71.49, 52435.5, 5558.29
71.491, 52436, 5557.93
71.492, 52436.5, 5557.58
71.493, 52437, 5557.22
71.494, 52437.4, 5556.87
71.495, 52437.9, 5556.52
71.496, 52438.4, 5556.16
71.497, 52438.9, 5555.81
71.498, 52439.4, 5555.46
71.499, 52439.8, 5555.1
71.5, 52440.3, 5554.75
71.501, 52440.8, 5554.39
71.502, 52441.3, 5554.04
71.503, 52441.7, 5553.69
71.504, 52442.2, 5553.33
71.505, 52442.7, 5552.98
71.506, 52443.2, 5552.62
71.507, 52443.6, 5552.27
71.508, 52444.1, 5551.92
71.509, 52444.6, 5551.56
71.51, 52445.1, 5551.21
71.511, 52445.5, 5550.85
71.512, 52446, 5550.5
71.513, 52446.5, 5550.15
71.514, 52447, 5549.79
71.515, 52447.5, 5549.44
71.516, 52447.9, 5549.08
71.517, 52448.4, 5548.73
71.518, 52448.9, 5548.38
71.519, 52449.4, 5548.02
71.52, 52449.8, 5547.67
71.521, 52450.3, 5547.31
71.522, 52450.8, 5546.96
71.523, 52451.3, 5546.6
71.524, 52451.7, 5546.25
71.525, 52452.2, 5545.9
71.526, 52452.7, 5545.54
71.527, 52453.2, 5545.19
71.528, 52453.6, 5544.83
71.529, 52454.1, 5544.48
71.53, 52454.6, 5544.12
71.531, 52455.1, 5543.77
71.532, 52455.5, 5543.42
71.533, 52456, 5543.06
71.534, 52456.5, 5542.71
71.535, 52457, 5542.35
71.536, 52457.5, 5542
71.537, 52457.9, 5541.64
71.538, 52458.4, 5541.29
71.539, 52458.9, 5540.93
71.54, 52459.4, 5540.58
71.541, 52459.8, 5540.23
71.542, 52460.3, 5539.87
71.543, 52460.8, 5539.52
71.544, 52461.3, 5539.16
71.545, 52461.7, 5538.81
71.546, 52462.2, 5538.45
71.547, 52462.7, 5538.1
71.548, 52463.2, 5537.74
71.549, 52463.6, 5537.39
71.55, 52464.1, 5537.03
71.551, 52464.6, 5536.68
71.552, 52465.1, 5536.33
71.553, 52465.5, 5535.97
71.554, 52466, 5535.62
71.555, 52466.5, 5535.26
71.556, 52467, 5534.91
71.557, 52467.5, 5534.55
71.558, 52467.9, 5534.2
71.559, 52468.4, 5533.84
71.56, 52468.9, 5533.49
71.561, 52469.4, 5533.13
71.562, 52469.8, 5532.78
71.563, 52470.3, 5532.42
71.564, 52470.8, 5532.07
71.565, 52471.3, 5531.71
71.566, 52471.7, 5531.36
71.567, 52472.2, 5531
71.568, 52472.7, 5530.65
71.569, 52473.2, 5530.29
71.57, 52473.6, 5529.94
71.571, 52474.1, 5529.58
71.572, 52474.6, 5529.23
71.573, 52475.1, 5528.87
71.574, 52475.5, 5528.52
71.575, 52476, 5528.16
71.576, 52476.5, 5527.81
71.577, 52477, 5527.45
71.578, 52477.4, 5527.1
71.579, 52477.9, 5526.74
71.58, 52478.4, 5526.39
71.581, 52478.9, 5526.03
71.582, 52479.3, 5525.68
71.583, 52479.8, 5525.32
71.584, 52480.3, 5524.97
71.585, 52480.8, 5524.61
71.586, 52481.3, 5524.26
71.587, 52481.7, 5523.9
71.588, 52482.2, 5523.55
71.589, 52482.7, 5523.19
71.59, 52483.2, 5522.84
71.591, 52483.6, 5522.48
71.592, 52484.1, 5522.13
71.593, 52484.6, 5521.77
71.594, 52485.1, 5521.42
71.595, 52485.5, 5521.06
71.596, 52486, 5520.71
71.597, 52486.5, 5520.35
71.598, 52487, 5520
71.599, 52487.4, 5519.64
71.6, 52487.9, 5519.29
71.601, 52488.4, 5518.93
71.602, 52488.9, 5518.57
71.603, 52489.3, 5518.22
71.604, 52489.8, 5517.86
71.605, 52490.3, 5517.51
71.606, 52490.8, 5517.15
71.607, 52491.2, 5516.8
71.608, 52491.7, 5516.44
71.609, 52492.2, 5516.09
71.61, 52492.7, 5515.73
71.611, 52493.1, 5515.38
71.612, 52493.6, 5515.02
71.613, 52494.1, 5514.66
71.614, 52494.6, 5514.31
71.615, 52495, 5513.95
71.616, 52495.5, 5513.6
71.617, 52496, 5513.24
71.618, 52496.5, 5512.89
71.619, 52496.9, 5512.53
71.62, 52497.4, 5512.17
71.621, 52497.9, 5511.82
71.622, 52498.4, 5511.46
71.623, 52498.9, 5511.11
71.624, 52499.3, 5510.75
71.625, 52499.8, 5510.4
71.626, 52500.3, 5510.04
71.627, 52500.8, 5509.68
71.628, 52501.2, 5509.33
71.629, 52501.7, 5508.97
71.63, 52502.2, 5508.62
71.631, 52502.7, 5508.26
71.632, 52503.1, 5507.91
71.633, 52503.6, 5507.55
71.634, 52504.1, 5507.19
71.635, 52504.6, 5506.84
71.636, 52505, 5506.48
71.637, 52505.5, 5506.13
71.638, 52506, 5505.77
71.639, 52506.5, 5505.41
71.64, 52506.9, 5505.06
71.641, 52507.4, 5504.7
71.642, 52507.9, 5504.35
71.643, 52508.4, 5503.99
71.644, 52508.8, 5503.63
71.645, 52509.3, 5503.28
71.646, 52509.8, 5502.92
71.647, 52510.3, 5502.57
71.648, 52510.7, 5502.21
71.649, 52511.2, 5501.85
71.65, 52511.7, 5501.5
71.651, 52512.2, 5501.14
71.652, 52512.6, 5500.79
71.653, 52513.1, 5500.43
71.654, 52513.6, 5500.07
71.655, 52514.1, 5499.72
71.656, 52514.5, 5499.36
71.657, 52515, 5499.01
71.658, 52515.5, 5498.65
71.659, 52516, 5498.29
71.66, 52516.4, 5497.94
71.661, 52516.9, 5497.58
71.662, 52517.4, 5497.22
71.663, 52517.9, 5496.87
71.664, 52518.3, 5496.51
71.665, 52518.8, 5496.16
71.666, 52519.3, 5495.8
71.667, 52519.8, 5495.44
71.668, 52520.2, 5495.09
71.669, 52520.7, 5494.73
71.67, 52521.2, 5494.37
71.671, 52521.7, 5494.02
71.672, 52522.1, 5493.66
71.673, 52522.6, 5493.3
71.674, 52523.1, 5492.95
71.675, 52523.6, 5492.59
71.676, 52524, 5492.23
71.677, 52524.5, 5491.88
71.678, 52525, 5491.52
71.679, 52525.5, 5491.16
71.68, 52525.9, 5490.81
71.681, 52526.4, 5490.45
71.682, 52526.9, 5490.1
71.683, 52527.4, 5489.74
71.684, 52527.8, 5489.38
71.685, 52528.3, 5489.03
71.686, 52528.8, 5488.67
71.687, 52529.3, 5488.31
71.688, 52529.7, 5487.96
71.689, 52530.2, 5487.6
71.69, 52530.7, 5487.24
71.691, 52531.2, 5486.89
71.692, 52531.6, 5486.53
71.693, 52532.1, 5486.17
71.694, 52532.6, 5485.82
71.695, 52533.1, 5485.46
71.696, 52533.5, 5485.1
71.697, 52534, 5484.74
71.698, 52534.5, 5484.39
71.699, 52535, 5484.03
71.7, 52535.4, 5483.67
71.701, 52535.9, 5483.32
71.702, 52536.4, 5482.96
71.703, 52536.9, 5482.6
71.704, 52537.3, 5482.25
71.705, 52537.8, 5481.89
71.706, 52538.3, 5481.53
71.707, 52538.8, 5481.18
71.708, 52539.2, 5480.82
71.709, 52539.7, 5480.46
71.71, 52540.2, 5480.1
71.711, 52540.7, 5479.75
71.712, 52541.1, 5479.39
71.713, 52541.6, 5479.03
71.714, 52542.1, 5478.68
71.715, 52542.6, 5478.32
71.716, 52543, 5477.96
71.717, 52543.5, 5477.61
71.718, 52544, 5477.25
71.719, 52544.5, 5476.89
71.72, 52544.9, 5476.53
71.721, 52545.4, 5476.18
71.722, 52545.9, 5475.82
71.723, 52546.4, 5475.46
71.724, 52546.8, 5475.11
71.725, 52547.3, 5474.75
71.726, 52547.8, 5474.39
71.727, 52548.3, 5474.03
71.728, 52548.7, 5473.68
71.729, 52549.2, 5473.32
71.73, 52549.7, 5472.96
71.731, 52550.2, 5472.6
71.732, 52550.6, 5472.25
71.733, 52551.1, 5471.89
71.734, 52551.6, 5471.53
71.735, 52552.1, 5471.18
71.736, 52552.5, 5470.82
71.737, 52553, 5470.46
71.738, 52553.5, 5470.1
71.739, 52554, 5469.75
71.74, 52554.4, 5469.39
71.741, 52554.9, 5469.03
71.742, 52555.4, 5468.67
71.743, 52555.9, 5468.32
71.744, 52556.3, 5467.96
71.745, 52556.8, 5467.6
71.746, 52557.3, 5467.24
71.747, 52557.8, 5466.89
71.748, 52558.2, 5466.53
71.749, 52558.7, 5466.17
71.75, 52559.2, 5465.81
71.751, 52559.7, 5465.46
71.752, 52560.1, 5465.1
71.753, 52560.6, 5464.74
71.754, 52561.1, 5464.38
71.755, 52561.6, 5464.02
71.756, 52562, 5463.67
71.757, 52562.5, 5463.31
71.758, 52563, 5462.95
71.759, 52563.5, 5462.59
71.76, 52563.9, 5462.24
71.761, 52564.4, 5461.88
71.762, 52564.9, 5461.52
71.763, 52565.4, 5461.16
71.764, 52565.8, 5460.8
71.765, 52566.3, 5460.45
71.766, 52566.8, 5460.09
71.767, 52567.3, 5459.73
71.768, 52567.7, 5459.37
71.769, 52568.2, 5459.02
71.77, 52568.7, 5458.66
71.771, 52569.2, 5458.3
71.772, 52569.6, 5457.94
71.773, 52570.1, 5457.58
71.774, 52570.6, 5457.23
71.775, 52571.1, 5456.87
71.776, 52571.5, 5456.51
71.777, 52572, 5456.15
71.778, 52572.5, 5455.79
71.779, 52573, 5455.44
71.78, 52573.4, 5455.08
71.781, 52573.9, 5454.72
71.782, 52574.4, 5454.36
71.783, 52574.9, 5454
71.784, 52575.3, 5453.65
71.785, 52575.8, 5453.29
71.786, 52576.3, 5452.93
71.787, 52576.8, 5452.57
71.788, 52577.2, 5452.21
71.789, 52577.7, 5451.85
71.79, 52578.2, 5451.5
71.791, 52578.6, 5451.14
71.792, 52579.1, 5450.78
71.793, 52579.6, 5450.42
71.794, 52580.1, 5450.06
71.795, 52580.5, 5449.71
71.796, 52581, 5449.35
71.797, 52581.5, 5448.99
71.798, 52582, 5448.63
71.799, 52582.4, 5448.27
71.8, 52582.9, 5447.91
71.801, 52583.4, 5447.56
71.802, 52583.9, 5447.2
71.803, 52584.3, 5446.84
71.804, 52584.8, 5446.48
71.805, 52585.3, 5446.12
71.806, 52585.8, 5445.76
71.807, 52586.2, 5445.41
71.808, 52586.7, 5445.05
71.809, 52587.2, 5444.69
71.81, 52587.7, 5444.33
71.811, 52588.1, 5443.97
71.812, 52588.6, 5443.61
71.813, 52589.1, 5443.25
71.814, 52589.6, 5442.9
71.815, 52590, 5442.54
71.816, 52590.5, 5442.18
71.817, 52591, 5441.82
71.818, 52591.5, 5441.46
71.819, 52591.9, 5441.1
71.82, 52592.4, 5440.74
71.821, 52592.9, 5440.39
71.822, 52593.4, 5440.03
71.823, 52593.8, 5439.67
71.824, 52594.3, 5439.31
71.825, 52594.8, 5438.95
71.826, 52595.2, 5438.59
71.827, 52595.7, 5438.23
71.828, 52596.2, 5437.87
71.829, 52596.7, 5437.52
71.83, 52597.1, 5437.16
71.831, 52597.6, 5436.8
71.832, 52598.1, 5436.44
71.833, 52598.6, 5436.08
71.834, 52599, 5435.72
71.835, 52599.5, 5435.36
71.836, 52600, 5435
71.837, 52600.5, 5434.64
71.838, 52600.9, 5434.29
71.839, 52601.4, 5433.93
71.84, 52601.9, 5433.57
71.841, 52602.4, 5433.21
71.842, 52602.8, 5432.85
71.843, 52603.3, 5432.49
71.844, 52603.8, 5432.13
71.845, 52604.3, 5431.77
71.846, 52604.7, 5431.41
71.847, 52605.2, 5431.05
71.848, 52605.7, 5430.7
71.849, 52606.2, 5430.34
71.85, 52606.6, 5429.98
71.851, 52607.1, 5429.62
71.852, 52607.6, 5429.26
71.853, 52608, 5428.9
71.854, 52608.5, 5428.54
71.855, 52609, 5428.18
71.856, 52609.5, 5427.82
71.857, 52609.9, 5427.46
71.858, 52610.4, 5427.1
71.859, 52610.9, 5426.75
71.86, 52611.4, 5426.39
71.861, 52611.8, 5426.03
71.862, 52612.3, 5425.67
71.863, 52612.8, 5425.31
71.864, 52613.3, 5424.95
71.865, 52613.7, 5424.59
71.866, 52614.2, 5424.23
71.867, 52614.7, 5423.87
71.868, 52615.2, 5423.51
71.869, 52615.6, 5423.15
71.87, 52616.1, 5422.79
71.871, 52616.6, 5422.43
71.872, 52617.1, 5422.07
71.873, 52617.5, 5421.71
71.874, 52618, 5421.35
71.875, 52618.5, 5421
71.876, 52618.9, 5420.64
71.877, 52619.4, 5420.28
71.878, 52619.9, 5419.92
71.879, 52620.4, 5419.56
71.88, 52620.8, 5419.2
71.881, 52621.3, 5418.84
71.882, 52621.8, 5418.48
71.883, 52622.3, 5418.12
71.884, 52622.7, 5417.76
71.885, 52623.2, 5417.4
71.886, 52623.7, 5417.04
71.887, 52624.2, 5416.68
71.888, 52624.6, 5416.32
71.889, 52625.1, 5415.96
71.89, 52625.6, 5415.6
71.891, 52626.1, 5415.24
71.892, 52626.5, 5414.88
71.893, 52627, 5414.52
71.894, 52627.5, 5414.16
71.895, 52628, 5413.8
71.896, 52628.4, 5413.44
71.897, 52628.9, 5413.08
71.898, 52629.4, 5412.72
71.899, 52629.8, 5412.36
71.9, 52630.3, 5412
71.901, 52630.8, 5411.64
71.902, 52631.3, 5411.28
71.903, 52631.7, 5410.92
71.904, 52632.2, 5410.56
71.905, 52632.7, 5410.2
71.906, 52633.2, 5409.84
71.907, 52633.6, 5409.48
71.908, 52634.1, 5409.12
71.909, 52634.6, 5408.76
71.91, 52635.1, 5408.4
71.911, 52635.5, 5408.04
71.912, 52636, 5407.68
71.913, 52636.5, 5407.32
71.914, 52636.9, 5406.96
71.915, 52637.4, 5406.6
71.916, 52637.9, 5406.24
71.917, 52638.4, 5405.88
71.918, 52638.8, 5405.52
71.919, 52639.3, 5405.16
71.92, 52639.8, 5404.8
71.921, 52640.3, 5404.44
71.922, 52640.7, 5404.08
71.923, 52641.2, 5403.72
71.924, 52641.7, 5403.36
71.925, 52642.2, 5403
71.926, 52642.6, 5402.64
71.927, 52643.1, 5402.28
71.928, 52643.6, 5401.92
71.929, 52644.1, 5401.56
71.93, 52644.5, 5401.2
71.931, 52645, 5400.84
71.932, 52645.5, 5400.48
71.933, 52645.9, 5400.12
71.934, 52646.4, 5399.76
71.935, 52646.9, 5399.4
71.936, 52647.4, 5399.04
71.937, 52647.8, 5398.68
71.938, 52648.3, 5398.32
71.939, 52648.8, 5397.96
71.94, 52649.3, 5397.6
71.941, 52649.7, 5397.24
71.942, 52650.2, 5396.88
71.943, 52650.7, 5396.52
71.944, 52651.2, 5396.16
71.945, 52651.6, 5395.8
71.946, 52652.1, 5395.43
71.947, 52652.6, 5395.07
71.948, 52653, 5394.71
71.949, 52653.5, 5394.35
71.95, 52654, 5393.99
71.951, 52654.5, 5393.63
71.952, 52654.9, 5393.27
71.953, 52655.4, 5392.91
71.954, 52655.9, 5392.55
71.955, 52656.4, 5392.19
71.956, 52656.8, 5391.83
71.957, 52657.3, 5391.47
71.958, 52657.8, 5391.11
71.959, 52658.3, 5390.75
71.96, 52658.7, 5390.39
71.961, 52659.2, 5390.03
71.962, 52659.7, 5389.66
71.963, 52660.1, 5389.3
71.964, 52660.6, 5388.94
71.965, 52661.1, 5388.58
71.966, 52661.6, 5388.22
71.967, 52662, 5387.86
71.968, 52662.5, 5387.5
71.969, 52663, 5387.14
71.97, 52663.5, 5386.78
71.971, 52663.9, 5386.42
71.972, 52664.4, 5386.06
71.973, 52664.9, 5385.69
71.974, 52665.4, 5385.33
71.975, 52665.8, 5384.97
71.976, 52666.3, 5384.61
71.977, 52666.8, 5384.25
71.978, 52667.2, 5383.89
71.979, 52667.7, 5383.53
71.98, 52668.2, 5383.17
71.981, 52668.7, 5382.81
71.982, 52669.1, 5382.45
71.983, 52669.6, 5382.08
71.984, 52670.1, 5381.72
71.985, 52670.6, 5381.36
71.986, 52671, 5381
71.987, 52671.5, 5380.64
71.988, 52672, 5380.28
71.989, 52672.4, 5379.92
71.99, 52672.9, 5379.56
71.991, 52673.4, 5379.2
71.992, 52673.9, 5378.83
71.993, 52674.3, 5378.47
71.994, 52674.8, 5378.11
71.995, 52675.3, 5377.75
71.996, 52675.8, 5377.39
71.997, 52676.2, 5377.03
71.998, 52676.7, 5376.67
71.999, 52677.2, 5376.31
72, 52677.7, 5375.94
72.001, 52678.1, 5375.58
72.002, 52678.6, 5375.22
72.003, 52679.1, 5374.86
72.004, 52679.5, 5374.5
72.005, 52680, 5374.14
72.006, 52680.5, 5373.78
72.007, 52681, 5373.41
72.008, 52681.4, 5373.05
72.009, 52681.9, 5372.69
72.01, 52682.4, 5372.33
72.011, 52682.9, 5371.97
72.012, 52683.3, 5371.61
72.013, 52683.8, 5371.24
72.014, 52684.3, 5370.88
72.015, 52684.7, 5370.52
72.016, 52685.2, 5370.16
72.017, 52685.7, 5369.8
72.018, 52686.2, 5369.44
72.019, 52686.6, 5369.08
72.02, 52687.1, 5368.71
72.021, 52687.6, 5368.35
72.022, 52688.1, 5367.99
72.023, 52688.5, 5367.63
72.024, 52689, 5367.27
72.025, 52689.5, 5366.91
72.026, 52689.9, 5366.54
72.027, 52690.4, 5366.18
72.028, 52690.9, 5365.82
72.029, 52691.4, 5365.46
72.03, 52691.8, 5365.1
72.031, 52692.3, 5364.73
72.032, 52692.8, 5364.37
72.033, 52693.3, 5364.01
72.034, 52693.7, 5363.65
72.035, 52694.2, 5363.29
72.036, 52694.7, 5362.93
72.037, 52695.1, 5362.56
72.038, 52695.6, 5362.2
72.039, 52696.1, 5361.84
72.04, 52696.6, 5361.48
72.041, 52697, 5361.12
72.042, 52697.5, 5360.75
72.043, 52698, 5360.39
72.044, 52698.5, 5360.03
72.045, 52698.9, 5359.67
72.046, 52699.4, 5359.31
72.047, 52699.9, 5358.94
72.048, 52700.3, 5358.58
72.049, 52700.8, 5358.22
72.05, 52701.3, 5357.86
72.051, 52701.8, 5357.5
72.052, 52702.2, 5357.13
72.053, 52702.7, 5356.77
72.054, 52703.2, 5356.41
72.055, 52703.7, 5356.05
72.056, 52704.1, 5355.68
72.057, 52704.6, 5355.32
72.058, 52705.1, 5354.96
72.059, 52705.5, 5354.6
72.06, 52706, 5354.24
72.061, 52706.5, 5353.87
72.062, 52707, 5353.51
72.063, 52707.4, 5353.15
72.064, 52707.9, 5352.79
72.065, 52708.4, 5352.42
72.066, 52708.9, 5352.06
72.067, 52709.3, 5351.7
72.068, 52709.8, 5351.34
72.069, 52710.3, 5350.97
72.07, 52710.7, 5350.61
72.071, 52711.2, 5350.25
72.072, 52711.7, 5349.89
72.073, 52712.2, 5349.52
72.074, 52712.6, 5349.16
72.075, 52713.1, 5348.8
72.076, 52713.6, 5348.44
72.077, 52714, 5348.07
72.078, 52714.5, 5347.71
72.079, 52715, 5347.35
72.08, 52715.5, 5346.99
72.081, 52715.9, 5346.62
72.082, 52716.4, 5346.26
72.083, 52716.9, 5345.9
72.084, 52717.4, 5345.54
72.085, 52717.8, 5345.17
72.086, 52718.3, 5344.81
72.087, 52718.8, 5344.45
72.088, 52719.2, 5344.09
72.089, 52719.7, 5343.72
72.09, 52720.2, 5343.36
72.091, 52720.7, 5343
72.092, 52721.1, 5342.64
72.093, 52721.6, 5342.27
72.094, 52722.1, 5341.91
72.095, 52722.6, 5341.55
72.096, 52723, 5341.18
72.097, 52723.5, 5340.82
72.098, 52724, 5340.46
72.099, 52724.4, 5340.1
72.1, 52724.9, 5339.73
72.101, 52725.4, 5339.37
72.102, 52725.9, 5339.01
72.103, 52726.3, 5338.64
72.104, 52726.8, 5338.28
72.105, 52727.3, 5337.92
72.106, 52727.7, 5337.56
72.107, 52728.2, 5337.19
72.108, 52728.7, 5336.83
72.109, 52729.2, 5336.47
72.11, 52729.6, 5336.1
72.111, 52730.1, 5335.74
72.112, 52730.6, 5335.38
72.113, 52731.1, 5335.01
72.114, 52731.5, 5334.65
72.115, 52732, 5334.29
72.116, 52732.5, 5333.93
72.117, 52732.9, 5333.56
72.118, 52733.4, 5333.2
72.119, 52733.9, 5332.84
72.12, 52734.4, 5332.47
72.121, 52734.8, 5332.11
72.122, 52735.3, 5331.75
72.123, 52735.8, 5331.38
72.124, 52736.2, 5331.02
72.125, 52736.7, 5330.66
72.126, 52737.2, 5330.29
72.127, 52737.7, 5329.93
72.128, 52738.1, 5329.57
72.129, 52738.6, 5329.2
72.13, 52739.1, 5328.84
72.131, 52739.6, 5328.48
72.132, 52740, 5328.11
72.133, 52740.5, 5327.75
72.134, 52741, 5327.39
72.135, 52741.4, 5327.02
72.136, 52741.9, 5326.66
72.137, 52742.4, 5326.3
72.138, 52742.9, 5325.93
72.139, 52743.3, 5325.57
72.14, 52743.8, 5325.21
72.141, 52744.3, 5324.84
72.142, 52744.7, 5324.48
72.143, 52745.2, 5324.12
72.144, 52745.7, 5323.75
72.145, 52746.2, 5323.39
72.146, 52746.6, 5323.03
72.147, 52747.1, 5322.66
72.148, 52747.6, 5322.3
72.149, 52748, 5321.93
72.15, 52748.5, 5321.57
72.151, 52749, 5321.21
72.152, 52749.5, 5320.84
72.153, 52749.9, 5320.48
72.154, 52750.4, 5320.12
72.155, 52750.9, 5319.75
72.156, 52751.4, 5319.39
72.157, 52751.8, 5319.03
72.158, 52752.3, 5318.66
72.159, 52752.8, 5318.3
72.16, 52753.2, 5317.93
72.161, 52753.7, 5317.57
72.162, 52754.2, 5317.21
72.163, 52754.7, 5316.84
72.164, 52755.1, 5316.48
72.165, 52755.6, 5316.12
72.166, 52756.1, 5315.75
72.167, 52756.5, 5315.39
72.168, 52757, 5315.02
72.169, 52757.5, 5314.66
72.17, 52758, 5314.3
72.171, 52758.4, 5313.93
72.172, 52758.9, 5313.57
72.173, 52759.4, 5313.2
72.174, 52759.8, 5312.84
72.175, 52760.3, 5312.48
72.176, 52760.8, 5312.11
72.177, 52761.3, 5311.75
72.178, 52761.7, 5311.38
72.179, 52762.2, 5311.02
72.18, 52762.7, 5310.66
72.181, 52763.1, 5310.29
72.182, 52763.6, 5309.93
72.183, 52764.1, 5309.56
72.184, 52764.6, 5309.2
72.185, 52765, 5308.84
72.186, 52765.5, 5308.47
72.187, 52766, 5308.11
72.188, 52766.4, 5307.74
72.189, 52766.9, 5307.38
72.19, 52767.4, 5307.01
72.191, 52767.9, 5306.65
72.192, 52768.3, 5306.29
72.193, 52768.8, 5305.92
72.194, 52769.3, 5305.56
72.195, 52769.8, 5305.19
72.196, 52770.2, 5304.83
72.197, 52770.7, 5304.46
72.198, 52771.2, 5304.1
72.199, 52771.6, 5303.74
72.2, 52772.1, 5303.37
72.201, 52772.6, 5303.01
72.202, 52773.1, 5302.64
72.203, 52773.5, 5302.28
72.204, 52774, 5301.91
72.205, 52774.5, 5301.55
72.206, 52774.9, 5301.18
72.207, 52775.4, 5300.82
72.208, 52775.9, 5300.46
72.209, 52776.4, 5300.09
72.21, 52776.8, 5299.73
72.211, 52777.3, 5299.36
72.212, 52777.8, 5299
72.213, 52778.2, 5298.63
72.214, 52778.7, 5298.27
72.215, 52779.2, 5297.9
72.216, 52779.7, 5297.54
72.217, 52780.1, 5297.17
72.218, 52780.6, 5296.81
72.219, 52781.1, 5296.45
72.22, 52781.5, 5296.08
72.221, 52782, 5295.72
72.222, 52782.5, 5295.35
72.223, 52783, 5294.99
72.224, 52783.4, 5294.62
72.225, 52783.9, 5294.26
72.226, 52784.4, 5293.89
72.227, 52784.8, 5293.53
72.228, 52785.3, 5293.16
72.229, 52785.8, 5292.8
72.23, 52786.3, 5292.43
72.231, 52786.7, 5292.07
72.232, 52787.2, 5291.7
72.233, 52787.7, 5291.34
72.234, 52788.1, 5290.97
72.235, 52788.6, 5290.61
72.236, 52789.1, 5290.24
72.237, 52789.6, 5289.88
72.238, 52790, 5289.51
72.239, 52790.5, 5289.15
72.24, 52791, 5288.78
72.241, 52791.4, 5288.42
72.242, 52791.9, 5288.05
72.243, 52792.4, 5287.69
72.244, 52792.9, 5287.32
72.245, 52793.3, 5286.96
72.246, 52793.8, 5286.59
72.247, 52794.3, 5286.23
72.248, 52794.7, 5285.86
72.249, 52795.2, 5285.5
72.25, 52795.7, 5285.13
72.251, 52796.2, 5284.77
72.252, 52796.6, 5284.4
72.253, 52797.1, 5284.04
72.254, 52797.6, 5283.67
72.255, 52798, 5283.31
72.256, 52798.5, 5282.94
72.257, 52799, 5282.58
72.258, 52799.4, 5282.21
72.259, 52799.9, 5281.85
72.26, 52800.4, 5281.48
72.261, 52800.9, 5281.12
72.262, 52801.3, 5280.75
72.263, 52801.8, 5280.39
72.264, 52802.3, 5280.02
72.265, 52802.7, 5279.65
72.266, 52803.2, 5279.29
72.267, 52803.7, 5278.92
72.268, 52804.2, 5278.56
72.269, 52804.6, 5278.19
72.27, 52805.1, 5277.83
72.271, 52805.6, 5277.46
72.272, 52806, 5277.1
72.273, 52806.5, 5276.73
72.274, 52807, 5276.37
72.275, 52807.5, 5276
72.276, 52807.9, 5275.64
72.277, 52808.4, 5275.27
72.278, 52808.9, 5274.9
72.279, 52809.3, 5274.54
72.28, 52809.8, 5274.17
72.281, 52810.3, 5273.81
72.282, 52810.8, 5273.44
72.283, 52811.2, 5273.08
72.284, 52811.7, 5272.71
72.285, 52812.2, 5272.34
72.286, 52812.6, 5271.98
72.287, 52813.1, 5271.61
72.288, 52813.6, 5271.25
72.289, 52814.1, 5270.88
72.29, 52814.5, 5270.52
72.291, 52815, 5270.15
72.292, 52815.5, 5269.78
72.293, 52815.9, 5269.42
72.294, 52816.4, 5269.05
72.295, 52816.9, 5268.69
72.296, 52817.3, 5268.32
72.297, 52817.8, 5267.96
72.298, 52818.3, 5267.59
72.299, 52818.8, 5267.22
72.3, 52819.2, 5266.86
72.301, 52819.7, 5266.49
72.302, 52820.2, 5266.13
72.303, 52820.6, 5265.76
72.304, 52821.1, 5265.39
72.305, 52821.6, 5265.03
72.306, 52822.1, 5264.66
72.307, 52822.5, 5264.3
72.308, 52823, 5263.93
72.309, 52823.5, 5263.56
72.31, 52823.9, 5263.2
72.311, 52824.4, 5262.83
72.312, 52824.9, 5262.47
72.313, 52825.4, 5262.1
72.314, 52825.8, 5261.73
72.315, 52826.3, 5261.37
72.316, 52826.8, 5261
72.317, 52827.2, 5260.64
72.318, 52827.7, 5260.27
72.319, 52828.2, 5259.9
72.32, 52828.7, 5259.54
72.321, 52829.1, 5259.17
72.322, 52829.6, 5258.8
72.323, 52830.1, 5258.44
72.324, 52830.5, 5258.07
72.325, 52831, 5257.71
72.326, 52831.5, 5257.34
72.327, 52831.9, 5256.97
72.328, 52832.4, 5256.61
72.329, 52832.9, 5256.24
72.33, 52833.4, 5255.87
72.331, 52833.8, 5255.51
72.332, 52834.3, 5255.14
72.333, 52834.8, 5254.78
72.334, 52835.2, 5254.41
72.335, 52835.7, 5254.04
72.336, 52836.2, 5253.68
72.337, 52836.7, 5253.31
72.338, 52837.1, 5252.94
72.339, 52837.6, 5252.58
72.34, 52838.1, 5252.21
72.341, 52838.5, 5251.84
72.342, 52839, 5251.48
72.343, 52839.5, 5251.11
72.344, 52839.9, 5250.74
72.345, 52840.4, 5250.38
72.346, 52840.9, 5250.01
72.347, 52841.4, 5249.64
72.348, 52841.8, 5249.28
72.349, 52842.3, 5248.91
72.35, 52842.8, 5248.54
72.351, 52843.2, 5248.18
72.352, 52843.7, 5247.81
72.353, 52844.2, 5247.44
72.354, 52844.7, 5247.08
72.355, 52845.1, 5246.71
72.356, 52845.6, 5246.34
72.357, 52846.1, 5245.98
72.358, 52846.5, 5245.61
72.359, 52847, 5245.24
72.36, 52847.5, 5244.88
72.361, 52847.9, 5244.51
72.362, 52848.4, 5244.14
72.363, 52848.9, 5243.78
72.364, 52849.4, 5243.41
72.365, 52849.8, 5243.04
72.366, 52850.3, 5242.68
72.367, 52850.8, 5242.31
72.368, 52851.2, 5241.94
72.369, 52851.7, 5241.58
72.37, 52852.2, 5241.21
72.371, 52852.7, 5240.84
72.372, 52853.1, 5240.47
72.373, 52853.6, 5240.11
72.374, 52854.1, 5239.74
72.375, 52854.5, 5239.37
72.376, 52855, 5239.01
72.377, 52855.5, 5238.64
72.378, 52855.9, 5238.27
72.379, 52856.4, 5237.9
72.38, 52856.9, 5237.54
72.381, 52857.4, 5237.17
72.382, 52857.8, 5236.8
72.383, 52858.3, 5236.44
72.384, 52858.8, 5236.07
72.385, 52859.2, 5235.7
72.386, 52859.7, 5235.33
72.387, 52860.2, 5234.97
72.388, 52860.6, 5234.6
72.389, 52861.1, 5234.23
72.39, 52861.6, 5233.87
72.391, 52862.1, 5233.5
72.392, 52862.5, 5233.13
72.393, 52863, 5232.76
72.394, 52863.5, 5232.4
72.395, 52863.9, 5232.03
72.396, 52864.4, 5231.66
72.397, 52864.9, 5231.29
72.398, 52865.3, 5230.93
72.399, 52865.8, 5230.56
72.4, 52866.3, 5230.19
72.401, 52866.8, 5229.83
72.402, 52867.2, 5229.46
72.403, 52867.7, 5229.09
72.404, 52868.2, 5228.72
72.405, 52868.6, 5228.36
72.406, 52869.1, 5227.99
72.407, 52869.6, 5227.62
72.408, 52870.1, 5227.25
72.409, 52870.5, 5226.89
72.41, 52871, 5226.52
72.411, 52871.5, 5226.15
72.412, 52871.9, 5225.78
72.413, 52872.4, 5225.41
72.414, 52872.9, 5225.05
72.415, 52873.3, 5224.68
72.416, 52873.8, 5224.31
72.417, 52874.3, 5223.94
72.418, 52874.8, 5223.58
72.419, 52875.2, 5223.21
72.42, 52875.7, 5222.84
72.421, 52876.2, 5222.47
72.422, 52876.6, 5222.11
72.423, 52877.1, 5221.74
72.424, 52877.6, 5221.37
72.425, 52878, 5221
72.426, 52878.5, 5220.63
72.427, 52879, 5220.27
72.428, 52879.5, 5219.9
72.429, 52879.9, 5219.53
72.43, 52880.4, 5219.16
72.431, 52880.9, 5218.8
72.432, 52881.3, 5218.43
72.433, 52881.8, 5218.06
72.434, 52882.3, 5217.69
72.435, 52882.7, 5217.32
72.436, 52883.2, 5216.96
72.437, 52883.7, 5216.59
72.438, 52884.2, 5216.22
72.439, 52884.6, 5215.85
72.44, 52885.1, 5215.48
72.441, 52885.6, 5215.12
72.442, 52886, 5214.75
72.443, 52886.5, 5214.38
72.444, 52887, 5214.01
72.445, 52887.4, 5213.64
72.446, 52887.9, 5213.28
72.447, 52888.4, 5212.91
72.448, 52888.9, 5212.54
72.449, 52889.3, 5212.17
72.45, 52889.8, 5211.8
72.451, 52890.3, 5211.43
72.452, 52890.7, 5211.07
72.453, 52891.2, 5210.7
72.454, 52891.7, 5210.33
72.455, 52892.1, 5209.96
72.456, 52892.6, 5209.59
72.457, 52893.1, 5209.23
72.458, 52893.5, 5208.86
72.459, 52894, 5208.49
72.46, 52894.5, 5208.12
72.461, 52895, 5207.75
72.462, 52895.4, 5207.38
72.463, 52895.9, 5207.02
72.464, 52896.4, 5206.65
72.465, 52896.8, 5206.28
72.466, 52897.3, 5205.91
72.467, 52897.8, 5205.54
72.468, 52898.2, 5205.17
72.469, 52898.7, 5204.8
72.47, 52899.2, 5204.44
72.471, 52899.7, 5204.07
72.472, 52900.1, 5203.7
72.473, 52900.6, 5203.33
72.474, 52901.1, 5202.96
72.475, 52901.5, 5202.59
72.476, 52902, 5202.23
72.477, 52902.5, 5201.86
72.478, 52902.9, 5201.49
72.479, 52903.4, 5201.12
72.48, 52903.9, 5200.75
72.481, 52904.4, 5200.38
72.482, 52904.8, 5200.01
72.483, 52905.3, 5199.64
72.484, 52905.8, 5199.28
72.485, 52906.2, 5198.91
72.486, 52906.7, 5198.54
72.487, 52907.2, 5198.17
72.488, 52907.6, 5197.8
72.489, 52908.1, 5197.43
72.49, 52908.6, 5197.06
72.491, 52909, 5196.69
72.492, 52909.5, 5196.33
72.493, 52910, 5195.96
72.494, 52910.5, 5195.59
72.495, 52910.9, 5195.22
72.496, 52911.4, 5194.85
72.497, 52911.9, 5194.48
72.498, 52912.3, 5194.11
72.499, 52912.8, 5193.74
72.5, 52913.3, 5193.37
72.501, 52913.7, 5193.01
72.502, 52914.2, 5192.64
72.503, 52914.7, 5192.27
72.504, 52915.2, 5191.9
72.505, 52915.6, 5191.53
72.506, 52916.1, 5191.16
72.507, 52916.6, 5190.79
72.508, 52917, 5190.42
72.509, 52917.5, 5190.05
72.51, 52918, 5189.68
72.511, 52918.4, 5189.32
72.512, 52918.9, 5188.95
72.513, 52919.4, 5188.58
72.514, 52919.8, 5188.21
72.515, 52920.3, 5187.84
72.516, 52920.8, 5187.47
72.517, 52921.3, 5187.1
72.518, 52921.7, 5186.73
72.519, 52922.2, 5186.36
72.52, 52922.7, 5185.99
72.521, 52923.1, 5185.62
72.522, 52923.6, 5185.25
72.523, 52924.1, 5184.89
72.524, 52924.5, 5184.52
72.525, 52925, 5184.15
72.526, 52925.5, 5183.78
72.527, 52925.9, 5183.41
72.528, 52926.4, 5183.04
72.529, 52926.9, 5182.67
72.53, 52927.4, 5182.3
72.531, 52927.8, 5181.93
72.532, 52928.3, 5181.56
72.533, 52928.8, 5181.19
72.534, 52929.2, 5180.82
72.535, 52929.7, 5180.45
72.536, 52930.2, 5180.08
72.537, 52930.6, 5179.71
72.538, 52931.1, 5179.34
72.539, 52931.6, 5178.97
72.54, 52932.1, 5178.6
72.541, 52932.5, 5178.24
72.542, 52933, 5177.87
72.543, 52933.5, 5177.5
72.544, 52933.9, 5177.13
72.545, 52934.4, 5176.76
72.546, 52934.9, 5176.39
72.547, 52935.3, 5176.02
72.548, 52935.8, 5175.65
72.549, 52936.3, 5175.28
72.55, 52936.7, 5174.91
72.551, 52937.2, 5174.54
72.552, 52937.7, 5174.17
72.553, 52938.1, 5173.8
72.554, 52938.6, 5173.43
72.555, 52939.1, 5173.06
72.556, 52939.6, 5172.69
72.557, 52940, 5172.32
72.558, 52940.5, 5171.95
72.559, 52941, 5171.58
72.56, 52941.4, 5171.21
72.561, 52941.9, 5170.84
72.562, 52942.4, 5170.47
72.563, 52942.8, 5170.1
72.564, 52943.3, 5169.73
72.565, 52943.8, 5169.36
72.566, 52944.2, 5168.99
72.567, 52944.7, 5168.62
72.568, 52945.2, 5168.25
72.569, 52945.7, 5167.88
72.57, 52946.1, 5167.51
72.571, 52946.6, 5167.14
72.572, 52947.1, 5166.77
72.573, 52947.5, 5166.4
72.574, 52948, 5166.03
72.575, 52948.5, 5165.66
72.576, 52948.9, 5165.29
72.577, 52949.4, 5164.92
72.578, 52949.9, 5164.55
72.579, 52950.3, 5164.18
72.58, 52950.8, 5163.81
72.581, 52951.3, 5163.44
72.582, 52951.8, 5163.07
72.583, 52952.2, 5162.7
72.584, 52952.7, 5162.33
72.585, 52953.2, 5161.96
72.586, 52953.6, 5161.59
72.587, 52954.1, 5161.22
72.588, 52954.6, 5160.85
72.589, 52955, 5160.48
72.59, 52955.5, 5160.11
72.591, 52956, 5159.74
72.592, 52956.4, 5159.37
72.593, 52956.9, 5159
72.594, 52957.4, 5158.63
72.595, 52957.8, 5158.26
72.596, 52958.3, 5157.89
72.597, 52958.8, 5157.52
72.598, 52959.3, 5157.14
72.599, 52959.7, 5156.77
72.6, 52960.2, 5156.4
72.601, 52960.7, 5156.03
72.602, 52961.1, 5155.66
72.603, 52961.6, 5155.29
72.604, 52962.1, 5154.92
72.605, 52962.5, 5154.55
72.606, 52963, 5154.18
72.607, 52963.5, 5153.81
72.608, 52963.9, 5153.44
72.609, 52964.4, 5153.07
72.61, 52964.9, 5152.7
72.611, 52965.3, 5152.33
72.612, 52965.8, 5151.96
72.613, 52966.3, 5151.59
72.614, 52966.8, 5151.22
72.615, 52967.2, 5150.85
72.616, 52967.7, 5150.47
72.617, 52968.2, 5150.1
72.618, 52968.6, 5149.73
72.619, 52969.1, 5149.36
72.62, 52969.6, 5148.99
72.621, 52970, 5148.62
72.622, 52970.5, 5148.25
72.623, 52971, 5147.88
72.624, 52971.4, 5147.51
72.625, 52971.9, 5147.14
72.626, 52972.4, 5146.77
72.627, 52972.8, 5146.4
72.628, 52973.3, 5146.02
72.629, 52973.8, 5145.65
72.63, 52974.3, 5145.28
72.631, 52974.7, 5144.91
72.632, 52975.2, 5144.54
72.633, 52975.7, 5144.17
72.634, 52976.1, 5143.8
72.635, 52976.6, 5143.43
72.636, 52977.1, 5143.06
72.637, 52977.5, 5142.69
72.638, 52978, 5142.31
72.639, 52978.5, 5141.94
72.64, 52978.9, 5141.57
72.641, 52979.4, 5141.2
72.642, 52979.9, 5140.83
72.643, 52980.3, 5140.46
72.644, 52980.8, 5140.09
72.645, 52981.3, 5139.72
72.646, 52981.7, 5139.35
72.647, 52982.2, 5138.97
72.648, 52982.7, 5138.6
72.649, 52983.2, 5138.23
72.65, 52983.6, 5137.86
72.651, 52984.1, 5137.49
72.652, 52984.6, 5137.12
72.653, 52985, 5136.75
72.654, 52985.5, 5136.38
72.655, 52986, 5136
72.656, 52986.4, 5135.63
72.657, 52986.9, 5135.26
72.658, 52987.4, 5134.89
72.659, 52987.8, 5134.52
72.66, 52988.3, 5134.15
72.661, 52988.8, 5133.78
72.662, 52989.2, 5133.41
72.663, 52989.7, 5133.03
72.664, 52990.2, 5132.66
72.665, 52990.6, 5132.29
72.666, 52991.1, 5131.92
72.667, 52991.6, 5131.55
72.668, 52992.1, 5131.18
72.669, 52992.5, 5130.8
72.67, 52993, 5130.43
72.671, 52993.5, 5130.06
72.672, 52993.9, 5129.69
72.673, 52994.4, 5129.32
72.674, 52994.9, 5128.95
72.675, 52995.3, 5128.58
72.676, 52995.8, 5128.2
72.677, 52996.3, 5127.83
72.678, 52996.7, 5127.46
72.679, 52997.2, 5127.09
72.68, 52997.7, 5126.72
72.681, 52998.1, 5126.35
72.682, 52998.6, 5125.97
72.683, 52999.1, 5125.6
72.684, 52999.5, 5125.23
72.685, 53000, 5124.86
72.686, 53000.5, 5124.49
72.687, 53001, 5124.11
72.688, 53001.4, 5123.74
72.689, 53001.9, 5123.37
72.69, 53002.4, 5123
72.691, 53002.8, 5122.63
72.692, 53003.3, 5122.26
72.693, 53003.8, 5121.88
72.694, 53004.2, 5121.51
72.695, 53004.7, 5121.14
72.696, 53005.2, 5120.77
72.697, 53005.6, 5120.4
72.698, 53006.1, 5120.02
72.699, 53006.6, 5119.65
72.7, 53007, 5119.28
72.701, 53007.5, 5118.91
72.702, 53008, 5118.54
72.703, 53008.4, 5118.16
72.704, 53008.9, 5117.79
72.705, 53009.4, 5117.42
72.706, 53009.8, 5117.05
72.707, 53010.3, 5116.68
72.708, 53010.8, 5116.3
72.709, 53011.3, 5115.93
72.71, 53011.7, 5115.56
72.711, 53012.2, 5115.19
72.712, 53012.7, 5114.81
72.713, 53013.1, 5114.44
72.714, 53013.6, 5114.07
72.715, 53014.1, 5113.7
72.716, 53014.5, 5113.33
72.717, 53015, 5112.95
72.718, 53015.5, 5112.58
72.719, 53015.9, 5112.21
72.72, 53016.4, 5111.84
72.721, 53016.9, 5111.46
72.722, 53017.3, 5111.09
72.723, 53017.8, 5110.72
72.724, 53018.3, 5110.35
72.725, 53018.7, 5109.97
72.726, 53019.2, 5109.6
72.727, 53019.7, 5109.23
72.728, 53020.1, 5108.86
72.729, 53020.6, 5108.48
72.73, 53021.1, 5108.11
72.731, 53021.5, 5107.74
72.732, 53022, 5107.37
72.733, 53022.5, 5107
72.734, 53022.9, 5106.62
72.735, 53023.4, 5106.25
72.736, 53023.9, 5105.88
72.737, 53024.4, 5105.5
72.738, 53024.8, 5105.13
72.739, 53025.3, 5104.76
72.74, 53025.8, 5104.39
72.741, 53026.2, 5104.01
72.742, 53026.7, 5103.64
72.743, 53027.2, 5103.27
72.744, 53027.6, 5102.9
72.745, 53028.1, 5102.52
72.746, 53028.6, 5102.15
72.747, 53029, 5101.78
72.748, 53029.5, 5101.41
72.749, 53030, 5101.03
72.75, 53030.4, 5100.66
72.751, 53030.9, 5100.29
72.752, 53031.4, 5099.91
72.753, 53031.8, 5099.54
72.754, 53032.3, 5099.17
72.755, 53032.8, 5098.8
72.756, 53033.2, 5098.42
72.757, 53033.7, 5098.05
72.758, 53034.2, 5097.68
72.759, 53034.6, 5097.3
72.76, 53035.1, 5096.93
72.761, 53035.6, 5096.56
72.762, 53036, 5096.19
72.763, 53036.5, 5095.81
72.764, 53037, 5095.44
72.765, 53037.4, 5095.07
72.766, 53037.9, 5094.69
72.767, 53038.4, 5094.32
72.768, 53038.9, 5093.95
72.769, 53039.3, 5093.57
72.77, 53039.8, 5093.2
72.771, 53040.3, 5092.83
72.772, 53040.7, 5092.46
72.773, 53041.2, 5092.08
72.774, 53041.7, 5091.71
72.775, 53042.1, 5091.34
72.776, 53042.6, 5090.96
72.777, 53043.1, 5090.59
72.778, 53043.5, 5090.22
72.779, 53044, 5089.84
72.78, 53044.5, 5089.47
72.781, 53044.9, 5089.1
72.782, 53045.4, 5088.72
72.783, 53045.9, 5088.35
72.784, 53046.3, 5087.98
72.785, 53046.8, 5087.6
72.786, 53047.3, 5087.23
72.787, 53047.7, 5086.86
72.788, 53048.2, 5086.48
72.789, 53048.7, 5086.11
72.79, 53049.1, 5085.74
72.791, 53049.6, 5085.36
72.792, 53050.1, 5084.99
72.793, 53050.5, 5084.62
72.794, 53051, 5084.24
72.795, 53051.5, 5083.87
72.796, 53051.9, 5083.5
72.797, 53052.4, 5083.12
72.798, 53052.9, 5082.75
72.799, 53053.3, 5082.38
72.8, 53053.8, 5082
72.801, 53054.3, 5081.63
72.802, 53054.7, 5081.25
72.803, 53055.2, 5080.88
72.804, 53055.7, 5080.51
72.805, 53056.2, 5080.13
72.806, 53056.6, 5079.76
72.807, 53057.1, 5079.39
72.808, 53057.6, 5079.01
72.809, 53058, 5078.64
72.81, 53058.5, 5078.27
72.811, 53059, 5077.89
72.812, 53059.4, 5077.52
72.813, 53059.9, 5077.14
72.814, 53060.4, 5076.77
72.815, 53060.8, 5076.4
72.816, 53061.3, 5076.02
72.817, 53061.8, 5075.65
72.818, 53062.2, 5075.28
72.819, 53062.7, 5074.9
72.82, 53063.2, 5074.53
72.821, 53063.6, 5074.15
72.822, 53064.1, 5073.78
72.823, 53064.6, 5073.41
72.824, 53065, 5073.03
72.825, 53065.5, 5072.66
72.826, 53066, 5072.28
72.827, 53066.4, 5071.91
72.828, 53066.9, 5071.54
72.829, 53067.4, 5071.16
72.83, 53067.8, 5070.79
72.831, 53068.3, 5070.41
72.832, 53068.8, 5070.04
72.833, 53069.2, 5069.67
72.834, 53069.7, 5069.29
72.835, 53070.2, 5068.92
72.836, 53070.6, 5068.54
72.837, 53071.1, 5068.17
72.838, 53071.6, 5067.8
72.839, 53072, 5067.42
72.84, 53072.5, 5067.05
72.841, 53073, 5066.67
72.842, 53073.4, 5066.3
72.843, 53073.9, 5065.92
72.844, 53074.4, 5065.55
72.845, 53074.8, 5065.18
72.846, 53075.3, 5064.8
72.847, 53075.8, 5064.43
72.848, 53076.2, 5064.05
72.849, 53076.7, 5063.68
72.85, 53077.2, 5063.3
72.851, 53077.6, 5062.93
72.852, 53078.1, 5062.56
72.853, 53078.6, 5062.18
72.854, 53079, 5061.81
72.855, 53079.5, 5061.43
72.856, 53080, 5061.06
72.857, 53080.4, 5060.68
72.858, 53080.9, 5060.31
72.859, 53081.4, 5059.94
72.86, 53081.8, 5059.56
72.861, 53082.3, 5059.19
72.862, 53082.8, 5058.81
72.863, 53083.2, 5058.44
72.864, 53083.7, 5058.06
72.865, 53084.2, 5057.69
72.866, 53084.6, 5057.31
72.867, 53085.1, 5056.94
72.868, 53085.6, 5056.56
72.869, 53086, 5056.19
72.87, 53086.5, 5055.82
72.871, 53087, 5055.44
72.872, 53087.4, 5055.07
72.873, 53087.9, 5054.69
72.874, 53088.4, 5054.32
72.875, 53088.8, 5053.94
72.876, 53089.3, 5053.57
72.877, 53089.8, 5053.19
72.878, 53090.2, 5052.82
72.879, 53090.7, 5052.44
72.88, 53091.2, 5052.07
72.881, 53091.7, 5051.69
72.882, 53092.1, 5051.32
72.883, 53092.6, 5050.94
72.884, 53093.1, 5050.57
72.885, 53093.5, 5050.19
72.886, 53094, 5049.82
72.887, 53094.5, 5049.44
72.888, 53094.9, 5049.07
72.889, 53095.4, 5048.69
72.89, 53095.9, 5048.32
72.891, 53096.3, 5047.94
72.892, 53096.8, 5047.57
72.893, 53097.3, 5047.19
72.894, 53097.7, 5046.82
72.895, 53098.2, 5046.44
72.896, 53098.7, 5046.07
72.897, 53099.1, 5045.69
72.898, 53099.6, 5045.32
72.899, 53100.1, 5044.94
72.9, 53100.5, 5044.57
72.901, 53101, 5044.19
72.902, 53101.5, 5043.82
72.903, 53101.9, 5043.44
72.904, 53102.4, 5043.07
72.905, 53102.9, 5042.69
72.906, 53103.3, 5042.32
72.907, 53103.8, 5041.94
72.908, 53104.3, 5041.57
72.909, 53104.7, 5041.19
72.91, 53105.2, 5040.82
72.911, 53105.7, 5040.44
72.912, 53106.1, 5040.07
72.913, 53106.6, 5039.69
72.914, 53107.1, 5039.32
72.915, 53107.5, 5038.94
72.916, 53108, 5038.57
72.917, 53108.5, 5038.19
72.918, 53108.9, 5037.81
72.919, 53109.4, 5037.44
72.92, 53109.9, 5037.06
72.921, 53110.3, 5036.69
72.922, 53110.8, 5036.31
72.923, 53111.3, 5035.94
72.924, 53111.7, 5035.56
72.925, 53112.2, 5035.19
72.926, 53112.7, 5034.81
72.927, 53113.1, 5034.44
72.928, 53113.6, 5034.06
72.929, 53114, 5033.68
72.93, 53114.5, 5033.31
72.931, 53115, 5032.93
72.932, 53115.4, 5032.56
72.933, 53115.9, 5032.18
72.934, 53116.4, 5031.81
72.935, 53116.8, 5031.43
72.936, 53117.3, 5031.06
72.937, 53117.8, 5030.68
72.938, 53118.2, 5030.3
72.939, 53118.7, 5029.93
72.94, 53119.2, 5029.55
72.941, 53119.6, 5029.18
72.942, 53120.1, 5028.8
72.943, 53120.6, 5028.43
72.944, 53121, 5028.05
72.945, 53121.5, 5027.67
72.946, 53122, 5027.3
72.947, 53122.4, 5026.92
72.948, 53122.9, 5026.55
72.949, 53123.4, 5026.17
72.95, 53123.8, 5025.79
72.951, 53124.3, 5025.42
72.952, 53124.8, 5025.04
72.953, 53125.2, 5024.67
72.954, 53125.7, 5024.29
72.955, 53126.2, 5023.92
72.956, 53126.6, 5023.54
72.957, 53127.1, 5023.16
72.958, 53127.6, 5022.79
72.959, 53128, 5022.41
72.96, 53128.5, 5022.04
72.961, 53129, 5021.66
72.962, 53129.4, 5021.28
72.963, 53129.9, 5020.91
72.964, 53130.4, 5020.53
72.965, 53130.8, 5020.15
72.966, 53131.3, 5019.78
72.967, 53131.8, 5019.4
72.968, 53132.2, 5019.03
72.969, 53132.7, 5018.65
72.97, 53133.2, 5018.27
72.971, 53133.6, 5017.9
72.972, 53134.1, 5017.52
72.973, 53134.6, 5017.15
72.974, 53135, 5016.77
72.975, 53135.5, 5016.39
72.976, 53136, 5016.02
72.977, 53136.4, 5015.64
72.978, 53136.9, 5015.26
72.979, 53137.4, 5014.89
72.98, 53137.8, 5014.51
72.981, 53138.3, 5014.14
72.982, 53138.8, 5013.76
72.983, 53139.2, 5013.38
72.984, 53139.7, 5013.01
72.985, 53140.2, 5012.63
72.986, 53140.6, 5012.25
72.987, 53141.1, 5011.88
72.988, 53141.6, 5011.5
72.989, 53142, 5011.12
72.99, 53142.5, 5010.75
72.991, 53143, 5010.37
72.992, 53143.4, 5009.99
72.993, 53143.9, 5009.62
72.994, 53144.4, 5009.24
72.995, 53144.8, 5008.86
72.996, 53145.3, 5008.49
72.997, 53145.8, 5008.11
72.998, 53146.2, 5007.73
72.999, 53146.7, 5007.36
73, 53147.2, 5006.98
73.001, 53147.6, 5006.6
73.002, 53148.1, 5006.23
73.003, 53148.6, 5005.85
73.004, 53149, 5005.47
73.005, 53149.5, 5005.1
73.006, 53149.9, 5004.72
73.007, 53150.4, 5004.34
73.008, 53150.9, 5003.97
73.009, 53151.3, 5003.59
73.01, 53151.8, 5003.21
73.011, 53152.3, 5002.84
73.012, 53152.7, 5002.46
73.013, 53153.2, 5002.08
73.014, 53153.7, 5001.71
73.015, 53154.1, 5001.33
73.016, 53154.6, 5000.95
73.017, 53155.1, 5000.58
73.018, 53155.5, 5000.2
73.019, 53156, 4999.82
73.02, 53156.5, 4999.45
73.021, 53156.9, 4999.07
73.022, 53157.4, 4998.69
73.023, 53157.9, 4998.31
73.024, 53158.3, 4997.94
73.025, 53158.8, 4997.56
73.026, 53159.3, 4997.18
73.027, 53159.7, 4996.81
73.028, 53160.2, 4996.43
73.029, 53160.7, 4996.05
73.03, 53161.1, 4995.67
73.031, 53161.6, 4995.3
73.032, 53162.1, 4994.92
73.033, 53162.5, 4994.54
73.034, 53163, 4994.17
73.035, 53163.5, 4993.79
73.036, 53163.9, 4993.41
73.037, 53164.4, 4993.03
73.038, 53164.9, 4992.66
73.039, 53165.3, 4992.28
73.04, 53165.8, 4991.9
73.041, 53166.3, 4991.53
73.042, 53166.7, 4991.15
73.043, 53167.2, 4990.77
73.044, 53167.6, 4990.39
73.045, 53168.1, 4990.02
73.046, 53168.6, 4989.64
73.047, 53169, 4989.26
73.048, 53169.5, 4988.88
73.049, 53170, 4988.51
73.05, 53170.4, 4988.13
73.051, 53170.9, 4987.75
73.052, 53171.4, 4987.37
73.053, 53171.8, 4987
73.054, 53172.3, 4986.62
73.055, 53172.8, 4986.24
73.056, 53173.2, 4985.86
73.057, 53173.7, 4985.49
73.058, 53174.2, 4985.11
73.059, 53174.6, 4984.73
73.06, 53175.1, 4984.35
73.061, 53175.6, 4983.98
73.062, 53176, 4983.6
73.063, 53176.5, 4983.22
73.064, 53177, 4982.84
73.065, 53177.4, 4982.47
73.066, 53177.9, 4982.09
73.067, 53178.4, 4981.71
73.068, 53178.8, 4981.33
73.069, 53179.3, 4980.96
73.07, 53179.8, 4980.58
73.071, 53180.2, 4980.2
73.072, 53180.7, 4979.82
73.073, 53181.2, 4979.44
73.074, 53181.6, 4979.07
73.075, 53182.1, 4978.69
73.076, 53182.5, 4978.31
73.077, 53183, 4977.93
73.078, 53183.5, 4977.56
73.079, 53183.9, 4977.18
73.08, 53184.4, 4976.8
73.081, 53184.9, 4976.42
73.082, 53185.3, 4976.04
73.083, 53185.8, 4975.67
73.084, 53186.3, 4975.29
73.085, 53186.7, 4974.91
73.086, 53187.2, 4974.53
73.087, 53187.7, 4974.15
73.088, 53188.1, 4973.78
73.089, 53188.6, 4973.4
73.09, 53189.1, 4973.02
73.091, 53189.5, 4972.64
73.092, 53190, 4972.26
73.093, 53190.5, 4971.89
73.094, 53190.9, 4971.51
73.095, 53191.4, 4971.13
73.096, 53191.9, 4970.75
73.097, 53192.3, 4970.37
73.098, 53192.8, 4969.99
73.099, 53193.3, 4969.62
73.1, 53193.7, 4969.24
73.101, 53194.2, 4968.86
73.102, 53194.6, 4968.48
73.103, 53195.1, 4968.1
73.104, 53195.6, 4967.73
73.105, 53196, 4967.35
73.106, 53196.5, 4966.97
73.107, 53197, 4966.59
73.108, 53197.4, 4966.21
73.109, 53197.9, 4965.83
73.11, 53198.4, 4965.46
73.111, 53198.8, 4965.08
73.112, 53199.3, 4964.7
73.113, 53199.8, 4964.32
73.114, 53200.2, 4963.94
73.115, 53200.7, 4963.56
73.116, 53201.2, 4963.19
73.117, 53201.6, 4962.81
73.118, 53202.1, 4962.43
73.119, 53202.6, 4962.05
73.12, 53203, 4961.67
73.121, 53203.5, 4961.29
73.122, 53204, 4960.91
73.123, 53204.4, 4960.54
73.124, 53204.9, 4960.16
73.125, 53205.3, 4959.78
73.126, 53205.8, 4959.4
73.127, 53206.3, 4959.02
73.128, 53206.7, 4958.64
73.129, 53207.2, 4958.26
73.13, 53207.7, 4957.89
73.131, 53208.1, 4957.51
73.132, 53208.6, 4957.13
73.133, 53209.1, 4956.75
73.134, 53209.5, 4956.37
73.135, 53210, 4955.99
73.136, 53210.5, 4955.61
73.137, 53210.9, 4955.23
73.138, 53211.4, 4954.86
73.139, 53211.9, 4954.48
73.14, 53212.3, 4954.1
73.141, 53212.8, 4953.72
73.142, 53213.3, 4953.34
73.143, 53213.7, 4952.96
73.144, 53214.2, 4952.58
73.145, 53214.6, 4952.2
73.146, 53215.1, 4951.82
73.147, 53215.6, 4951.45
73.148, 53216, 4951.07
73.149, 53216.5, 4950.69
73.15, 53217, 4950.31
73.151, 53217.4, 4949.93
73.152, 53217.9, 4949.55
73.153, 53218.4, 4949.17
73.154, 53218.8, 4948.79
73.155, 53219.3, 4948.41
73.156, 53219.8, 4948.03
73.157, 53220.2, 4947.66
73.158, 53220.7, 4947.28
73.159, 53221.2, 4946.9
73.16, 53221.6, 4946.52
73.161, 53222.1, 4946.14
73.162, 53222.6, 4945.76
73.163, 53223, 4945.38
73.164, 53223.5, 4945
73.165, 53223.9, 4944.62
73.166, 53224.4, 4944.24
73.167, 53224.9, 4943.86
73.168, 53225.3, 4943.48
73.169, 53225.8, 4943.1
73.17, 53226.3, 4942.73
73.171, 53226.7, 4942.35
73.172, 53227.2, 4941.97
73.173, 53227.7, 4941.59
73.174, 53228.1, 4941.21
73.175, 53228.6, 4940.83
73.176, 53229.1, 4940.45
73.177, 53229.5, 4940.07
73.178, 53230, 4939.69
73.179, 53230.5, 4939.31
73.18, 53230.9, 4938.93
73.181, 53231.4, 4938.55
73.182, 53231.8, 4938.17
73.183, 53232.3, 4937.79
73.184, 53232.8, 4937.41
73.185, 53233.2, 4937.03
73.186, 53233.7, 4936.65
73.187, 53234.2, 4936.28
73.188, 53234.6, 4935.9
73.189, 53235.1, 4935.52
73.19, 53235.6, 4935.14
73.191, 53236, 4934.76
73.192, 53236.5, 4934.38
73.193, 53237, 4934
73.194, 53237.4, 4933.62
73.195, 53237.9, 4933.24
73.196, 53238.4, 4932.86
73.197, 53238.8, 4932.48
73.198, 53239.3, 4932.1
73.199, 53239.7, 4931.72
73.2, 53240.2, 4931.34
73.201, 53240.7, 4930.96
73.202, 53241.1, 4930.58
73.203, 53241.6, 4930.2
73.204, 53242.1, 4929.82
73.205, 53242.5, 4929.44
73.206, 53243, 4929.06
73.207, 53243.5, 4928.68
73.208, 53243.9, 4928.3
73.209, 53244.4, 4927.92
73.21, 53244.9, 4927.54
73.211, 53245.3, 4927.16
73.212, 53245.8, 4926.78
73.213, 53246.2, 4926.4
73.214, 53246.7, 4926.02
73.215, 53247.2, 4925.64
73.216, 53247.6, 4925.26
73.217, 53248.1, 4924.88
73.218, 53248.6, 4924.5
73.219, 53249, 4924.12
73.22, 53249.5, 4923.74
73.221, 53250, 4923.36
73.222, 53250.4, 4922.98
73.223, 53250.9, 4922.6
73.224, 53251.4, 4922.22
73.225, 53251.8, 4921.84
73.226, 53252.3, 4921.46
73.227, 53252.7, 4921.08
73.228, 53253.2, 4920.7
73.229, 53253.7, 4920.32
73.23, 53254.1, 4919.94
73.231, 53254.6, 4919.56
73.232, 53255.1, 4919.18
73.233, 53255.5, 4918.8
73.234, 53256, 4918.42
73.235, 53256.5, 4918.04
73.236, 53256.9, 4917.66
73.237, 53257.4, 4917.28
73.238, 53257.9, 4916.9
73.239, 53258.3, 4916.52
73.24, 53258.8, 4916.14
73.241, 53259.2, 4915.76
73.242, 53259.7, 4915.38
73.243, 53260.2, 4914.99
73.244, 53260.6, 4914.61
73.245, 53261.1, 4914.23
73.246, 53261.6, 4913.85
73.247, 53262, 4913.47
73.248, 53262.5, 4913.09
73.249, 53263, 4912.71
73.25, 53263.4, 4912.33
73.251, 53263.9, 4911.95
73.252, 53264.4, 4911.57
73.253, 53264.8, 4911.19
73.254, 53265.3, 4910.81
73.255, 53265.7, 4910.43
73.256, 53266.2, 4910.05
73.257, 53266.7, 4909.67
73.258, 53267.1, 4909.29
73.259, 53267.6, 4908.91
73.26, 53268.1, 4908.52
73.261, 53268.5, 4908.14
73.262, 53269, 4907.76
73.263, 53269.5, 4907.38
73.264, 53269.9, 4907
73.265, 53270.4, 4906.62
73.266, 53270.9, 4906.24
73.267, 53271.3, 4905.86
73.268, 53271.8, 4905.48
73.269, 53272.2, 4905.1
73.27, 53272.7, 4904.72
73.271, 53273.2, 4904.34
73.272, 53273.6, 4903.96
73.273, 53274.1, 4903.57
73.274, 53274.6, 4903.19
73.275, 53275, 4902.81
73.276, 53275.5, 4902.43
73.277, 53276, 4902.05
73.278, 53276.4, 4901.67
73.279, 53276.9, 4901.29
73.28, 53277.4, 4900.91
73.281, 53277.8, 4900.53
73.282, 53278.3, 4900.15
73.283, 53278.7, 4899.76
73.284, 53279.2, 4899.38
73.285, 53279.7, 4899
73.286, 53280.1, 4898.62
73.287, 53280.6, 4898.24
73.288, 53281.1, 4897.86
73.289, 53281.5, 4897.48
73.29, 53282, 4897.1
73.291, 53282.5, 4896.72
73.292, 53282.9, 4896.33
73.293, 53283.4, 4895.95
73.294, 53283.8, 4895.57
73.295, 53284.3, 4895.19
73.296, 53284.8, 4894.81
73.297, 53285.2, 4894.43
73.298, 53285.7, 4894.05
73.299, 53286.2, 4893.67
73.3, 53286.6, 4893.28
73.301, 53287.1, 4892.9
73.302, 53287.6, 4892.52
73.303, 53288, 4892.14
73.304, 53288.5, 4891.76
73.305, 53288.9, 4891.38
73.306, 53289.4, 4891
73.307, 53289.9, 4890.61
73.308, 53290.3, 4890.23
73.309, 53290.8, 4889.85
73.31, 53291.3, 4889.47
73.311, 53291.7, 4889.09
73.312, 53292.2, 4888.71
73.313, 53292.7, 4888.33
73.314, 53293.1, 4887.94
73.315, 53293.6, 4887.56
73.316, 53294.1, 4887.18
73.317, 53294.5, 4886.8
73.318, 53295, 4886.42
73.319, 53295.4, 4886.04
73.32, 53295.9, 4885.65
73.321, 53296.4, 4885.27
73.322, 53296.8, 4884.89
73.323, 53297.3, 4884.51
73.324, 53297.8, 4884.13
73.325, 53298.2, 4883.75
73.326, 53298.7, 4883.36
73.327, 53299.2, 4882.98
73.328, 53299.6, 4882.6
73.329, 53300.1, 4882.22
73.33, 53300.5, 4881.84
73.331, 53301, 4881.45
73.332, 53301.5, 4881.07
73.333, 53301.9, 4880.69
73.334, 53302.4, 4880.31
73.335, 53302.9, 4879.93
73.336, 53303.3, 4879.55
73.337, 53303.8, 4879.16
73.338, 53304.3, 4878.78
73.339, 53304.7, 4878.4
73.34, 53305.2, 4878.02
73.341, 53305.6, 4877.64
73.342, 53306.1, 4877.25
73.343, 53306.6, 4876.87
73.344, 53307, 4876.49
73.345, 53307.5, 4876.11
73.346, 53308, 4875.73
73.347, 53308.4, 4875.34
73.348, 53308.9, 4874.96
73.349, 53309.3, 4874.58
73.35, 53309.8, 4874.2
73.351, 53310.3, 4873.82
73.352, 53310.7, 4873.43
73.353, 53311.2, 4873.05
73.354, 53311.7, 4872.67
73.355, 53312.1, 4872.29
73.356, 53312.6, 4871.9
73.357, 53313.1, 4871.52
73.358, 53313.5, 4871.14
73.359, 53314, 4870.76
73.36, 53314.4, 4870.38
73.361, 53314.9, 4869.99
73.362, 53315.4, 4869.61
73.363, 53315.8, 4869.23
73.364, 53316.3, 4868.85
73.365, 53316.8, 4868.46
73.366, 53317.2, 4868.08
73.367, 53317.7, 4867.7
73.368, 53318.2, 4867.32
73.369, 53318.6, 4866.93
73.37, 53319.1, 4866.55
73.371, 53319.5, 4866.17
73.372, 53320, 4865.79
73.373, 53320.5, 4865.4
73.374, 53320.9, 4865.02
73.375, 53321.4, 4864.64
73.376, 53321.9, 4864.26
73.377, 53322.3, 4863.87
73.378, 53322.8, 4863.49
73.379, 53323.3, 4863.11
73.38, 53323.7, 4862.73
73.381, 53324.2, 4862.34
73.382, 53324.6, 4861.96
73.383, 53325.1, 4861.58
73.384, 53325.6, 4861.2
73.385, 53326, 4860.81
73.386, 53326.5, 4860.43
73.387, 53327, 4860.05
73.388, 53327.4, 4859.67
73.389, 53327.9, 4859.28
73.39, 53328.3, 4858.9
73.391, 53328.8, 4858.52
73.392, 53329.3, 4858.13
73.393, 53329.7, 4857.75
73.394, 53330.2, 4857.37
73.395, 53330.7, 4856.99
73.396, 53331.1, 4856.6
73.397, 53331.6, 4856.22
73.398, 53332.1, 4855.84
73.399, 53332.5, 4855.45
73.4, 53333, 4855.07
73.401, 53333.4, 4854.69
73.402, 53333.9, 4854.31
73.403, 53334.4, 4853.92
73.404, 53334.8, 4853.54
73.405, 53335.3, 4853.16
73.406, 53335.8, 4852.77
73.407, 53336.2, 4852.39
73.408, 53336.7, 4852.01
73.409, 53337.1, 4851.62
73.41, 53337.6, 4851.24
73.411, 53338.1, 4850.86
73.412, 53338.5, 4850.48
73.413, 53339, 4850.09
73.414, 53339.5, 4849.71
73.415, 53339.9, 4849.33
73.416, 53340.4, 4848.94
73.417, 53340.9, 4848.56
73.418, 53341.3, 4848.18
73.419, 53341.8, 4847.79
73.42, 53342.2, 4847.41
73.421, 53342.7, 4847.03
73.422, 53343.2, 4846.64
73.423, 53343.6, 4846.26
73.424, 53344.1, 4845.88
73.425, 53344.6, 4845.49
73.426, 53345, 4845.11
73.427, 53345.5, 4844.73
73.428, 53345.9, 4844.34
73.429, 53346.4, 4843.96
73.43, 53346.9, 4843.58
73.431, 53347.3, 4843.19
73.432, 53347.8, 4842.81
73.433, 53348.3, 4842.43
73.434, 53348.7, 4842.04
73.435, 53349.2, 4841.66
73.436, 53349.6, 4841.28
73.437, 53350.1, 4840.89
73.438, 53350.6, 4840.51
73.439, 53351, 4840.13
73.44, 53351.5, 4839.74
73.441, 53352, 4839.36
73.442, 53352.4, 4838.98
73.443, 53352.9, 4838.59
73.444, 53353.3, 4838.21
73.445, 53353.8, 4837.82
73.446, 53354.3, 4837.44
73.447, 53354.7, 4837.06
73.448, 53355.2, 4836.67
73.449, 53355.7, 4836.29
73.45, 53356.1, 4835.91
73.451, 53356.6, 4835.52
73.452, 53357.1, 4835.14
73.453, 53357.5, 4834.76
73.454, 53358, 4834.37
73.455, 53358.4, 4833.99
73.456, 53358.9, 4833.6
73.457, 53359.4, 4833.22
73.458, 53359.8, 4832.84
73.459, 53360.3, 4832.45
73.46, 53360.8, 4832.07
73.461, 53361.2, 4831.68
73.462, 53361.7, 4831.3
73.463, 53362.1, 4830.92
73.464, 53362.6, 4830.53
73.465, 53363.1, 4830.15
73.466, 53363.5, 4829.76
73.467, 53364, 4829.38
73.468, 53364.5, 4829
73.469, 53364.9, 4828.61
73.47, 53365.4, 4828.23
73.471, 53365.8, 4827.85
73.472, 53366.3, 4827.46
73.473, 53366.8, 4827.08
73.474, 53367.2, 4826.69
73.475, 53367.7, 4826.31
73.476, 53368.2, 4825.92
73.477, 53368.6, 4825.54
73.478, 53369.1, 4825.16
73.479, 53369.5, 4824.77
73.48, 53370, 4824.39
73.481, 53370.5, 4824
73.482, 53370.9, 4823.62
73.483, 53371.4, 4823.24
73.484, 53371.9, 4822.85
73.485, 53372.3, 4822.47
73.486, 53372.8, 4822.08
73.487, 53373.2, 4821.7
73.488, 53373.7, 4821.31
73.489, 53374.2, 4820.93
73.49, 53374.6, 4820.55
73.491, 53375.1, 4820.16
73.492, 53375.6, 4819.78
73.493, 53376, 4819.39
73.494, 53376.5, 4819.01
73.495, 53376.9, 4818.62
73.496, 53377.4, 4818.24
73.497, 53377.9, 4817.85
73.498, 53378.3, 4817.47
73.499, 53378.8, 4817.09
73.5, 53379.3, 4816.7
73.501, 53379.7, 4816.32
73.502, 53380.2, 4815.93
73.503, 53380.6, 4815.55
73.504, 53381.1, 4815.16
73.505, 53381.6, 4814.78
73.506, 53382, 4814.39
73.507, 53382.5, 4814.01
73.508, 53383, 4813.63
73.509, 53383.4, 4813.24
73.51, 53383.9, 4812.86
73.511, 53384.3, 4812.47
73.512, 53384.8, 4812.09
73.513, 53385.3, 4811.7
73.514, 53385.7, 4811.32
73.515, 53386.2, 4810.93
73.516, 53386.7, 4810.55
73.517, 53387.1, 4810.16
73.518, 53387.6, 4809.78
73.519, 53388, 4809.39
73.52, 53388.5, 4809.01
73.521, 53389, 4808.62
73.522, 53389.4, 4808.24
73.523, 53389.9, 4807.85
73.524, 53390.4, 4807.47
73.525, 53390.8, 4807.08
73.526, 53391.3, 4806.7
73.527, 53391.7, 4806.31
73.528, 53392.2, 4805.93
73.529, 53392.7, 4805.54
73.53, 53393.1, 4805.16
73.531, 53393.6, 4804.77
73.532, 53394, 4804.39
73.533, 53394.5, 4804
73.534, 53395, 4803.62
73.535, 53395.4, 4803.23
73.536, 53395.9, 4802.85
73.537, 53396.4, 4802.46
73.538, 53396.8, 4802.08
73.539, 53397.3, 4801.69
73.54, 53397.7, 4801.31
73.541, 53398.2, 4800.92
73.542, 53398.7, 4800.54
73.543, 53399.1, 4800.15
73.544, 53399.6, 4799.77
73.545, 53400.1, 4799.38
73.546, 53400.5, 4799
73.547, 53401, 4798.61
73.548, 53401.4, 4798.23
73.549, 53401.9, 4797.84
73.55, 53402.4, 4797.46
73.551, 53402.8, 4797.07
73.552, 53403.3, 4796.69
73.553, 53403.8, 4796.3
73.554, 53404.2, 4795.92
73.555, 53404.7, 4795.53
73.556, 53405.1, 4795.15
73.557, 53405.6, 4794.76
73.558, 53406.1, 4794.37
73.559, 53406.5, 4793.99
73.56, 53407, 4793.6
73.561, 53407.4, 4793.22
73.562, 53407.9, 4792.83
73.563, 53408.4, 4792.45
73.564, 53408.8, 4792.06
73.565, 53409.3, 4791.68
73.566, 53409.8, 4791.29
73.567, 53410.2, 4790.91
73.568, 53410.7, 4790.52
73.569, 53411.1, 4790.13
73.57, 53411.6, 4789.75
73.571, 53412.1, 4789.36
73.572, 53412.5, 4788.98
73.573, 53413, 4788.59
73.574, 53413.5, 4788.21
73.575, 53413.9, 4787.82
73.576, 53414.4, 4787.43
73.577, 53414.8, 4787.05
73.578, 53415.3, 4786.66
73.579, 53415.8, 4786.28
73.58, 53416.2, 4785.89
73.581, 53416.7, 4785.51
73.582, 53417.1, 4785.12
73.583, 53417.6, 4784.73
73.584, 53418.1, 4784.35
73.585, 53418.5, 4783.96
73.586, 53419, 4783.58
73.587, 53419.5, 4783.19
73.588, 53419.9, 4782.81
73.589, 53420.4, 4782.42
73.59, 53420.8, 4782.03
73.591, 53421.3, 4781.65
73.592, 53421.8, 4781.26
73.593, 53422.2, 4780.88
73.594, 53422.7, 4780.49
73.595, 53423.2, 4780.1
73.596, 53423.6, 4779.72
73.597, 53424.1, 4779.33
73.598, 53424.5, 4778.95
73.599, 53425, 4778.56
73.6, 53425.5, 4778.17
73.601, 53425.9, 4777.79
73.602, 53426.4, 4777.4
73.603, 53426.8, 4777.02
73.604, 53427.3, 4776.63
73.605, 53427.8, 4776.24
73.606, 53428.2, 4775.86
73.607, 53428.7, 4775.47
73.608, 53429.2, 4775.08
73.609, 53429.6, 4774.7
73.61, 53430.1, 4774.31
73.611, 53430.5, 4773.93
73.612, 53431, 4773.54
73.613, 53431.5, 4773.15
73.614, 53431.9, 4772.77
73.615, 53432.4, 4772.38
73.616, 53432.8, 4771.99
73.617, 53433.3, 4771.61
73.618, 53433.8, 4771.22
73.619, 53434.2, 4770.84
73.62, 53434.7, 4770.45
73.621, 53435.2, 4770.06
73.622, 53435.6, 4769.68
73.623, 53436.1, 4769.29
73.624, 53436.5, 4768.9
73.625, 53437, 4768.52
73.626, 53437.5, 4768.13
73.627, 53437.9, 4767.74
73.628, 53438.4, 4767.36
73.629, 53438.8, 4766.97
73.63, 53439.3, 4766.58
73.631, 53439.8, 4766.2
73.632, 53440.2, 4765.81
73.633, 53440.7, 4765.42
73.634, 53441.2, 4765.04
73.635, 53441.6, 4764.65
73.636, 53442.1, 4764.26
73.637, 53442.5, 4763.88
73.638, 53443, 4763.49
73.639, 53443.5, 4763.1
73.64, 53443.9, 4762.72
73.641, 53444.4, 4762.33
73.642, 53444.8, 4761.94
73.643, 53445.3, 4761.56
73.644, 53445.8, 4761.17
73.645, 53446.2, 4760.78
73.646, 53446.7, 4760.4
73.647, 53447.2, 4760.01
73.648, 53447.6, 4759.62
73.649, 53448.1, 4759.24
73.65, 53448.5, 4758.85
73.651, 53449, 4758.46
73.652, 53449.5, 4758.08
73.653, 53449.9, 4757.69
73.654, 53450.4, 4757.3
73.655, 53450.8, 4756.92
73.656, 53451.3, 4756.53
73.657, 53451.8, 4756.14
73.658, 53452.2, 4755.75
73.659, 53452.7, 4755.37
73.66, 53453.1, 4754.98
73.661, 53453.6, 4754.59
73.662, 53454.1, 4754.21
73.663, 53454.5, 4753.82
73.664, 53455, 4753.43
73.665, 53455.5, 4753.05
73.666, 53455.9, 4752.66
73.667, 53456.4, 4752.27
73.668, 53456.8, 4751.88
73.669, 53457.3, 4751.5
73.67, 53457.8, 4751.11
73.671, 53458.2, 4750.72
73.672, 53458.7, 4750.33
73.673, 53459.1, 4749.95
73.674, 53459.6, 4749.56
73.675, 53460.1, 4749.17
73.676, 53460.5, 4748.79
73.677, 53461, 4748.4
73.678, 53461.5, 4748.01
73.679, 53461.9, 4747.62
73.68, 53462.4, 4747.24
73.681, 53462.8, 4746.85
73.682, 53463.3, 4746.46
73.683, 53463.8, 4746.07
73.684, 53464.2, 4745.69
73.685, 53464.7, 4745.3
73.686, 53465.1, 4744.91
73.687, 53465.6, 4744.52
73.688, 53466.1, 4744.14
73.689, 53466.5, 4743.75
73.69, 53467, 4743.36
73.691, 53467.4, 4742.97
73.692, 53467.9, 4742.59
73.693, 53468.4, 4742.2
73.694, 53468.8, 4741.81
73.695, 53469.3, 4741.42
73.696, 53469.7, 4741.04
73.697, 53470.2, 4740.65
73.698, 53470.7, 4740.26
73.699, 53471.1, 4739.87
73.7, 53471.6, 4739.49
73.701, 53472.1, 4739.1
73.702, 53472.5, 4738.71
73.703, 53473, 4738.32
73.704, 53473.4, 4737.94
73.705, 53473.9, 4737.55
73.706, 53474.4, 4737.16
73.707, 53474.8, 4736.77
73.708, 53475.3, 4736.38
73.709, 53475.7, 4736
73.71, 53476.2, 4735.61
73.711, 53476.7, 4735.22
73.712, 53477.1, 4734.83
73.713, 53477.6, 4734.45
73.714, 53478, 4734.06
73.715, 53478.5, 4733.67
73.716, 53479, 4733.28
73.717, 53479.4, 4732.89
73.718, 53479.9, 4732.51
73.719, 53480.4, 4732.12
73.72, 53480.8, 4731.73
73.721, 53481.3, 4731.34
73.722, 53481.7, 4730.95
73.723, 53482.2, 4730.57
73.724, 53482.7, 4730.18
73.725, 53483.1, 4729.79
73.726, 53483.6, 4729.4
73.727, 53484, 4729.01
73.728, 53484.5, 4728.63
73.729, 53485, 4728.24
73.73, 53485.4, 4727.85
73.731, 53485.9, 4727.46
73.732, 53486.3, 4727.07
73.733, 53486.8, 4726.69
73.734, 53487.3, 4726.3
73.735, 53487.7, 4725.91
73.736, 53488.2, 4725.52
73.737, 53488.6, 4725.13
73.738, 53489.1, 4724.74
73.739, 53489.6, 4724.36
73.74, 53490, 4723.97
73.741, 53490.5, 4723.58
73.742, 53490.9, 4723.19
73.743, 53491.4, 4722.8
73.744, 53491.9, 4722.41
73.745, 53492.3, 4722.03
73.746, 53492.8, 4721.64
73.747, 53493.3, 4721.25
73.748, 53493.7, 4720.86
73.749, 53494.2, 4720.47
73.75, 53494.6, 4720.08
73.751, 53495.1, 4719.7
73.752, 53495.6, 4719.31
73.753, 53496, 4718.92
73.754, 53496.5, 4718.53
73.755, 53496.9, 4718.14
73.756, 53497.4, 4717.75
73.757, 53497.9, 4717.36
73.758, 53498.3, 4716.98
73.759, 53498.8, 4716.59
73.76, 53499.2, 4716.2
73.761, 53499.7, 4715.81
73.762, 53500.2, 4715.42
73.763, 53500.6, 4715.03
73.764, 53501.1, 4714.64
73.765, 53501.5, 4714.25
73.766, 53502, 4713.87
73.767, 53502.5, 4713.48
73.768, 53502.9, 4713.09
73.769, 53503.4, 4712.7
73.77, 53503.8, 4712.31
73.771, 53504.3, 4711.92
73.772, 53504.8, 4711.53
73.773, 53505.2, 4711.14
73.774, 53505.7, 4710.76
73.775, 53506.1, 4710.37
73.776, 53506.6, 4709.98
73.777, 53507.1, 4709.59
73.778, 53507.5, 4709.2
73.779, 53508, 4708.81
73.78, 53508.4, 4708.42
73.781, 53508.9, 4708.03
73.782, 53509.4, 4707.64
73.783, 53509.8, 4707.26
73.784, 53510.3, 4706.87
73.785, 53510.7, 4706.48
73.786, 53511.2, 4706.09
73.787, 53511.7, 4705.7
73.788, 53512.1, 4705.31
73.789, 53512.6, 4704.92
73.79, 53513.1, 4704.53
73.791, 53513.5, 4704.14
73.792, 53514, 4703.75
73.793, 53514.4, 4703.37
73.794, 53514.9, 4702.98
73.795, 53515.4, 4702.59
73.796, 53515.8, 4702.2
73.797, 53516.3, 4701.81
73.798, 53516.7, 4701.42
73.799, 53517.2, 4701.03
73.8, 53517.7, 4700.64
73.801, 53518.1, 4700.25
73.802, 53518.6, 4699.86
73.803, 53519, 4699.47
73.804, 53519.5, 4699.08
73.805, 53520, 4698.69
73.806, 53520.4, 4698.3
73.807, 53520.9, 4697.92
73.808, 53521.3, 4697.53
73.809, 53521.8, 4697.14
73.81, 53522.3, 4696.75
73.811, 53522.7, 4696.36
73.812, 53523.2, 4695.97
73.813, 53523.6, 4695.58
73.814, 53524.1, 4695.19
73.815, 53524.6, 4694.8
73.816, 53525, 4694.41
73.817, 53525.5, 4694.02
73.818, 53525.9, 4693.63
73.819, 53526.4, 4693.24
73.82, 53526.9, 4692.85
73.821, 53527.3, 4692.46
73.822, 53527.8, 4692.07
73.823, 53528.2, 4691.68
73.824, 53528.7, 4691.29
73.825, 53529.2, 4690.9
73.826, 53529.6, 4690.51
73.827, 53530.1, 4690.12
73.828, 53530.5, 4689.74
73.829, 53531, 4689.35
73.83, 53531.5, 4688.96
73.831, 53531.9, 4688.57
73.832, 53532.4, 4688.18
73.833, 53532.8, 4687.79
73.834, 53533.3, 4687.4
73.835, 53533.8, 4687.01
73.836, 53534.2, 4686.62
73.837, 53534.7, 4686.23
73.838, 53535.1, 4685.84
73.839, 53535.6, 4685.45
73.84, 53536.1, 4685.06
73.841, 53536.5, 4684.67
73.842, 53537, 4684.28
73.843, 53537.4, 4683.89
73.844, 53537.9, 4683.5
73.845, 53538.4, 4683.11
73.846, 53538.8, 4682.72
73.847, 53539.3, 4682.33
73.848, 53539.7, 4681.94
73.849, 53540.2, 4681.55
73.85, 53540.7, 4681.16
73.851, 53541.1, 4680.77
73.852, 53541.6, 4680.38
73.853, 53542, 4679.99
73.854, 53542.5, 4679.6
73.855, 53543, 4679.21
73.856, 53543.4, 4678.82
73.857, 53543.9, 4678.43
73.858, 53544.3, 4678.04
73.859, 53544.8, 4677.65
73.86, 53545.3, 4677.26
73.861, 53545.7, 4676.87
73.862, 53546.2, 4676.48
73.863, 53546.6, 4676.09
73.864, 53547.1, 4675.7
73.865, 53547.6, 4675.31
73.866, 53548, 4674.91
73.867, 53548.5, 4674.52
73.868, 53548.9, 4674.13
73.869, 53549.4, 4673.74
73.87, 53549.9, 4673.35
73.871, 53550.3, 4672.96
73.872, 53550.8, 4672.57
73.873, 53551.2, 4672.18
73.874, 53551.7, 4671.79
73.875, 53552.2, 4671.4
73.876, 53552.6, 4671.01
73.877, 53553.1, 4670.62
73.878, 53553.5, 4670.23
73.879, 53554, 4669.84
73.88, 53554.4, 4669.45
73.881, 53554.9, 4669.06
73.882, 53555.4, 4668.67
73.883, 53555.8, 4668.28
73.884, 53556.3, 4667.89
73.885, 53556.7, 4667.5
73.886, 53557.2, 4667.11
73.887, 53557.7, 4666.71
73.888, 53558.1, 4666.32
73.889, 53558.6, 4665.93
73.89, 53559, 4665.54
73.891, 53559.5, 4665.15
73.892, 53560, 4664.76
73.893, 53560.4, 4664.37
73.894, 53560.9, 4663.98
73.895, 53561.3, 4663.59
73.896, 53561.8, 4663.2
73.897, 53562.3, 4662.81
73.898, 53562.7, 4662.42
73.899, 53563.2, 4662.03
73.9, 53563.6, 4661.64
73.901, 53564.1, 4661.24
73.902, 53564.6, 4660.85
73.903, 53565, 4660.46
73.904, 53565.5, 4660.07
73.905, 53565.9, 4659.68
73.906, 53566.4, 4659.29
73.907, 53566.9, 4658.9
73.908, 53567.3, 4658.51
73.909, 53567.8, 4658.12
73.91, 53568.2, 4657.73
73.911, 53568.7, 4657.33
73.912, 53569.2, 4656.94
73.913, 53569.6, 4656.55
73.914, 53570.1, 4656.16
73.915, 53570.5, 4655.77
73.916, 53571, 4655.38
73.917, 53571.5, 4654.99
73.918, 53571.9, 4654.6
73.919, 53572.4, 4654.21
73.92, 53572.8, 4653.81
73.921, 53573.3, 4653.42
73.922, 53573.7, 4653.03
73.923, 53574.2, 4652.64
73.924, 53574.7, 4652.25
73.925, 53575.1, 4651.86
73.926, 53575.6, 4651.47
73.927, 53576, 4651.08
73.928, 53576.5, 4650.68
73.929, 53577, 4650.29
73.93, 53577.4, 4649.9
73.931, 53577.9, 4649.51
73.932, 53578.3, 4649.12
73.933, 53578.8, 4648.73
73.934, 53579.3, 4648.34
73.935, 53579.7, 4647.95
73.936, 53580.2, 4647.55
73.937, 53580.6, 4647.16
73.938, 53581.1, 4646.77
73.939, 53581.6, 4646.38
73.94, 53582, 4645.99
73.941, 53582.5, 4645.6
73.942, 53582.9, 4645.2
73.943, 53583.4, 4644.81
73.944, 53583.9, 4644.42
73.945, 53584.3, 4644.03
73.946, 53584.8, 4643.64
73.947, 53585.2, 4643.25
73.948, 53585.7, 4642.86
73.949, 53586.1, 4642.46
73.95, 53586.6, 4642.07
73.951, 53587.1, 4641.68
73.952, 53587.5, 4641.29
73.953, 53588, 4640.9
73.954, 53588.4, 4640.51
73.955, 53588.9, 4640.11
73.956, 53589.4, 4639.72
73.957, 53589.8, 4639.33
73.958, 53590.3, 4638.94
73.959, 53590.7, 4638.55
73.96, 53591.2, 4638.15
73.961, 53591.7, 4637.76
73.962, 53592.1, 4637.37
73.963, 53592.6, 4636.98
73.964, 53593, 4636.59
73.965, 53593.5, 4636.2
73.966, 53594, 4635.8
73.967, 53594.4, 4635.41
73.968, 53594.9, 4635.02
73.969, 53595.3, 4634.63
73.97, 53595.8, 4634.24
73.971, 53596.2, 4633.84
73.972, 53596.7, 4633.45
73.973, 53597.2, 4633.06
73.974, 53597.6, 4632.67
73.975, 53598.1, 4632.28
73.976, 53598.5, 4631.88
73.977, 53599, 4631.49
73.978, 53599.5, 4631.1
73.979, 53599.9, 4630.71
73.98, 53600.4, 4630.32
73.981, 53600.8, 4629.92
73.982, 53601.3, 4629.53
73.983, 53601.8, 4629.14
73.984, 53602.2, 4628.75
73.985, 53602.7, 4628.35
73.986, 53603.1, 4627.96
73.987, 53603.6, 4627.57
73.988, 53604, 4627.18
73.989, 53604.5, 4626.79
73.99, 53605, 4626.39
73.991, 53605.4, 4626
73.992, 53605.9, 4625.61
73.993, 53606.3, 4625.22
73.994, 53606.8, 4624.82
73.995, 53607.3, 4624.43
73.996, 53607.7, 4624.04
73.997, 53608.2, 4623.65
73.998, 53608.6, 4623.25
73.999, 53609.1, 4622.86
74, 53609.6, 4622.47
74.001, 53610, 4622.08
74.002, 53610.5, 4621.68
74.003, 53610.9, 4621.29
74.004, 53611.4, 4620.9
74.005, 53611.8, 4620.51
74.006, 53612.3, 4620.11
74.007, 53612.8, 4619.72
74.008, 53613.2, 4619.33
74.009, 53613.7, 4618.94
74.01, 53614.1, 4618.54
74.011, 53614.6, 4618.15
74.012, 53615.1, 4617.76
74.013, 53615.5, 4617.37
74.014, 53616, 4616.97
74.015, 53616.4, 4616.58
74.016, 53616.9, 4616.19
74.017, 53617.4, 4615.79
74.018, 53617.8, 4615.4
74.019, 53618.3, 4615.01
74.02, 53618.7, 4614.62
74.021, 53619.2, 4614.22
74.022, 53619.6, 4613.83
74.023, 53620.1, 4613.44
74.024, 53620.6, 4613.05
74.025, 53621, 4612.65
74.026, 53621.5, 4612.26
74.027, 53621.9, 4611.87
74.028, 53622.4, 4611.47
74.029, 53622.9, 4611.08
74.03, 53623.3, 4610.69
74.031, 53623.8, 4610.3
74.032, 53624.2, 4609.9
74.033, 53624.7, 4609.51
74.034, 53625.1, 4609.12
74.035, 53625.6, 4608.72
74.036, 53626.1, 4608.33
74.037, 53626.5, 4607.94
74.038, 53627, 4607.54
74.039, 53627.4, 4607.15
74.04, 53627.9, 4606.76
74.041, 53628.4, 4606.36
74.042, 53628.8, 4605.97
74.043, 53629.3, 4605.58
74.044, 53629.7, 4605.19
74.045, 53630.2, 4604.79
74.046, 53630.6, 4604.4
74.047, 53631.1, 4604.01
74.048, 53631.6, 4603.61
74.049, 53632, 4603.22
74.05, 53632.5, 4602.83
74.051, 53632.9, 4602.43
74.052, 53633.4, 4602.04
74.053, 53633.9, 4601.65
74.054, 53634.3, 4601.25
74.055, 53634.8, 4600.86
74.056, 53635.2, 4600.47
74.057, 53635.7, 4600.07
74.058, 53636.2, 4599.68
74.059, 53636.6, 4599.29
74.06, 53637.1, 4598.89
74.061, 53637.5, 4598.5
74.062, 53638, 4598.11
74.063, 53638.4, 4597.71
74.064, 53638.9, 4597.32
74.065, 53639.4, 4596.93
74.066, 53639.8, 4596.53
74.067, 53640.3, 4596.14
74.068, 53640.7, 4595.74
74.069, 53641.2, 4595.35
74.07, 53641.6, 4594.96
74.071, 53642.1, 4594.56
74.072, 53642.6, 4594.17
74.073, 53643, 4593.78
74.074, 53643.5, 4593.38
74.075, 53643.9, 4592.99
74.076, 53644.4, 4592.6
74.077, 53644.9, 4592.2
74.078, 53645.3, 4591.81
74.079, 53645.8, 4591.41
74.08, 53646.2, 4591.02
74.081, 53646.7, 4590.63
74.082, 53647.1, 4590.23
74.083, 53647.6, 4589.84
74.084, 53648.1, 4589.45
74.085, 53648.5, 4589.05
74.086, 53649, 4588.66
74.087, 53649.4, 4588.26
74.088, 53649.9, 4587.87
74.089, 53650.4, 4587.48
74.09, 53650.8, 4587.08
74.091, 53651.3, 4586.69
74.092, 53651.7, 4586.29
74.093, 53652.2, 4585.9
74.094, 53652.6, 4585.51
74.095, 53653.1, 4585.11
74.096, 53653.6, 4584.72
74.097, 53654, 4584.32
74.098, 53654.5, 4583.93
74.099, 53654.9, 4583.54
74.1, 53655.4, 4583.14
74.101, 53655.9, 4582.75
74.102, 53656.3, 4582.35
74.103, 53656.8, 4581.96
74.104, 53657.2, 4581.57
74.105, 53657.7, 4581.17
74.106, 53658.1, 4580.78
74.107, 53658.6, 4580.38
74.108, 53659.1, 4579.99
74.109, 53659.5, 4579.6
74.11, 53660, 4579.2
74.111, 53660.4, 4578.81
74.112, 53660.9, 4578.41
74.113, 53661.3, 4578.02
74.114, 53661.8, 4577.62
74.115, 53662.3, 4577.23
74.116, 53662.7, 4576.84
74.117, 53663.2, 4576.44
74.118, 53663.6, 4576.05
74.119, 53664.1, 4575.65
74.12, 53664.6, 4575.26
74.121, 53665, 4574.86
74.122, 53665.5, 4574.47
74.123, 53665.9, 4574.07
74.124, 53666.4, 4573.68
74.125, 53666.8, 4573.29
74.126, 53667.3, 4572.89
74.127, 53667.8, 4572.5
74.128, 53668.2, 4572.1
74.129, 53668.7, 4571.71
74.13, 53669.1, 4571.31
74.131, 53669.6, 4570.92
74.132, 53670, 4570.52
74.133, 53670.5, 4570.13
74.134, 53671, 4569.73
74.135, 53671.4, 4569.34
74.136, 53671.9, 4568.95
74.137, 53672.3, 4568.55
74.138, 53672.8, 4568.16
74.139, 53673.3, 4567.76
74.14, 53673.7, 4567.37
74.141, 53674.2, 4566.97
74.142, 53674.6, 4566.58
74.143, 53675.1, 4566.18
74.144, 53675.5, 4565.79
74.145, 53676, 4565.39
74.146, 53676.5, 4565
74.147, 53676.9, 4564.6
74.148, 53677.4, 4564.21
74.149, 53677.8, 4563.81
74.15, 53678.3, 4563.42
74.151, 53678.7, 4563.02
74.152, 53679.2, 4562.63
74.153, 53679.7, 4562.23
74.154, 53680.1, 4561.84
74.155, 53680.6, 4561.44
74.156, 53681, 4561.05
74.157, 53681.5, 4560.65
74.158, 53681.9, 4560.26
74.159, 53682.4, 4559.86
74.16, 53682.9, 4559.47
74.161, 53683.3, 4559.07
74.162, 53683.8, 4558.68
74.163, 53684.2, 4558.28
74.164, 53684.7, 4557.89
74.165, 53685.2, 4557.49
74.166, 53685.6, 4557.1
74.167, 53686.1, 4556.7
74.168, 53686.5, 4556.31
74.169, 53687, 4555.91
74.17, 53687.4, 4555.52
74.171, 53687.9, 4555.12
74.172, 53688.4, 4554.73
74.173, 53688.8, 4554.33
74.174, 53689.3, 4553.94
74.175, 53689.7, 4553.54
74.176, 53690.2, 4553.15
74.177, 53690.6, 4552.75
74.178, 53691.1, 4552.36
74.179, 53691.6, 4551.96
74.18, 53692, 4551.56
74.181, 53692.5, 4551.17
74.182, 53692.9, 4550.77
74.183, 53693.4, 4550.38
74.184, 53693.8, 4549.98
74.185, 53694.3, 4549.59
74.186, 53694.8, 4549.19
74.187, 53695.2, 4548.8
74.188, 53695.7, 4548.4
74.189, 53696.1, 4548.01
74.19, 53696.6, 4547.61
74.191, 53697, 4547.21
74.192, 53697.5, 4546.82
74.193, 53698, 4546.42
74.194, 53698.4, 4546.03
74.195, 53698.9, 4545.63
74.196, 53699.3, 4545.24
74.197, 53699.8, 4544.84
74.198, 53700.2, 4544.45
74.199, 53700.7, 4544.05
74.2, 53701.2, 4543.65
74.201, 53701.6, 4543.26
74.202, 53702.1, 4542.86
74.203, 53702.5, 4542.47
74.204, 53703, 4542.07
74.205, 53703.4, 4541.68
74.206, 53703.9, 4541.28
74.207, 53704.4, 4540.88
74.208, 53704.8, 4540.49
74.209, 53705.3, 4540.09
74.21, 53705.7, 4539.7
74.211, 53706.2, 4539.3
74.212, 53706.6, 4538.9
74.213, 53707.1, 4538.51
74.214, 53707.6, 4538.11
74.215, 53708, 4537.72
74.216, 53708.5, 4537.32
74.217, 53708.9, 4536.92
74.218, 53709.4, 4536.53
74.219, 53709.8, 4536.13
74.22, 53710.3, 4535.74
74.221, 53710.8, 4535.34
74.222, 53711.2, 4534.94
74.223, 53711.7, 4534.55
74.224, 53712.1, 4534.15
74.225, 53712.6, 4533.76
74.226, 53713, 4533.36
74.227, 53713.5, 4532.96
74.228, 53714, 4532.57
74.229, 53714.4, 4532.17
74.23, 53714.9, 4531.78
74.231, 53715.3, 4531.38
74.232, 53715.8, 4530.98
74.233, 53716.2, 4530.59
74.234, 53716.7, 4530.19
74.235, 53717.2, 4529.79
74.236, 53717.6, 4529.4
74.237, 53718.1, 4529
74.238, 53718.5, 4528.61
74.239, 53719, 4528.21
74.24, 53719.4, 4527.81
74.241, 53719.9, 4527.42
74.242, 53720.4, 4527.02
74.243, 53720.8, 4526.62
74.244, 53721.3, 4526.23
74.245, 53721.7, 4525.83
74.246, 53722.2, 4525.44
74.247, 53722.6, 4525.04
74.248, 53723.1, 4524.64
74.249, 53723.6, 4524.25
74.25, 53724, 4523.85
74.251, 53724.5, 4523.45
74.252, 53724.9, 4523.06
74.253, 53725.4, 4522.66
74.254, 53725.8, 4522.26
74.255, 53726.3, 4521.87
74.256, 53726.8, 4521.47
74.257, 53727.2, 4521.07
74.258, 53727.7, 4520.68
74.259, 53728.1, 4520.28
74.26, 53728.6, 4519.88
74.261, 53729, 4519.49
74.262, 53729.5, 4519.09
74.263, 53730, 4518.69
74.264, 53730.4, 4518.3
74.265, 53730.9, 4517.9
74.266, 53731.3, 4517.5
74.267, 53731.8, 4517.11
74.268, 53732.2, 4516.71
74.269, 53732.7, 4516.31
74.27, 53733.2, 4515.92
74.271, 53733.6, 4515.52
74.272, 53734.1, 4515.12
74.273, 53734.5, 4514.73
74.274, 53735, 4514.33
74.275, 53735.4, 4513.93
74.276, 53735.9, 4513.53
74.277, 53736.4, 4513.14
74.278, 53736.8, 4512.74
74.279, 53737.3, 4512.34
74.28, 53737.7, 4511.95
74.281, 53738.2, 4511.55
74.282, 53738.6, 4511.15
74.283, 53739.1, 4510.76
74.284, 53739.5, 4510.36
74.285, 53740, 4509.96
74.286, 53740.5, 4509.56
74.287, 53740.9, 4509.17
74.288, 53741.4, 4508.77
74.289, 53741.8, 4508.37
74.29, 53742.3, 4507.98
74.291, 53742.7, 4507.58
74.292, 53743.2, 4507.18
74.293, 53743.7, 4506.78
74.294, 53744.1, 4506.39
74.295, 53744.6, 4505.99
74.296, 53745, 4505.59
74.297, 53745.5, 4505.2
74.298, 53745.9, 4504.8
74.299, 53746.4, 4504.4
74.3, 53746.9, 4504
74.301, 53747.3, 4503.61
74.302, 53747.8, 4503.21
74.303, 53748.2, 4502.81
74.304, 53748.7, 4502.41
74.305, 53749.1, 4502.02
74.306, 53749.6, 4501.62
74.307, 53750, 4501.22
74.308, 53750.5, 4500.82
74.309, 53751, 4500.43
74.31, 53751.4, 4500.03
74.311, 53751.9, 4499.63
74.312, 53752.3, 4499.23
74.313, 53752.8, 4498.84
74.314, 53753.2, 4498.44
74.315, 53753.7, 4498.04
74.316, 53754.2, 4497.64
74.317, 53754.6, 4497.25
74.318, 53755.1, 4496.85
74.319, 53755.5, 4496.45
74.32, 53756, 4496.05
74.321, 53756.4, 4495.66
74.322, 53756.9, 4495.26
74.323, 53757.4, 4494.86
74.324, 53757.8, 4494.46
74.325, 53758.3, 4494.07
74.326, 53758.7, 4493.67
74.327, 53759.2, 4493.27
74.328, 53759.6, 4492.87
74.329, 53760.1, 4492.47
74.33, 53760.5, 4492.08
74.331, 53761, 4491.68
74.332, 53761.5, 4491.28
74.333, 53761.9, 4490.88
74.334, 53762.4, 4490.49
74.335, 53762.8, 4490.09
74.336, 53763.3, 4489.69
74.337, 53763.7, 4489.29
74.338, 53764.2, 4488.89
74.339, 53764.7, 4488.5
74.34, 53765.1, 4488.1
74.341, 53765.6, 4487.7
74.342, 53766, 4487.3
74.343, 53766.5, 4486.9
74.344, 53766.9, 4486.51
74.345, 53767.4, 4486.11
74.346, 53767.8, 4485.71
74.347, 53768.3, 4485.31
74.348, 53768.8, 4484.91
74.349, 53769.2, 4484.52
74.35, 53769.7, 4484.12
74.351, 53770.1, 4483.72
74.352, 53770.6, 4483.32
74.353, 53771, 4482.92
74.354, 53771.5, 4482.53
74.355, 53772, 4482.13
74.356, 53772.4, 4481.73
74.357, 53772.9, 4481.33
74.358, 53773.3, 4480.93
74.359, 53773.8, 4480.53
74.36, 53774.2, 4480.14
74.361, 53774.7, 4479.74
74.362, 53775.1, 4479.34
74.363, 53775.6, 4478.94
74.364, 53776.1, 4478.54
74.365, 53776.5, 4478.14
74.366, 53777, 4477.75
74.367, 53777.4, 4477.35
74.368, 53777.9, 4476.95
74.369, 53778.3, 4476.55
74.37, 53778.8, 4476.15
74.371, 53779.3, 4475.75
74.372, 53779.7, 4475.35
74.373, 53780.2, 4474.96
74.374, 53780.6, 4474.56
74.375, 53781.1, 4474.16
74.376, 53781.5, 4473.76
74.377, 53782, 4473.36
74.378, 53782.4, 4472.96
74.379, 53782.9, 4472.57
74.38, 53783.4, 4472.17
74.381, 53783.8, 4471.77
74.382, 53784.3, 4471.37
74.383, 53784.7, 4470.97
74.384, 53785.2, 4470.57
74.385, 53785.6, 4470.17
74.386, 53786.1, 4469.77
74.387, 53786.5, 4469.38
74.388, 53787, 4468.98
74.389, 53787.5, 4468.58
74.39, 53787.9, 4468.18
74.391, 53788.4, 4467.78
74.392, 53788.8, 4467.38
74.393, 53789.3, 4466.98
74.394, 53789.7, 4466.58
74.395, 53790.2, 4466.19
74.396, 53790.6, 4465.79
74.397, 53791.1, 4465.39
74.398, 53791.6, 4464.99
74.399, 53792, 4464.59
74.4, 53792.5, 4464.19
74.401, 53792.9, 4463.79
74.402, 53793.4, 4463.39
74.403, 53793.8, 4462.99
74.404, 53794.3, 4462.6
74.405, 53794.8, 4462.2
74.406, 53795.2, 4461.8
74.407, 53795.7, 4461.4
74.408, 53796.1, 4461
74.409, 53796.6, 4460.6
74.41, 53797, 4460.2
74.411, 53797.5, 4459.8
74.412, 53797.9, 4459.4
74.413, 53798.4, 4459
74.414, 53798.9, 4458.6
74.415, 53799.3, 4458.2
74.416, 53799.8, 4457.81
74.417, 53800.2, 4457.41
74.418, 53800.7, 4457.01
74.419, 53801.1, 4456.61
74.42, 53801.6, 4456.21
74.421, 53802, 4455.81
74.422, 53802.5, 4455.41
74.423, 53803, 4455.01
74.424, 53803.4, 4454.61
74.425, 53803.9, 4454.21
74.426, 53804.3, 4453.81
74.427, 53804.8, 4453.41
74.428, 53805.2, 4453.01
74.429, 53805.7, 4452.61
74.43, 53806.1, 4452.22
74.431, 53806.6, 4451.82
74.432, 53807.1, 4451.42
74.433, 53807.5, 4451.02
74.434, 53808, 4450.62
74.435, 53808.4, 4450.22
74.436, 53808.9, 4449.82
74.437, 53809.3, 4449.42
74.438, 53809.8, 4449.02
74.439, 53810.2, 4448.62
74.44, 53810.7, 4448.22
74.441, 53811.2, 4447.82
74.442, 53811.6, 4447.42
74.443, 53812.1, 4447.02
74.444, 53812.5, 4446.62
74.445, 53813, 4446.22
74.446, 53813.4, 4445.82
74.447, 53813.9, 4445.42
74.448, 53814.3, 4445.02
74.449, 53814.8, 4444.62
74.45, 53815.3, 4444.22
74.451, 53815.7, 4443.82
74.452, 53816.2, 4443.42
74.453, 53816.6, 4443.02
74.454, 53817.1, 4442.62
74.455, 53817.5, 4442.22
74.456, 53818, 4441.82
74.457, 53818.4, 4441.42
74.458, 53818.9, 4441.02
74.459, 53819.4, 4440.62
74.46, 53819.8, 4440.22
74.461, 53820.3, 4439.83
74.462, 53820.7, 4439.43
74.463, 53821.2, 4439.03
74.464, 53821.6, 4438.63
74.465, 53822.1, 4438.23
74.466, 53822.5, 4437.83
74.467, 53823, 4437.43
74.468, 53823.5, 4437.03
74.469, 53823.9, 4436.62
74.47, 53824.4, 4436.22
74.471, 53824.8, 4435.82
74.472, 53825.3, 4435.42
74.473, 53825.7, 4435.02
74.474, 53826.2, 4434.62
74.475, 53826.6, 4434.22
74.476, 53827.1, 4433.82
74.477, 53827.5, 4433.42
74.478, 53828, 4433.02
74.479, 53828.5, 4432.62
74.48, 53828.9, 4432.22
74.481, 53829.4, 4431.82
74.482, 53829.8, 4431.42
74.483, 53830.3, 4431.02
74.484, 53830.7, 4430.62
74.485, 53831.2, 4430.22
74.486, 53831.6, 4429.82
74.487, 53832.1, 4429.42
74.488, 53832.6, 4429.02
74.489, 53833, 4428.62
74.49, 53833.5, 4428.22
74.491, 53833.9, 4427.82
74.492, 53834.4, 4427.42
74.493, 53834.8, 4427.02
74.494, 53835.3, 4426.62
74.495, 53835.7, 4426.22
74.496, 53836.2, 4425.82
74.497, 53836.7, 4425.42
74.498, 53837.1, 4425.02
74.499, 53837.6, 4424.62
74.5, 53838, 4424.21
74.501, 53838.5, 4423.81
74.502, 53838.9, 4423.41
74.503, 53839.4, 4423.01
74.504, 53839.8, 4422.61
74.505, 53840.3, 4422.21
74.506, 53840.7, 4421.81
74.507, 53841.2, 4421.41
74.508, 53841.7, 4421.01
74.509, 53842.1, 4420.61
74.51, 53842.6, 4420.21
74.511, 53843, 4419.81
74.512, 53843.5, 4419.41
74.513, 53843.9, 4419.01
74.514, 53844.4, 4418.61
74.515, 53844.8, 4418.2
74.516, 53845.3, 4417.8
74.517, 53845.8, 4417.4
74.518, 53846.2, 4417
74.519, 53846.7, 4416.6
74.52, 53847.1, 4416.2
74.521, 53847.6, 4415.8
74.522, 53848, 4415.4
74.523, 53848.5, 4415
74.524, 53848.9, 4414.6
74.525, 53849.4, 4414.2
74.526, 53849.8, 4413.79
74.527, 53850.3, 4413.39
74.528, 53850.8, 4412.99
74.529, 53851.2, 4412.59
74.53, 53851.7, 4412.19
74.531, 53852.1, 4411.79
74.532, 53852.6, 4411.39
74.533, 53853, 4410.99
74.534, 53853.5, 4410.59
74.535, 53853.9, 4410.18
74.536, 53854.4, 4409.78
74.537, 53854.8, 4409.38
74.538, 53855.3, 4408.98
74.539, 53855.8, 4408.58
74.54, 53856.2, 4408.18
74.541, 53856.7, 4407.78
74.542, 53857.1, 4407.38
74.543, 53857.6, 4406.97
74.544, 53858, 4406.57
74.545, 53858.5, 4406.17
74.546, 53858.9, 4405.77
74.547, 53859.4, 4405.37
74.548, 53859.9, 4404.97
74.549, 53860.3, 4404.57
74.55, 53860.8, 4404.17
74.551, 53861.2, 4403.76
74.552, 53861.7, 4403.36
74.553, 53862.1, 4402.96
74.554, 53862.6, 4402.56
74.555, 53863, 4402.16
74.556, 53863.5, 4401.76
74.557, 53863.9, 4401.36
74.558, 53864.4, 4400.95
74.559, 53864.9, 4400.55
74.56, 53865.3, 4400.15
74.561, 53865.8, 4399.75
74.562, 53866.2, 4399.35
74.563, 53866.7, 4398.95
74.564, 53867.1, 4398.54
74.565, 53867.6, 4398.14
74.566, 53868, 4397.74
74.567, 53868.5, 4397.34
74.568, 53868.9, 4396.94
74.569, 53869.4, 4396.54
74.57, 53869.9, 4396.13
74.571, 53870.3, 4395.73
74.572, 53870.8, 4395.33
74.573, 53871.2, 4394.93
74.574, 53871.7, 4394.53
74.575, 53872.1, 4394.13
74.576, 53872.6, 4393.72
74.577, 53873, 4393.32
74.578, 53873.5, 4392.92
74.579, 53873.9, 4392.52
74.58, 53874.4, 4392.12
74.581, 53874.9, 4391.71
74.582, 53875.3, 4391.31
74.583, 53875.8, 4390.91
74.584, 53876.2, 4390.51
74.585, 53876.7, 4390.11
74.586, 53877.1, 4389.7
74.587, 53877.6, 4389.3
74.588, 53878, 4388.9
74.589, 53878.5, 4388.5
74.59, 53878.9, 4388.1
74.591, 53879.4, 4387.69
74.592, 53879.9, 4387.29
74.593, 53880.3, 4386.89
74.594, 53880.8, 4386.49
74.595, 53881.2, 4386.09
74.596, 53881.7, 4385.68
74.597, 53882.1, 4385.28
74.598, 53882.6, 4384.88
74.599, 53883, 4384.48
74.6, 53883.5, 4384.08
74.601, 53883.9, 4383.67
74.602, 53884.4, 4383.27
74.603, 53884.8, 4382.87
74.604, 53885.3, 4382.47
74.605, 53885.8, 4382.06
74.606, 53886.2, 4381.66
74.607, 53886.7, 4381.26
74.608, 53887.1, 4380.86
74.609, 53887.6, 4380.45
74.61, 53888, 4380.05
74.611, 53888.5, 4379.65
74.612, 53888.9, 4379.25
74.613, 53889.4, 4378.84
74.614, 53889.8, 4378.44
74.615, 53890.3, 4378.04
74.616, 53890.8, 4377.64
74.617, 53891.2, 4377.23
74.618, 53891.7, 4376.83
74.619, 53892.1, 4376.43
74.62, 53892.6, 4376.03
74.621, 53893, 4375.62
74.622, 53893.5, 4375.22
74.623, 53893.9, 4374.82
74.624, 53894.4, 4374.42
74.625, 53894.8, 4374.01
74.626, 53895.3, 4373.61
74.627, 53895.8, 4373.21
74.628, 53896.2, 4372.81
74.629, 53896.7, 4372.4
74.63, 53897.1, 4372
74.631, 53897.6, 4371.6
74.632, 53898, 4371.2
74.633, 53898.5, 4370.79
74.634, 53898.9, 4370.39
74.635, 53899.4, 4369.99
74.636, 53899.8, 4369.58
74.637, 53900.3, 4369.18
74.638, 53900.7, 4368.78
74.639, 53901.2, 4368.38
74.64, 53901.7, 4367.97
74.641, 53902.1, 4367.57
74.642, 53902.6, 4367.17
74.643, 53903, 4366.76
74.644, 53903.5, 4366.36
74.645, 53903.9, 4365.96
74.646, 53904.4, 4365.56
74.647, 53904.8, 4365.15
74.648, 53905.3, 4364.75
74.649, 53905.7, 4364.35
74.65, 53906.2, 4363.94
74.651, 53906.6, 4363.54
74.652, 53907.1, 4363.14
74.653, 53907.6, 4362.73
74.654, 53908, 4362.33
74.655, 53908.5, 4361.93
74.656, 53908.9, 4361.52
74.657, 53909.4, 4361.12
74.658, 53909.8, 4360.72
74.659, 53910.3, 4360.32
74.66, 53910.7, 4359.91
74.661, 53911.2, 4359.51
74.662, 53911.6, 4359.11
74.663, 53912.1, 4358.7
74.664, 53912.5, 4358.3
74.665, 53913, 4357.9
74.666, 53913.5, 4357.49
74.667, 53913.9, 4357.09
74.668, 53914.4, 4356.69
74.669, 53914.8, 4356.28
74.67, 53915.3, 4355.88
74.671, 53915.7, 4355.48
74.672, 53916.2, 4355.07
74.673, 53916.6, 4354.67
74.674, 53917.1, 4354.27
74.675, 53917.5, 4353.86
74.676, 53918, 4353.46
74.677, 53918.4, 4353.06
74.678, 53918.9, 4352.65
74.679, 53919.4, 4352.25
74.68, 53919.8, 4351.84
74.681, 53920.3, 4351.44
74.682, 53920.7, 4351.04
74.683, 53921.2, 4350.63
74.684, 53921.6, 4350.23
74.685, 53922.1, 4349.83
74.686, 53922.5, 4349.42
74.687, 53923, 4349.02
74.688, 53923.4, 4348.62
74.689, 53923.9, 4348.21
74.69, 53924.3, 4347.81
74.691, 53924.8, 4347.4
74.692, 53925.3, 4347
74.693, 53925.7, 4346.6
74.694, 53926.2, 4346.19
74.695, 53926.6, 4345.79
74.696, 53927.1, 4345.39
74.697, 53927.5, 4344.98
74.698, 53928, 4344.58
74.699, 53928.4, 4344.17
74.7, 53928.9, 4343.77
74.701, 53929.3, 4343.37
74.702, 53929.8, 4342.96
74.703, 53930.2, 4342.56
74.704, 53930.7, 4342.16
74.705, 53931.1, 4341.75
74.706, 53931.6, 4341.35
74.707, 53932.1, 4340.94
74.708, 53932.5, 4340.54
74.709, 53933, 4340.14
74.71, 53933.4, 4339.73
74.711, 53933.9, 4339.33
74.712, 53934.3, 4338.92
74.713, 53934.8, 4338.52
74.714, 53935.2, 4338.11
74.715, 53935.7, 4337.71
74.716, 53936.1, 4337.31
74.717, 53936.6, 4336.9
74.718, 53937, 4336.5
74.719, 53937.5, 4336.09
74.72, 53938, 4335.69
74.721, 53938.4, 4335.29
74.722, 53938.9, 4334.88
74.723, 53939.3, 4334.48
74.724, 53939.8, 4334.07
74.725, 53940.2, 4333.67
74.726, 53940.7, 4333.26
74.727, 53941.1, 4332.86
74.728, 53941.6, 4332.46
74.729, 53942, 4332.05
74.73, 53942.5, 4331.65
74.731, 53942.9, 4331.24
74.732, 53943.4, 4330.84
74.733, 53943.8, 4330.43
74.734, 53944.3, 4330.03
74.735, 53944.8, 4329.63
74.736, 53945.2, 4329.22
74.737, 53945.7, 4328.82
74.738, 53946.1, 4328.41
74.739, 53946.6, 4328.01
74.74, 53947, 4327.6
74.741, 53947.5, 4327.2
74.742, 53947.9, 4326.79
74.743, 53948.4, 4326.39
74.744, 53948.8, 4325.98
74.745, 53949.3, 4325.58
74.746, 53949.7, 4325.18
74.747, 53950.2, 4324.77
74.748, 53950.6, 4324.37
74.749, 53951.1, 4323.96
74.75, 53951.5, 4323.56
74.751, 53952, 4323.15
74.752, 53952.5, 4322.75
74.753, 53952.9, 4322.34
74.754, 53953.4, 4321.94
74.755, 53953.8, 4321.53
74.756, 53954.3, 4321.13
74.757, 53954.7, 4320.72
74.758, 53955.2, 4320.32
74.759, 53955.6, 4319.91
74.76, 53956.1, 4319.51
74.761, 53956.5, 4319.1
74.762, 53957, 4318.7
74.763, 53957.4, 4318.29
74.764, 53957.9, 4317.89
74.765, 53958.3, 4317.48
74.766, 53958.8, 4317.08
74.767, 53959.3, 4316.67
74.768, 53959.7, 4316.27
74.769, 53960.2, 4315.86
74.77, 53960.6, 4315.46
74.771, 53961.1, 4315.05
74.772, 53961.5, 4314.65
74.773, 53962, 4314.24
74.774, 53962.4, 4313.84
74.775, 53962.9, 4313.43
74.776, 53963.3, 4313.03
74.777, 53963.8, 4312.62
74.778, 53964.2, 4312.22
74.779, 53964.7, 4311.81
74.78, 53965.1, 4311.41
74.781, 53965.6, 4311
74.782, 53966, 4310.6
74.783, 53966.5, 4310.19
74.784, 53967, 4309.79
74.785, 53967.4, 4309.38
74.786, 53967.9, 4308.98
74.787, 53968.3, 4308.57
74.788, 53968.8, 4308.17
74.789, 53969.2, 4307.76
74.79, 53969.7, 4307.36
74.791, 53970.1, 4306.95
74.792, 53970.6, 4306.54
74.793, 53971, 4306.14
74.794, 53971.5, 4305.73
74.795, 53971.9, 4305.33
74.796, 53972.4, 4304.92
74.797, 53972.8, 4304.52
74.798, 53973.3, 4304.11
74.799, 53973.7, 4303.71
74.8, 53974.2, 4303.3
74.801, 53974.7, 4302.9
74.802, 53975.1, 4302.49
74.803, 53975.6, 4302.08
74.804, 53976, 4301.68
74.805, 53976.5, 4301.27
74.806, 53976.9, 4300.87
74.807, 53977.4, 4300.46
74.808, 53977.8, 4300.06
74.809, 53978.3, 4299.65
74.81, 53978.7, 4299.25
74.811, 53979.2, 4298.84
74.812, 53979.6, 4298.43
74.813, 53980.1, 4298.03
74.814, 53980.5, 4297.62
74.815, 53981, 4297.22
74.816, 53981.4, 4296.81
74.817, 53981.9, 4296.41
74.818, 53982.3, 4296
74.819, 53982.8, 4295.59
74.82, 53983.3, 4295.19
74.821, 53983.7, 4294.78
74.822, 53984.2, 4294.38
74.823, 53984.6, 4293.97
74.824, 53985.1, 4293.56
74.825, 53985.5, 4293.16
74.826, 53986, 4292.75
74.827, 53986.4, 4292.35
74.828, 53986.9, 4291.94
74.829, 53987.3, 4291.53
74.83, 53987.8, 4291.13
74.831, 53988.2, 4290.72
74.832, 53988.7, 4290.32
74.833, 53989.1, 4289.91
74.834, 53989.6, 4289.5
74.835, 53990, 4289.1
74.836, 53990.5, 4288.69
74.837, 53990.9, 4288.29
74.838, 53991.4, 4287.88
74.839, 53991.9, 4287.47
74.84, 53992.3, 4287.07
74.841, 53992.8, 4286.66
74.842, 53993.2, 4286.25
74.843, 53993.7, 4285.85
74.844, 53994.1, 4285.44
74.845, 53994.6, 4285.04
74.846, 53995, 4284.63
74.847, 53995.5, 4284.22
74.848, 53995.9, 4283.82
74.849, 53996.4, 4283.41
74.85, 53996.8, 4283
74.851, 53997.3, 4282.6
74.852, 53997.7, 4282.19
74.853, 53998.2, 4281.79
74.854, 53998.6, 4281.38
74.855, 53999.1, 4280.97
74.856, 53999.5, 4280.57
74.857, 54000, 4280.16
74.858, 54000.5, 4279.75
74.859, 54000.9, 4279.35
74.86, 54001.4, 4278.94
74.861, 54001.8, 4278.53
74.862, 54002.3, 4278.13
74.863, 54002.7, 4277.72
74.864, 54003.2, 4277.31
74.865, 54003.6, 4276.91
74.866, 54004.1, 4276.5
74.867, 54004.5, 4276.09
74.868, 54005, 4275.69
74.869, 54005.4, 4275.28
74.87, 54005.9, 4274.87
74.871, 54006.3, 4274.47
74.872, 54006.8, 4274.06
74.873, 54007.2, 4273.65
74.874, 54007.7, 4273.25
74.875, 54008.1, 4272.84
74.876, 54008.6, 4272.43
74.877, 54009, 4272.03
74.878, 54009.5, 4271.62
74.879, 54009.9, 4271.21
74.88, 54010.4, 4270.81
74.881, 54010.9, 4270.4
74.882, 54011.3, 4269.99
74.883, 54011.8, 4269.59
74.884, 54012.2, 4269.18
74.885, 54012.7, 4268.77
74.886, 54013.1, 4268.37
74.887, 54013.6, 4267.96
74.888, 54014, 4267.55
74.889, 54014.5, 4267.14
74.89, 54014.9, 4266.74
74.891, 54015.4, 4266.33
74.892, 54015.8, 4265.92
74.893, 54016.3, 4265.52
74.894, 54016.7, 4265.11
74.895, 54017.2, 4264.7
74.896, 54017.6, 4264.29
74.897, 54018.1, 4263.89
74.898, 54018.5, 4263.48
74.899, 54019, 4263.07
74.9, 54019.4, 4262.67
74.901, 54019.9, 4262.26
74.902, 54020.3, 4261.85
74.903, 54020.8, 4261.44
74.904, 54021.3, 4261.04
74.905, 54021.7, 4260.63
74.906, 54022.2, 4260.22
74.907, 54022.6, 4259.82
74.908, 54023.1, 4259.41
74.909, 54023.5, 4259
74.91, 54024, 4258.59
74.911, 54024.4, 4258.19
74.912, 54024.9, 4257.78
74.913, 54025.3, 4257.37
74.914, 54025.8, 4256.96
74.915, 54026.2, 4256.56
74.916, 54026.7, 4256.15
74.917, 54027.1, 4255.74
74.918, 54027.6, 4255.33
74.919, 54028, 4254.93
74.92, 54028.5, 4254.52
74.921, 54028.9, 4254.11
74.922, 54029.4, 4253.7
74.923, 54029.8, 4253.3
74.924, 54030.3, 4252.89
74.925, 54030.7, 4252.48
74.926, 54031.2, 4252.07
74.927, 54031.6, 4251.67
74.928, 54032.1, 4251.26
74.929, 54032.6, 4250.85
74.93, 54033, 4250.44
74.931, 54033.5, 4250.04
74.932, 54033.9, 4249.63
74.933, 54034.4, 4249.22
74.934, 54034.8, 4248.81
74.935, 54035.3, 4248.4
74.936, 54035.7, 4248
74.937, 54036.2, 4247.59
74.938, 54036.6, 4247.18
74.939, 54037.1, 4246.77
74.94, 54037.5, 4246.37
74.941, 54038, 4245.96
74.942, 54038.4, 4245.55
74.943, 54038.9, 4245.14
74.944, 54039.3, 4244.73
74.945, 54039.8, 4244.33
74.946, 54040.2, 4243.92
74.947, 54040.7, 4243.51
74.948, 54041.1, 4243.1
74.949, 54041.6, 4242.69
74.95, 54042, 4242.29
74.951, 54042.5, 4241.88
74.952, 54042.9, 4241.47
74.953, 54043.4, 4241.06
74.954, 54043.8, 4240.65
74.955, 54044.3, 4240.25
74.956, 54044.7, 4239.84
74.957, 54045.2, 4239.43
74.958, 54045.7, 4239.02
74.959, 54046.1, 4238.61
74.96, 54046.6, 4238.21
74.961, 54047, 4237.8
74.962, 54047.5, 4237.39
74.963, 54047.9, 4236.98
74.964, 54048.4, 4236.57
74.965, 54048.8, 4236.16
74.966, 54049.3, 4235.76
74.967, 54049.7, 4235.35
74.968, 54050.2, 4234.94
74.969, 54050.6, 4234.53
74.97, 54051.1, 4234.12
74.971, 54051.5, 4233.71
74.972, 54052, 4233.31
74.973, 54052.4, 4232.9
74.974, 54052.9, 4232.49
74.975, 54053.3, 4232.08
74.976, 54053.8, 4231.67
74.977, 54054.2, 4231.26
74.978, 54054.7, 4230.86
74.979, 54055.1, 4230.45
74.98, 54055.6, 4230.04
74.981, 54056, 4229.63
74.982, 54056.5, 4229.22
74.983, 54056.9, 4228.81
74.984, 54057.4, 4228.4
74.985, 54057.8, 4228
74.986, 54058.3, 4227.59
74.987, 54058.7, 4227.18
74.988, 54059.2, 4226.77
74.989, 54059.6, 4226.36
74.99, 54060.1, 4225.95
74.991, 54060.6, 4225.54
74.992, 54061, 4225.14
74.993, 54061.5, 4224.73
74.994, 54061.9, 4224.32
74.995, 54062.4, 4223.91
74.996, 54062.8, 4223.5
74.997, 54063.3, 4223.09
74.998, 54063.7, 4222.68
74.999, 54064.2, 4222.27
75, 54064.6, 4221.87
75.001, 54065.1, 4221.46
75.002, 54065.5, 4221.05
75.003, 54066, 4220.64
75.004, 54066.4, 4220.23
75.005, 54066.9, 4219.82
75.006, 54067.3, 4219.41
75.007, 54067.8, 4219
75.008, 54068.2, 4218.59
75.009, 54068.7, 4218.18
75.01, 54069.1, 4217.78
75.011, 54069.6, 4217.37
75.012, 54070, 4216.96
75.013, 54070.5, 4216.55
75.014, 54070.9, 4216.14
75.015, 54071.4, 4215.73
75.016, 54071.8, 4215.32
75.017, 54072.3, 4214.91
75.018, 54072.7, 4214.5
75.019, 54073.2, 4214.09
75.02, 54073.6, 4213.68
75.021, 54074.1, 4213.28
75.022, 54074.5, 4212.87
75.023, 54075, 4212.46
75.024, 54075.4, 4212.05
75.025, 54075.9, 4211.64
75.026, 54076.3, 4211.23
75.027, 54076.8, 4210.82
75.028, 54077.2, 4210.41
75.029, 54077.7, 4210
75.03, 54078.1, 4209.59
75.031, 54078.6, 4209.18
75.032, 54079, 4208.77
75.033, 54079.5, 4208.36
75.034, 54080, 4207.95
75.035, 54080.4, 4207.55
75.036, 54080.9, 4207.14
75.037, 54081.3, 4206.73
75.038, 54081.8, 4206.32
75.039, 54082.2, 4205.91
75.04, 54082.7, 4205.5
75.041, 54083.1, 4205.09
75.042, 54083.6, 4204.68
75.043, 54084, 4204.27
75.044, 54084.5, 4203.86
75.045, 54084.9, 4203.45
75.046, 54085.4, 4203.04
75.047, 54085.8, 4202.63
75.048, 54086.3, 4202.22
75.049, 54086.7, 4201.81
75.05, 54087.2, 4201.4
75.051, 54087.6, 4200.99
75.052, 54088.1, 4200.58
75.053, 54088.5, 4200.17
75.054, 54089, 4199.76
75.055, 54089.4, 4199.35
75.056, 54089.9, 4198.94
75.057, 54090.3, 4198.53
75.058, 54090.8, 4198.12
75.059, 54091.2, 4197.71
75.06, 54091.7, 4197.3
75.061, 54092.1, 4196.89
75.062, 54092.6, 4196.48
75.063, 54093, 4196.07
75.064, 54093.5, 4195.66
75.065, 54093.9, 4195.25
75.066, 54094.4, 4194.84
75.067, 54094.8, 4194.43
75.068, 54095.3, 4194.02
75.069, 54095.7, 4193.61
75.07, 54096.2, 4193.2
75.071, 54096.6, 4192.79
75.072, 54097.1, 4192.38
75.073, 54097.5, 4191.97
75.074, 54098, 4191.56
75.075, 54098.4, 4191.15
75.076, 54098.9, 4190.74
75.077, 54099.3, 4190.33
75.078, 54099.8, 4189.92
75.079, 54100.2, 4189.51
75.08, 54100.7, 4189.1
75.081, 54101.1, 4188.69
75.082, 54101.6, 4188.28
75.083, 54102, 4187.87
75.084, 54102.5, 4187.46
75.085, 54102.9, 4187.05
75.086, 54103.4, 4186.64
75.087, 54103.8, 4186.23
75.088, 54104.3, 4185.82
75.089, 54104.7, 4185.41
75.09, 54105.2, 4185
75.091, 54105.6, 4184.59
75.092, 54106.1, 4184.18
75.093, 54106.6, 4183.77
75.094, 54107, 4183.36
75.095, 54107.5, 4182.95
75.096, 54107.9, 4182.54
75.097, 54108.4, 4182.13
75.098, 54108.8, 4181.72
75.099, 54109.3, 4181.31
75.1, 54109.7, 4180.9
75.101, 54110.2, 4180.49
75.102, 54110.6, 4180.08
75.103, 54111.1, 4179.67
75.104, 54111.5, 4179.25
75.105, 54112, 4178.84
75.106, 54112.4, 4178.43
75.107, 54112.9, 4178.02
75.108, 54113.3, 4177.61
75.109, 54113.8, 4177.2
75.11, 54114.2, 4176.79
75.111, 54114.7, 4176.38
75.112, 54115.1, 4175.97
75.113, 54115.6, 4175.56
75.114, 54116, 4175.15
75.115, 54116.5, 4174.74
75.116, 54116.9, 4174.33
75.117, 54117.4, 4173.92
75.118, 54117.8, 4173.5
75.119, 54118.3, 4173.09
75.12, 54118.7, 4172.68
75.121, 54119.2, 4172.27
75.122, 54119.6, 4171.86
75.123, 54120.1, 4171.45
75.124, 54120.5, 4171.04
75.125, 54121, 4170.63
75.126, 54121.4, 4170.22
75.127, 54121.9, 4169.81
75.128, 54122.3, 4169.4
75.129, 54122.8, 4168.98
75.13, 54123.2, 4168.57
75.131, 54123.7, 4168.16
75.132, 54124.1, 4167.75
75.133, 54124.6, 4167.34
75.134, 54125, 4166.93
75.135, 54125.5, 4166.52
75.136, 54125.9, 4166.11
75.137, 54126.4, 4165.7
75.138, 54126.8, 4165.29
75.139, 54127.3, 4164.87
75.14, 54127.7, 4164.46
75.141, 54128.2, 4164.05
75.142, 54128.6, 4163.64
75.143, 54129.1, 4163.23
75.144, 54129.5, 4162.82
75.145, 54130, 4162.41
75.146, 54130.4, 4162
75.147, 54130.9, 4161.58
75.148, 54131.3, 4161.17
75.149, 54131.8, 4160.76
75.15, 54132.2, 4160.35
75.151, 54132.7, 4159.94
75.152, 54133.1, 4159.53
75.153, 54133.6, 4159.12
75.154, 54134, 4158.7
75.155, 54134.5, 4158.29
75.156, 54134.9, 4157.88
75.157, 54135.4, 4157.47
75.158, 54135.8, 4157.06
75.159, 54136.3, 4156.65
75.16, 54136.7, 4156.24
75.161, 54137.2, 4155.82
75.162, 54137.6, 4155.41
75.163, 54138.1, 4155
75.164, 54138.5, 4154.59
75.165, 54139, 4154.18
75.166, 54139.4, 4153.77
75.167, 54139.9, 4153.35
75.168, 54140.3, 4152.94
75.169, 54140.8, 4152.53
75.17, 54141.2, 4152.12
75.171, 54141.7, 4151.71
75.172, 54142.1, 4151.3
75.173, 54142.6, 4150.88
75.174, 54143, 4150.47
75.175, 54143.5, 4150.06
75.176, 54143.9, 4149.65
75.177, 54144.4, 4149.24
75.178, 54144.8, 4148.83
75.179, 54145.3, 4148.41
75.18, 54145.7, 4148
75.181, 54146.2, 4147.59
75.182, 54146.6, 4147.18
75.183, 54147.1, 4146.77
75.184, 54147.5, 4146.35
75.185, 54148, 4145.94
75.186, 54148.4, 4145.53
75.187, 54148.9, 4145.12
75.188, 54149.3, 4144.71
75.189, 54149.8, 4144.29
75.19, 54150.2, 4143.88
75.191, 54150.7, 4143.47
75.192, 54151.1, 4143.06
75.193, 54151.6, 4142.65
75.194, 54152, 4142.23
75.195, 54152.5, 4141.82
75.196, 54152.9, 4141.41
75.197, 54153.4, 4141
75.198, 54153.8, 4140.59
75.199, 54154.3, 4140.17
75.2, 54154.7, 4139.76
75.201, 54155.2, 4139.35
75.202, 54155.6, 4138.94
75.203, 54156.1, 4138.52
75.204, 54156.5, 4138.11
75.205, 54157, 4137.7
75.206, 54157.4, 4137.29
75.207, 54157.9, 4136.88
75.208, 54158.3, 4136.46
75.209, 54158.8, 4136.05
75.21, 54159.2, 4135.64
75.211, 54159.7, 4135.23
75.212, 54160.1, 4134.81
75.213, 54160.6, 4134.4
75.214, 54161, 4133.99
75.215, 54161.5, 4133.58
75.216, 54161.9, 4133.16
75.217, 54162.4, 4132.75
75.218, 54162.8, 4132.34
75.219, 54163.3, 4131.93
75.22, 54163.7, 4131.51
75.221, 54164.2, 4131.1
75.222, 54164.6, 4130.69
75.223, 54165.1, 4130.28
75.224, 54165.5, 4129.86
75.225, 54166, 4129.45
75.226, 54166.4, 4129.04
75.227, 54166.9, 4128.63
75.228, 54167.3, 4128.21
75.229, 54167.8, 4127.8
75.23, 54168.2, 4127.39
75.231, 54168.7, 4126.97
75.232, 54169.1, 4126.56
75.233, 54169.6, 4126.15
75.234, 54170, 4125.74
75.235, 54170.5, 4125.32
75.236, 54170.9, 4124.91
75.237, 54171.4, 4124.5
75.238, 54171.8, 4124.09
75.239, 54172.3, 4123.67
75.24, 54172.7, 4123.26
75.241, 54173.2, 4122.85
75.242, 54173.6, 4122.43
75.243, 54174.1, 4122.02
75.244, 54174.5, 4121.61
75.245, 54175, 4121.2
75.246, 54175.4, 4120.78
75.247, 54175.9, 4120.37
75.248, 54176.3, 4119.96
75.249, 54176.8, 4119.54
75.25, 54177.2, 4119.13
75.251, 54177.6, 4118.72
75.252, 54178.1, 4118.3
75.253, 54178.5, 4117.89
75.254, 54179, 4117.48
75.255, 54179.4, 4117.06
75.256, 54179.9, 4116.65
75.257, 54180.3, 4116.24
75.258, 54180.8, 4115.83
75.259, 54181.2, 4115.41
75.26, 54181.7, 4115
75.261, 54182.1, 4114.59
75.262, 54182.6, 4114.17
75.263, 54183, 4113.76
75.264, 54183.5, 4113.35
75.265, 54183.9, 4112.93
75.266, 54184.4, 4112.52
75.267, 54184.8, 4112.11
75.268, 54185.3, 4111.69
75.269, 54185.7, 4111.28
75.27, 54186.2, 4110.87
75.271, 54186.6, 4110.45
75.272, 54187.1, 4110.04
75.273, 54187.5, 4109.63
75.274, 54188, 4109.21
75.275, 54188.4, 4108.8
75.276, 54188.9, 4108.39
75.277, 54189.3, 4107.97
75.278, 54189.8, 4107.56
75.279, 54190.2, 4107.14
75.28, 54190.7, 4106.73
75.281, 54191.1, 4106.32
75.282, 54191.6, 4105.9
75.283, 54192, 4105.49
75.284, 54192.5, 4105.08
75.285, 54192.9, 4104.66
75.286, 54193.4, 4104.25
75.287, 54193.8, 4103.84
75.288, 54194.3, 4103.42
75.289, 54194.7, 4103.01
75.29, 54195.2, 4102.59
75.291, 54195.6, 4102.18
75.292, 54196.1, 4101.77
75.293, 54196.5, 4101.35
75.294, 54197, 4100.94
75.295, 54197.4, 4100.53
75.296, 54197.9, 4100.11
75.297, 54198.3, 4099.7
75.298, 54198.8, 4099.28
75.299, 54199.2, 4098.87
75.3, 54199.7, 4098.46
75.301, 54200.1, 4098.04
75.302, 54200.6, 4097.63
75.303, 54201, 4097.22
75.304, 54201.5, 4096.8
75.305, 54201.9, 4096.39
75.306, 54202.4, 4095.97
75.307, 54202.8, 4095.56
75.308, 54203.3, 4095.15
75.309, 54203.7, 4094.73
75.31, 54204.1, 4094.32
75.311, 54204.6, 4093.9
75.312, 54205, 4093.49
75.313, 54205.5, 4093.08
75.314, 54205.9, 4092.66
75.315, 54206.4, 4092.25
75.316, 54206.8, 4091.83
75.317, 54207.3, 4091.42
75.318, 54207.7, 4091
75.319, 54208.2, 4090.59
75.32, 54208.6, 4090.18
75.321, 54209.1, 4089.76
75.322, 54209.5, 4089.35
75.323, 54210, 4088.93
75.324, 54210.4, 4088.52
75.325, 54210.9, 4088.1
75.326, 54211.3, 4087.69
75.327, 54211.8, 4087.28
75.328, 54212.2, 4086.86
75.329, 54212.7, 4086.45
75.33, 54213.1, 4086.03
75.331, 54213.6, 4085.62
75.332, 54214, 4085.2
75.333, 54214.5, 4084.79
75.334, 54214.9, 4084.38
75.335, 54215.4, 4083.96
75.336, 54215.8, 4083.55
75.337, 54216.3, 4083.13
75.338, 54216.7, 4082.72
75.339, 54217.2, 4082.3
75.34, 54217.6, 4081.89
75.341, 54218.1, 4081.47
75.342, 54218.5, 4081.06
75.343, 54219, 4080.64
75.344, 54219.4, 4080.23
75.345, 54219.9, 4079.82
75.346, 54220.3, 4079.4
75.347, 54220.8, 4078.99
75.348, 54221.2, 4078.57
75.349, 54221.7, 4078.16
75.35, 54222.1, 4077.74
75.351, 54222.5, 4077.33
75.352, 54223, 4076.91
75.353, 54223.4, 4076.5
75.354, 54223.9, 4076.08
75.355, 54224.3, 4075.67
75.356, 54224.8, 4075.25
75.357, 54225.2, 4074.84
75.358, 54225.7, 4074.42
75.359, 54226.1, 4074.01
75.36, 54226.6, 4073.59
75.361, 54227, 4073.18
75.362, 54227.5, 4072.76
75.363, 54227.9, 4072.35
75.364, 54228.4, 4071.93
75.365, 54228.8, 4071.52
75.366, 54229.3, 4071.1
75.367, 54229.7, 4070.69
75.368, 54230.2, 4070.27
75.369, 54230.6, 4069.86
75.37, 54231.1, 4069.44
75.371, 54231.5, 4069.03
75.372, 54232, 4068.61
75.373, 54232.4, 4068.2
75.374, 54232.9, 4067.78
75.375, 54233.3, 4067.37
75.376, 54233.8, 4066.95
75.377, 54234.2, 4066.54
75.378, 54234.7, 4066.12
75.379, 54235.1, 4065.71
75.38, 54235.6, 4065.29
75.381, 54236, 4064.88
75.382, 54236.5, 4064.46
75.383, 54236.9, 4064.05
75.384, 54237.3, 4063.63
75.385, 54237.8, 4063.22
75.386, 54238.2, 4062.8
75.387, 54238.7, 4062.39
75.388, 54239.1, 4061.97
75.389, 54239.6, 4061.55
75.39, 54240, 4061.14
75.391, 54240.5, 4060.72
75.392, 54240.9, 4060.31
75.393, 54241.4, 4059.89
75.394, 54241.8, 4059.48
75.395, 54242.3, 4059.06
75.396, 54242.7, 4058.65
75.397, 54243.2, 4058.23
75.398, 54243.6, 4057.82
75.399, 54244.1, 4057.4
75.4, 54244.5, 4056.98
75.401, 54245, 4056.57
75.402, 54245.4, 4056.15
75.403, 54245.9, 4055.74
75.404, 54246.3, 4055.32
75.405, 54246.8, 4054.91
75.406, 54247.2, 4054.49
75.407, 54247.7, 4054.07
75.408, 54248.1, 4053.66
75.409, 54248.6, 4053.24
75.41, 54249, 4052.83
75.411, 54249.5, 4052.41
75.412, 54249.9, 4052
75.413, 54250.3, 4051.58
75.414, 54250.8, 4051.16
75.415, 54251.2, 4050.75
75.416, 54251.7, 4050.33
75.417, 54252.1, 4049.92
75.418, 54252.6, 4049.5
75.419, 54253, 4049.09
75.42, 54253.5, 4048.67
75.421, 54253.9, 4048.25
75.422, 54254.4, 4047.84
75.423, 54254.8, 4047.42
75.424, 54255.3, 4047.01
75.425, 54255.7, 4046.59
75.426, 54256.2, 4046.17
75.427, 54256.6, 4045.76
75.428, 54257.1, 4045.34
75.429, 54257.5, 4044.93
75.43, 54258, 4044.51
75.431, 54258.4, 4044.09
75.432, 54258.9, 4043.68
75.433, 54259.3, 4043.26
75.434, 54259.8, 4042.84
75.435, 54260.2, 4042.43
75.436, 54260.7, 4042.01
75.437, 54261.1, 4041.6
75.438, 54261.5, 4041.18
75.439, 54262, 4040.76
75.44, 54262.4, 4040.35
75.441, 54262.9, 4039.93
75.442, 54263.3, 4039.51
75.443, 54263.8, 4039.1
75.444, 54264.2, 4038.68
75.445, 54264.7, 4038.27
75.446, 54265.1, 4037.85
75.447, 54265.6, 4037.43
75.448, 54266, 4037.02
75.449, 54266.5, 4036.6
75.45, 54266.9, 4036.18
75.451, 54267.4, 4035.77
75.452, 54267.8, 4035.35
75.453, 54268.3, 4034.93
75.454, 54268.7, 4034.52
75.455, 54269.2, 4034.1
75.456, 54269.6, 4033.69
75.457, 54270.1, 4033.27
75.458, 54270.5, 4032.85
75.459, 54271, 4032.44
75.46, 54271.4, 4032.02
75.461, 54271.9, 4031.6
75.462, 54272.3, 4031.19
75.463, 54272.7, 4030.77
75.464, 54273.2, 4030.35
75.465, 54273.6, 4029.94
75.466, 54274.1, 4029.52
75.467, 54274.5, 4029.1
75.468, 54275, 4028.69
75.469, 54275.4, 4028.27
75.47, 54275.9, 4027.85
75.471, 54276.3, 4027.44
75.472, 54276.8, 4027.02
75.473, 54277.2, 4026.6
75.474, 54277.7, 4026.18
75.475, 54278.1, 4025.77
75.476, 54278.6, 4025.35
75.477, 54279, 4024.93
75.478, 54279.5, 4024.52
75.479, 54279.9, 4024.1
75.48, 54280.4, 4023.68
75.481, 54280.8, 4023.27
75.482, 54281.3, 4022.85
75.483, 54281.7, 4022.43
75.484, 54282.1, 4022.02
75.485, 54282.6, 4021.6
75.486, 54283, 4021.18
75.487, 54283.5, 4020.76
75.488, 54283.9, 4020.35
75.489, 54284.4, 4019.93
75.49, 54284.8, 4019.51
75.491, 54285.3, 4019.1
75.492, 54285.7, 4018.68
75.493, 54286.2, 4018.26
75.494, 54286.6, 4017.84
75.495, 54287.1, 4017.43
75.496, 54287.5, 4017.01
75.497, 54288, 4016.59
75.498, 54288.4, 4016.18
75.499, 54288.9, 4015.76
75.5, 54289.3, 4015.34
75.501, 54289.8, 4014.92
75.502, 54290.2, 4014.51
75.503, 54290.6, 4014.09
75.504, 54291.1, 4013.67
75.505, 54291.5, 4013.25
75.506, 54292, 4012.84
75.507, 54292.4, 4012.42
75.508, 54292.9, 4012
75.509, 54293.3, 4011.59
75.51, 54293.8, 4011.17
75.511, 54294.2, 4010.75
75.512, 54294.7, 4010.33
75.513, 54295.1, 4009.92
75.514, 54295.6, 4009.5
75.515, 54296, 4009.08
75.516, 54296.5, 4008.66
75.517, 54296.9, 4008.25
75.518, 54297.4, 4007.83
75.519, 54297.8, 4007.41
75.52, 54298.3, 4006.99
75.521, 54298.7, 4006.58
75.522, 54299.1, 4006.16
75.523, 54299.6, 4005.74
75.524, 54300, 4005.32
75.525, 54300.5, 4004.9
75.526, 54300.9, 4004.49
75.527, 54301.4, 4004.07
75.528, 54301.8, 4003.65
75.529, 54302.3, 4003.23
75.53, 54302.7, 4002.82
75.531, 54303.2, 4002.4
75.532, 54303.6, 4001.98
75.533, 54304.1, 4001.56
75.534, 54304.5, 4001.14
75.535, 54305, 4000.73
75.536, 54305.4, 4000.31
75.537, 54305.9, 3999.89
75.538, 54306.3, 3999.47
75.539, 54306.8, 3999.05
75.54, 54307.2, 3998.64
75.541, 54307.6, 3998.22
75.542, 54308.1, 3997.8
75.543, 54308.5, 3997.38
75.544, 54309, 3996.96
75.545, 54309.4, 3996.55
75.546, 54309.9, 3996.13
75.547, 54310.3, 3995.71
75.548, 54310.8, 3995.29
75.549, 54311.2, 3994.87
75.55, 54311.7, 3994.46
75.551, 54312.1, 3994.04
75.552, 54312.6, 3993.62
75.553, 54313, 3993.2
75.554, 54313.5, 3992.78
75.555, 54313.9, 3992.37
75.556, 54314.4, 3991.95
75.557, 54314.8, 3991.53
75.558, 54315.2, 3991.11
75.559, 54315.7, 3990.69
75.56, 54316.1, 3990.27
75.561, 54316.6, 3989.86
75.562, 54317, 3989.44
75.563, 54317.5, 3989.02
75.564, 54317.9, 3988.6
75.565, 54318.4, 3988.18
75.566, 54318.8, 3987.76
75.567, 54319.3, 3987.35
75.568, 54319.7, 3986.93
75.569, 54320.2, 3986.51
75.57, 54320.6, 3986.09
75.571, 54321.1, 3985.67
75.572, 54321.5, 3985.25
75.573, 54322, 3984.84
75.574, 54322.4, 3984.42
75.575, 54322.8, 3984
75.576, 54323.3, 3983.58
75.577, 54323.7, 3983.16
75.578, 54324.2, 3982.74
75.579, 54324.6, 3982.32
75.58, 54325.1, 3981.91
75.581, 54325.5, 3981.49
75.582, 54326, 3981.07
75.583, 54326.4, 3980.65
75.584, 54326.9, 3980.23
75.585, 54327.3, 3979.81
75.586, 54327.8, 3979.39
75.587, 54328.2, 3978.97
75.588, 54328.7, 3978.56
75.589, 54329.1, 3978.14
75.59, 54329.5, 3977.72
75.591, 54330, 3977.3
75.592, 54330.4, 3976.88
75.593, 54330.9, 3976.46
75.594, 54331.3, 3976.04
75.595, 54331.8, 3975.62
75.596, 54332.2, 3975.2
75.597, 54332.7, 3974.79
75.598, 54333.1, 3974.37
75.599, 54333.6, 3973.95
75.6, 54334, 3973.53
75.601, 54334.5, 3973.11
75.602, 54334.9, 3972.69
75.603, 54335.4, 3972.27
75.604, 54335.8, 3971.85
75.605, 54336.2, 3971.43
75.606, 54336.7, 3971.01
75.607, 54337.1, 3970.6
75.608, 54337.6, 3970.18
75.609, 54338, 3969.76
75.61, 54338.5, 3969.34
75.611, 54338.9, 3968.92
75.612, 54339.4, 3968.5
75.613, 54339.8, 3968.08
75.614, 54340.3, 3967.66
75.615, 54340.7, 3967.24
75.616, 54341.2, 3966.82
75.617, 54341.6, 3966.4
75.618, 54342.1, 3965.98
75.619, 54342.5, 3965.57
75.62, 54342.9, 3965.15
75.621, 54343.4, 3964.73
75.622, 54343.8, 3964.31
75.623, 54344.3, 3963.89
75.624, 54344.7, 3963.47
75.625, 54345.2, 3963.05
75.626, 54345.6, 3962.63
75.627, 54346.1, 3962.21
75.628, 54346.5, 3961.79
75.629, 54347, 3961.37
75.63, 54347.4, 3960.95
75.631, 54347.9, 3960.53
75.632, 54348.3, 3960.11
75.633, 54348.8, 3959.69
75.634, 54349.2, 3959.27
75.635, 54349.6, 3958.85
75.636, 54350.1, 3958.43
75.637, 54350.5, 3958.01
75.638, 54351, 3957.6
75.639, 54351.4, 3957.18
75.64, 54351.9, 3956.76
75.641, 54352.3, 3956.34
75.642, 54352.8, 3955.92
75.643, 54353.2, 3955.5
75.644, 54353.7, 3955.08
75.645, 54354.1, 3954.66
75.646, 54354.6, 3954.24
75.647, 54355, 3953.82
75.648, 54355.4, 3953.4
75.649, 54355.9, 3952.98
75.65, 54356.3, 3952.56
75.651, 54356.8, 3952.14
75.652, 54357.2, 3951.72
75.653, 54357.7, 3951.3
75.654, 54358.1, 3950.88
75.655, 54358.6, 3950.46
75.656, 54359, 3950.04
75.657, 54359.5, 3949.62
75.658, 54359.9, 3949.2
75.659, 54360.4, 3948.78
75.66, 54360.8, 3948.36
75.661, 54361.2, 3947.94
75.662, 54361.7, 3947.52
75.663, 54362.1, 3947.1
75.664, 54362.6, 3946.68
75.665, 54363, 3946.26
75.666, 54363.5, 3945.84
75.667, 54363.9, 3945.42
75.668, 54364.4, 3945
75.669, 54364.8, 3944.58
75.67, 54365.3, 3944.16
75.671, 54365.7, 3943.74
75.672, 54366.2, 3943.32
75.673, 54366.6, 3942.9
75.674, 54367, 3942.48
75.675, 54367.5, 3942.06
75.676, 54367.9, 3941.64
75.677, 54368.4, 3941.22
75.678, 54368.8, 3940.8
75.679, 54369.3, 3940.38
75.68, 54369.7, 3939.96
75.681, 54370.2, 3939.54
75.682, 54370.6, 3939.11
75.683, 54371.1, 3938.69
75.684, 54371.5, 3938.27
75.685, 54372, 3937.85
75.686, 54372.4, 3937.43
75.687, 54372.8, 3937.01
75.688, 54373.3, 3936.59
75.689, 54373.7, 3936.17
75.69, 54374.2, 3935.75
75.691, 54374.6, 3935.33
75.692, 54375.1, 3934.91
75.693, 54375.5, 3934.49
75.694, 54376, 3934.07
75.695, 54376.4, 3933.65
75.696, 54376.9, 3933.23
75.697, 54377.3, 3932.81
75.698, 54377.8, 3932.39
75.699, 54378.2, 3931.97
75.7, 54378.6, 3931.55
75.701, 54379.1, 3931.12
75.702, 54379.5, 3930.7
75.703, 54380, 3930.28
75.704, 54380.4, 3929.86
75.705, 54380.9, 3929.44
75.706, 54381.3, 3929.02
75.707, 54381.8, 3928.6
75.708, 54382.2, 3928.18
75.709, 54382.7, 3927.76
75.71, 54383.1, 3927.34
75.711, 54383.5, 3926.92
75.712, 54384, 3926.5
75.713, 54384.4, 3926.07
75.714, 54384.9, 3925.65
75.715, 54385.3, 3925.23
75.716, 54385.8, 3924.81
75.717, 54386.2, 3924.39
75.718, 54386.7, 3923.97
75.719, 54387.1, 3923.55
75.72, 54387.6, 3923.13
75.721, 54388, 3922.71
75.722, 54388.5, 3922.29
75.723, 54388.9, 3921.86
75.724, 54389.3, 3921.44
75.725, 54389.8, 3921.02
75.726, 54390.2, 3920.6
75.727, 54390.7, 3920.18
75.728, 54391.1, 3919.76
75.729, 54391.6, 3919.34
75.73, 54392, 3918.92
75.731, 54392.5, 3918.5
75.732, 54392.9, 3918.07
75.733, 54393.4, 3917.65
75.734, 54393.8, 3917.23
75.735, 54394.2, 3916.81
75.736, 54394.7, 3916.39
75.737, 54395.1, 3915.97
75.738, 54395.6, 3915.55
75.739, 54396, 3915.13
75.74, 54396.5, 3914.7
75.741, 54396.9, 3914.28
75.742, 54397.4, 3913.86
75.743, 54397.8, 3913.44
75.744, 54398.3, 3913.02
75.745, 54398.7, 3912.6
75.746, 54399.1, 3912.18
75.747, 54399.6, 3911.75
75.748, 54400, 3911.33
75.749, 54400.5, 3910.91
75.75, 54400.9, 3910.49
75.751, 54401.4, 3910.07
75.752, 54401.8, 3909.65
75.753, 54402.3, 3909.22
75.754, 54402.7, 3908.8
75.755, 54403.2, 3908.38
75.756, 54403.6, 3907.96
75.757, 54404, 3907.54
75.758, 54404.5, 3907.12
75.759, 54404.9, 3906.69
75.76, 54405.4, 3906.27
75.761, 54405.8, 3905.85
75.762, 54406.3, 3905.43
75.763, 54406.7, 3905.01
75.764, 54407.2, 3904.59
75.765, 54407.6, 3904.16
75.766, 54408.1, 3903.74
75.767, 54408.5, 3903.32
75.768, 54408.9, 3902.9
75.769, 54409.4, 3902.48
75.77, 54409.8, 3902.05
75.771, 54410.3, 3901.63
75.772, 54410.7, 3901.21
75.773, 54411.2, 3900.79
75.774, 54411.6, 3900.37
75.775, 54412.1, 3899.94
75.776, 54412.5, 3899.52
75.777, 54413, 3899.1
75.778, 54413.4, 3898.68
75.779, 54413.8, 3898.26
75.78, 54414.3, 3897.83
75.781, 54414.7, 3897.41
75.782, 54415.2, 3896.99
75.783, 54415.6, 3896.57
75.784, 54416.1, 3896.15
75.785, 54416.5, 3895.72
75.786, 54417, 3895.3
75.787, 54417.4, 3894.88
75.788, 54417.9, 3894.46
75.789, 54418.3, 3894.04
75.79, 54418.7, 3893.61
75.791, 54419.2, 3893.19
75.792, 54419.6, 3892.77
75.793, 54420.1, 3892.35
75.794, 54420.5, 3891.92
75.795, 54421, 3891.5
75.796, 54421.4, 3891.08
75.797, 54421.9, 3890.66
75.798, 54422.3, 3890.23
75.799, 54422.8, 3889.81
75.8, 54423.2, 3889.39
75.801, 54423.6, 3888.97
75.802, 54424.1, 3888.55
75.803, 54424.5, 3888.12
75.804, 54425, 3887.7
75.805, 54425.4, 3887.28
75.806, 54425.9, 3886.86
75.807, 54426.3, 3886.43
75.808, 54426.8, 3886.01
75.809, 54427.2, 3885.59
75.81, 54427.6, 3885.16
75.811, 54428.1, 3884.74
75.812, 54428.5, 3884.32
75.813, 54429, 3883.9
75.814, 54429.4, 3883.47
75.815, 54429.9, 3883.05
75.816, 54430.3, 3882.63
75.817, 54430.8, 3882.21
75.818, 54431.2, 3881.78
75.819, 54431.7, 3881.36
75.82, 54432.1, 3880.94
75.821, 54432.5, 3880.52
75.822, 54433, 3880.09
75.823, 54433.4, 3879.67
75.824, 54433.9, 3879.25
75.825, 54434.3, 3878.82
75.826, 54434.8, 3878.4
75.827, 54435.2, 3877.98
75.828, 54435.7, 3877.56
75.829, 54436.1, 3877.13
75.83, 54436.5, 3876.71
75.831, 54437, 3876.29
75.832, 54437.4, 3875.86
75.833, 54437.9, 3875.44
75.834, 54438.3, 3875.02
75.835, 54438.8, 3874.59
75.836, 54439.2, 3874.17
75.837, 54439.7, 3873.75
75.838, 54440.1, 3873.33
75.839, 54440.6, 3872.9
75.84, 54441, 3872.48
75.841, 54441.4, 3872.06
75.842, 54441.9, 3871.63
75.843, 54442.3, 3871.21
75.844, 54442.8, 3870.79
75.845, 54443.2, 3870.36
75.846, 54443.7, 3869.94
75.847, 54444.1, 3869.52
75.848, 54444.6, 3869.09
75.849, 54445, 3868.67
75.85, 54445.4, 3868.25
75.851, 54445.9, 3867.82
75.852, 54446.3, 3867.4
75.853, 54446.8, 3866.98
75.854, 54447.2, 3866.55
75.855, 54447.7, 3866.13
75.856, 54448.1, 3865.71
75.857, 54448.6, 3865.28
75.858, 54449, 3864.86
75.859, 54449.4, 3864.44
75.86, 54449.9, 3864.01
75.861, 54450.3, 3863.59
75.862, 54450.8, 3863.17
75.863, 54451.2, 3862.74
75.864, 54451.7, 3862.32
75.865, 54452.1, 3861.9
75.866, 54452.6, 3861.47
75.867, 54453, 3861.05
75.868, 54453.4, 3860.63
75.869, 54453.9, 3860.2
75.87, 54454.3, 3859.78
75.871, 54454.8, 3859.36
75.872, 54455.2, 3858.93
75.873, 54455.7, 3858.51
75.874, 54456.1, 3858.08
75.875, 54456.6, 3857.66
75.876, 54457, 3857.24
75.877, 54457.4, 3856.81
75.878, 54457.9, 3856.39
75.879, 54458.3, 3855.97
75.88, 54458.8, 3855.54
75.881, 54459.2, 3855.12
75.882, 54459.7, 3854.69
75.883, 54460.1, 3854.27
75.884, 54460.6, 3853.85
75.885, 54461, 3853.42
75.886, 54461.5, 3853
75.887, 54461.9, 3852.57
75.888, 54462.3, 3852.15
75.889, 54462.8, 3851.73
75.89, 54463.2, 3851.3
75.891, 54463.7, 3850.88
75.892, 54464.1, 3850.45
75.893, 54464.6, 3850.03
75.894, 54465, 3849.61
75.895, 54465.4, 3849.18
75.896, 54465.9, 3848.76
75.897, 54466.3, 3848.33
75.898, 54466.8, 3847.91
75.899, 54467.2, 3847.49
75.9, 54467.7, 3847.06
75.901, 54468.1, 3846.64
75.902, 54468.6, 3846.21
75.903, 54469, 3845.79
75.904, 54469.4, 3845.37
75.905, 54469.9, 3844.94
75.906, 54470.3, 3844.52
75.907, 54470.8, 3844.09
75.908, 54471.2, 3843.67
75.909, 54471.7, 3843.24
75.91, 54472.1, 3842.82
75.911, 54472.6, 3842.4
75.912, 54473, 3841.97
75.913, 54473.4, 3841.55
75.914, 54473.9, 3841.12
75.915, 54474.3, 3840.7
75.916, 54474.8, 3840.27
75.917, 54475.2, 3839.85
75.918, 54475.7, 3839.42
75.919, 54476.1, 3839
75.92, 54476.6, 3838.58
75.921, 54477, 3838.15
75.922, 54477.4, 3837.73
75.923, 54477.9, 3837.3
75.924, 54478.3, 3836.88
75.925, 54478.8, 3836.45
75.926, 54479.2, 3836.03
75.927, 54479.7, 3835.6
75.928, 54480.1, 3835.18
75.929, 54480.6, 3834.75
75.93, 54481, 3834.33
75.931, 54481.4, 3833.91
75.932, 54481.9, 3833.48
75.933, 54482.3, 3833.06
75.934, 54482.8, 3832.63
75.935, 54483.2, 3832.21
75.936, 54483.7, 3831.78
75.937, 54484.1, 3831.36
75.938, 54484.6, 3830.93
75.939, 54485, 3830.51
75.94, 54485.4, 3830.08
75.941, 54485.9, 3829.66
75.942, 54486.3, 3829.23
75.943, 54486.8, 3828.81
75.944, 54487.2, 3828.38
75.945, 54487.7, 3827.96
75.946, 54488.1, 3827.53
75.947, 54488.5, 3827.11
75.948, 54489, 3826.68
75.949, 54489.4, 3826.26
75.95, 54489.9, 3825.83
75.951, 54490.3, 3825.41
75.952, 54490.8, 3824.98
75.953, 54491.2, 3824.56
75.954, 54491.7, 3824.13
75.955, 54492.1, 3823.71
75.956, 54492.5, 3823.28
75.957, 54493, 3822.86
75.958, 54493.4, 3822.43
75.959, 54493.9, 3822.01
75.96, 54494.3, 3821.58
75.961, 54494.8, 3821.16
75.962, 54495.2, 3820.73
75.963, 54495.7, 3820.31
75.964, 54496.1, 3819.88
75.965, 54496.5, 3819.46
75.966, 54497, 3819.03
75.967, 54497.4, 3818.61
75.968, 54497.9, 3818.18
75.969, 54498.3, 3817.76
75.97, 54498.8, 3817.33
75.971, 54499.2, 3816.9
75.972, 54499.6, 3816.48
75.973, 54500.1, 3816.05
75.974, 54500.5, 3815.63
75.975, 54501, 3815.2
75.976, 54501.4, 3814.78
75.977, 54501.9, 3814.35
75.978, 54502.3, 3813.93
75.979, 54502.8, 3813.5
75.98, 54503.2, 3813.08
75.981, 54503.6, 3812.65
75.982, 54504.1, 3812.22
75.983, 54504.5, 3811.8
75.984, 54505, 3811.37
75.985, 54505.4, 3810.95
75.986, 54505.9, 3810.52
75.987, 54506.3, 3810.1
75.988, 54506.7, 3809.67
75.989, 54507.2, 3809.25
75.99, 54507.6, 3808.82
75.991, 54508.1, 3808.39
75.992, 54508.5, 3807.97
75.993, 54509, 3807.54
75.994, 54509.4, 3807.12
75.995, 54509.8, 3806.69
75.996, 54510.3, 3806.26
75.997, 54510.7, 3805.84
75.998, 54511.2, 3805.41
75.999, 54511.6, 3804.99
76, 54512.1, 3804.56
76.001, 54512.5, 3804.14
76.002, 54513, 3803.71
76.003, 54513.4, 3803.28
76.004, 54513.8, 3802.86
76.005, 54514.3, 3802.43
76.006, 54514.7, 3802.01
76.007, 54515.2, 3801.58
76.008, 54515.6, 3801.15
76.009, 54516.1, 3800.73
76.01, 54516.5, 3800.3
76.011, 54516.9, 3799.88
76.012, 54517.4, 3799.45
76.013, 54517.8, 3799.02
76.014, 54518.3, 3798.6
76.015, 54518.7, 3798.17
76.016, 54519.2, 3797.75
76.017, 54519.6, 3797.32
76.018, 54520.1, 3796.89
76.019, 54520.5, 3796.47
76.02, 54520.9, 3796.04
76.021, 54521.4, 3795.61
76.022, 54521.8, 3795.19
76.023, 54522.3, 3794.76
76.024, 54522.7, 3794.34
76.025, 54523.2, 3793.91
76.026, 54523.6, 3793.48
76.027, 54524, 3793.06
76.028, 54524.5, 3792.63
76.029, 54524.9, 3792.2
76.03, 54525.4, 3791.78
76.031, 54525.8, 3791.35
76.032, 54526.3, 3790.92
76.033, 54526.7, 3790.5
76.034, 54527.1, 3790.07
76.035, 54527.6, 3789.65
76.036, 54528, 3789.22
76.037, 54528.5, 3788.79
76.038, 54528.9, 3788.37
76.039, 54529.4, 3787.94
76.04, 54529.8, 3787.51
76.041, 54530.2, 3787.09
76.042, 54530.7, 3786.66
76.043, 54531.1, 3786.23
76.044, 54531.6, 3785.81
76.045, 54532, 3785.38
76.046, 54532.5, 3784.95
76.047, 54532.9, 3784.53
76.048, 54533.3, 3784.1
76.049, 54533.8, 3783.67
76.05, 54534.2, 3783.25
76.051, 54534.7, 3782.82
76.052, 54535.1, 3782.39
76.053, 54535.6, 3781.97
76.054, 54536, 3781.54
76.055, 54536.5, 3781.11
76.056, 54536.9, 3780.69
76.057, 54537.3, 3780.26
76.058, 54537.8, 3779.83
76.059, 54538.2, 3779.4
76.06, 54538.7, 3778.98
76.061, 54539.1, 3778.55
76.062, 54539.6, 3778.12
76.063, 54540, 3777.7
76.064, 54540.4, 3777.27
76.065, 54540.9, 3776.84
76.066, 54541.3, 3776.42
76.067, 54541.8, 3775.99
76.068, 54542.2, 3775.56
76.069, 54542.7, 3775.13
76.07, 54543.1, 3774.71
76.071, 54543.5, 3774.28
76.072, 54544, 3773.85
76.073, 54544.4, 3773.43
76.074, 54544.9, 3773
76.075, 54545.3, 3772.57
76.076, 54545.8, 3772.14
76.077, 54546.2, 3771.72
76.078, 54546.6, 3771.29
76.079, 54547.1, 3770.86
76.08, 54547.5, 3770.44
76.081, 54548, 3770.01
76.082, 54548.4, 3769.58
76.083, 54548.9, 3769.15
76.084, 54549.3, 3768.73
76.085, 54549.7, 3768.3
76.086, 54550.2, 3767.87
76.087, 54550.6, 3767.44
76.088, 54551.1, 3767.02
76.089, 54551.5, 3766.59
76.09, 54552, 3766.16
76.091, 54552.4, 3765.73
76.092, 54552.8, 3765.31
76.093, 54553.3, 3764.88
76.094, 54553.7, 3764.45
76.095, 54554.2, 3764.03
76.096, 54554.6, 3763.6
76.097, 54555.1, 3763.17
76.098, 54555.5, 3762.74
76.099, 54555.9, 3762.31
76.1, 54556.4, 3761.89
76.101, 54556.8, 3761.46
76.102, 54557.3, 3761.03
76.103, 54557.7, 3760.6
76.104, 54558.2, 3760.18
76.105, 54558.6, 3759.75
76.106, 54559, 3759.32
76.107, 54559.5, 3758.89
76.108, 54559.9, 3758.47
76.109, 54560.4, 3758.04
76.11, 54560.8, 3757.61
76.111, 54561.3, 3757.18
76.112, 54561.7, 3756.75
76.113, 54562.1, 3756.33
76.114, 54562.6, 3755.9
76.115, 54563, 3755.47
76.116, 54563.5, 3755.04
76.117, 54563.9, 3754.62
76.118, 54564.4, 3754.19
76.119, 54564.8, 3753.76
76.12, 54565.2, 3753.33
76.121, 54565.7, 3752.9
76.122, 54566.1, 3752.48
76.123, 54566.6, 3752.05
76.124, 54567, 3751.62
76.125, 54567.5, 3751.19
76.126, 54567.9, 3750.76
76.127, 54568.3, 3750.34
76.128, 54568.8, 3749.91
76.129, 54569.2, 3749.48
76.13, 54569.7, 3749.05
76.131, 54570.1, 3748.62
76.132, 54570.5, 3748.19
76.133, 54571, 3747.77
76.134, 54571.4, 3747.34
76.135, 54571.9, 3746.91
76.136, 54572.3, 3746.48
76.137, 54572.8, 3746.05
76.138, 54573.2, 3745.63
76.139, 54573.6, 3745.2
76.14, 54574.1, 3744.77
76.141, 54574.5, 3744.34
76.142, 54575, 3743.91
76.143, 54575.4, 3743.48
76.144, 54575.9, 3743.06
76.145, 54576.3, 3742.63
76.146, 54576.7, 3742.2
76.147, 54577.2, 3741.77
76.148, 54577.6, 3741.34
76.149, 54578.1, 3740.91
76.15, 54578.5, 3740.48
76.151, 54579, 3740.06
76.152, 54579.4, 3739.63
76.153, 54579.8, 3739.2
76.154, 54580.3, 3738.77
76.155, 54580.7, 3738.34
76.156, 54581.2, 3737.91
76.157, 54581.6, 3737.48
76.158, 54582.1, 3737.06
76.159, 54582.5, 3736.63
76.16, 54582.9, 3736.2
76.161, 54583.4, 3735.77
76.162, 54583.8, 3735.34
76.163, 54584.3, 3734.91
76.164, 54584.7, 3734.48
76.165, 54585.1, 3734.06
76.166, 54585.6, 3733.63
76.167, 54586, 3733.2
76.168, 54586.5, 3732.77
76.169, 54586.9, 3732.34
76.17, 54587.4, 3731.91
76.171, 54587.8, 3731.48
76.172, 54588.2, 3731.05
76.173, 54588.7, 3730.62
76.174, 54589.1, 3730.2
76.175, 54589.6, 3729.77
76.176, 54590, 3729.34
76.177, 54590.5, 3728.91
76.178, 54590.9, 3728.48
76.179, 54591.3, 3728.05
76.18, 54591.8, 3727.62
76.181, 54592.2, 3727.19
76.182, 54592.7, 3726.76
76.183, 54593.1, 3726.33
76.184, 54593.5, 3725.91
76.185, 54594, 3725.48
76.186, 54594.4, 3725.05
76.187, 54594.9, 3724.62
76.188, 54595.3, 3724.19
76.189, 54595.8, 3723.76
76.19, 54596.2, 3723.33
76.191, 54596.6, 3722.9
76.192, 54597.1, 3722.47
76.193, 54597.5, 3722.04
76.194, 54598, 3721.61
76.195, 54598.4, 3721.18
76.196, 54598.9, 3720.76
76.197, 54599.3, 3720.33
76.198, 54599.7, 3719.9
76.199, 54600.2, 3719.47
76.2, 54600.6, 3719.04
76.201, 54601.1, 3718.61
76.202, 54601.5, 3718.18
76.203, 54601.9, 3717.75
76.204, 54602.4, 3717.32
76.205, 54602.8, 3716.89
76.206, 54603.3, 3716.46
76.207, 54603.7, 3716.03
76.208, 54604.2, 3715.6
76.209, 54604.6, 3715.17
76.21, 54605, 3714.74
76.211, 54605.5, 3714.31
76.212, 54605.9, 3713.88
76.213, 54606.4, 3713.46
76.214, 54606.8, 3713.03
76.215, 54607.3, 3712.6
76.216, 54607.7, 3712.17
76.217, 54608.1, 3711.74
76.218, 54608.6, 3711.31
76.219, 54609, 3710.88
76.22, 54609.5, 3710.45
76.221, 54609.9, 3710.02
76.222, 54610.3, 3709.59
76.223, 54610.8, 3709.16
76.224, 54611.2, 3708.73
76.225, 54611.7, 3708.3
76.226, 54612.1, 3707.87
76.227, 54612.6, 3707.44
76.228, 54613, 3707.01
76.229, 54613.4, 3706.58
76.23, 54613.9, 3706.15
76.231, 54614.3, 3705.72
76.232, 54614.8, 3705.29
76.233, 54615.2, 3704.86
76.234, 54615.6, 3704.43
76.235, 54616.1, 3704
76.236, 54616.5, 3703.57
76.237, 54617, 3703.14
76.238, 54617.4, 3702.71
76.239, 54617.9, 3702.28
76.24, 54618.3, 3701.85
76.241, 54618.7, 3701.42
76.242, 54619.2, 3700.99
76.243, 54619.6, 3700.56
76.244, 54620.1, 3700.13
76.245, 54620.5, 3699.7
76.246, 54620.9, 3699.27
76.247, 54621.4, 3698.84
76.248, 54621.8, 3698.41
76.249, 54622.3, 3697.98
76.25, 54622.7, 3697.55
76.251, 54623.2, 3697.12
76.252, 54623.6, 3696.69
76.253, 54624, 3696.26
76.254, 54624.5, 3695.83
76.255, 54624.9, 3695.4
76.256, 54625.4, 3694.97
76.257, 54625.8, 3694.54
76.258, 54626.2, 3694.11
76.259, 54626.7, 3693.68
76.26, 54627.1, 3693.24
76.261, 54627.6, 3692.81
76.262, 54628, 3692.38
76.263, 54628.5, 3691.95
76.264, 54628.9, 3691.52
76.265, 54629.3, 3691.09
76.266, 54629.8, 3690.66
76.267, 54630.2, 3690.23
76.268, 54630.7, 3689.8
76.269, 54631.1, 3689.37
76.27, 54631.5, 3688.94
76.271, 54632, 3688.51
76.272, 54632.4, 3688.08
76.273, 54632.9, 3687.65
76.274, 54633.3, 3687.22
76.275, 54633.7, 3686.79
76.276, 54634.2, 3686.36
76.277, 54634.6, 3685.93
76.278, 54635.1, 3685.49
76.279, 54635.5, 3685.06
76.28, 54636, 3684.63
76.281, 54636.4, 3684.2
76.282, 54636.8, 3683.77
76.283, 54637.3, 3683.34
76.284, 54637.7, 3682.91
76.285, 54638.2, 3682.48
76.286, 54638.6, 3682.05
76.287, 54639, 3681.62
76.288, 54639.5, 3681.19
76.289, 54639.9, 3680.76
76.29, 54640.4, 3680.32
76.291, 54640.8, 3679.89
76.292, 54641.2, 3679.46
76.293, 54641.7, 3679.03
76.294, 54642.1, 3678.6
76.295, 54642.6, 3678.17
76.296, 54643, 3677.74
76.297, 54643.5, 3677.31
76.298, 54643.9, 3676.88
76.299, 54644.3, 3676.45
76.3, 54644.8, 3676.01
76.301, 54645.2, 3675.58
76.302, 54645.7, 3675.15
76.303, 54646.1, 3674.72
76.304, 54646.5, 3674.29
76.305, 54647, 3673.86
76.306, 54647.4, 3673.43
76.307, 54647.9, 3673
76.308, 54648.3, 3672.56
76.309, 54648.7, 3672.13
76.31, 54649.2, 3671.7
76.311, 54649.6, 3671.27
76.312, 54650.1, 3670.84
76.313, 54650.5, 3670.41
76.314, 54651, 3669.98
76.315, 54651.4, 3669.55
76.316, 54651.8, 3669.11
76.317, 54652.3, 3668.68
76.318, 54652.7, 3668.25
76.319, 54653.2, 3667.82
76.32, 54653.6, 3667.39
76.321, 54654, 3666.96
76.322, 54654.5, 3666.53
76.323, 54654.9, 3666.09
76.324, 54655.4, 3665.66
76.325, 54655.8, 3665.23
76.326, 54656.2, 3664.8
76.327, 54656.7, 3664.37
76.328, 54657.1, 3663.94
76.329, 54657.6, 3663.5
76.33, 54658, 3663.07
76.331, 54658.5, 3662.64
76.332, 54658.9, 3662.21
76.333, 54659.3, 3661.78
76.334, 54659.8, 3661.35
76.335, 54660.2, 3660.91
76.336, 54660.7, 3660.48
76.337, 54661.1, 3660.05
76.338, 54661.5, 3659.62
76.339, 54662, 3659.19
76.34, 54662.4, 3658.76
76.341, 54662.9, 3658.32
76.342, 54663.3, 3657.89
76.343, 54663.7, 3657.46
76.344, 54664.2, 3657.03
76.345, 54664.6, 3656.6
76.346, 54665.1, 3656.16
76.347, 54665.5, 3655.73
76.348, 54665.9, 3655.3
76.349, 54666.4, 3654.87
76.35, 54666.8, 3654.44
76.351, 54667.3, 3654
76.352, 54667.7, 3653.57
76.353, 54668.2, 3653.14
76.354, 54668.6, 3652.71
76.355, 54669, 3652.28
76.356, 54669.5, 3651.84
76.357, 54669.9, 3651.41
76.358, 54670.4, 3650.98
76.359, 54670.8, 3650.55
76.36, 54671.2, 3650.12
76.361, 54671.7, 3649.68
76.362, 54672.1, 3649.25
76.363, 54672.6, 3648.82
76.364, 54673, 3648.39
76.365, 54673.4, 3647.95
76.366, 54673.9, 3647.52
76.367, 54674.3, 3647.09
76.368, 54674.8, 3646.66
76.369, 54675.2, 3646.22
76.37, 54675.6, 3645.79
76.371, 54676.1, 3645.36
76.372, 54676.5, 3644.93
76.373, 54677, 3644.5
76.374, 54677.4, 3644.06
76.375, 54677.8, 3643.63
76.376, 54678.3, 3643.2
76.377, 54678.7, 3642.77
76.378, 54679.2, 3642.33
76.379, 54679.6, 3641.9
76.38, 54680, 3641.47
76.381, 54680.5, 3641.04
76.382, 54680.9, 3640.6
76.383, 54681.4, 3640.17
76.384, 54681.8, 3639.74
76.385, 54682.3, 3639.31
76.386, 54682.7, 3638.87
76.387, 54683.1, 3638.44
76.388, 54683.6, 3638.01
76.389, 54684, 3637.57
76.39, 54684.5, 3637.14
76.391, 54684.9, 3636.71
76.392, 54685.3, 3636.28
76.393, 54685.8, 3635.84
76.394, 54686.2, 3635.41
76.395, 54686.7, 3634.98
76.396, 54687.1, 3634.55
76.397, 54687.5, 3634.11
76.398, 54688, 3633.68
76.399, 54688.4, 3633.25
76.4, 54688.9, 3632.81
76.401, 54689.3, 3632.38
76.402, 54689.7, 3631.95
76.403, 54690.2, 3631.52
76.404, 54690.6, 3631.08
76.405, 54691.1, 3630.65
76.406, 54691.5, 3630.22
76.407, 54691.9, 3629.78
76.408, 54692.4, 3629.35
76.409, 54692.8, 3628.92
76.41, 54693.3, 3628.48
76.411, 54693.7, 3628.05
76.412, 54694.1, 3627.62
76.413, 54694.6, 3627.18
76.414, 54695, 3626.75
76.415, 54695.5, 3626.32
76.416, 54695.9, 3625.89
76.417, 54696.3, 3625.45
76.418, 54696.8, 3625.02
76.419, 54697.2, 3624.59
76.42, 54697.7, 3624.15
76.421, 54698.1, 3623.72
76.422, 54698.5, 3623.29
76.423, 54699, 3622.85
76.424, 54699.4, 3622.42
76.425, 54699.9, 3621.99
76.426, 54700.3, 3621.55
76.427, 54700.7, 3621.12
76.428, 54701.2, 3620.69
76.429, 54701.6, 3620.25
76.43, 54702.1, 3619.82
76.431, 54702.5, 3619.39
76.432, 54702.9, 3618.95
76.433, 54703.4, 3618.52
76.434, 54703.8, 3618.09
76.435, 54704.3, 3617.65
76.436, 54704.7, 3617.22
76.437, 54705.1, 3616.79
76.438, 54705.6, 3616.35
76.439, 54706, 3615.92
76.44, 54706.5, 3615.48
76.441, 54706.9, 3615.05
76.442, 54707.3, 3614.62
76.443, 54707.8, 3614.18
76.444, 54708.2, 3613.75
76.445, 54708.7, 3613.32
76.446, 54709.1, 3612.88
76.447, 54709.5, 3612.45
76.448, 54710, 3612.02
76.449, 54710.4, 3611.58
76.45, 54710.9, 3611.15
76.451, 54711.3, 3610.71
76.452, 54711.7, 3610.28
76.453, 54712.2, 3609.85
76.454, 54712.6, 3609.41
76.455, 54713.1, 3608.98
76.456, 54713.5, 3608.54
76.457, 54713.9, 3608.11
76.458, 54714.4, 3607.68
76.459, 54714.8, 3607.24
76.46, 54715.3, 3606.81
76.461, 54715.7, 3606.38
76.462, 54716.1, 3605.94
76.463, 54716.6, 3605.51
76.464, 54717, 3605.07
76.465, 54717.5, 3604.64
76.466, 54717.9, 3604.21
76.467, 54718.3, 3603.77
76.468, 54718.8, 3603.34
76.469, 54719.2, 3602.9
76.47, 54719.7, 3602.47
76.471, 54720.1, 3602.03
76.472, 54720.5, 3601.6
76.473, 54721, 3601.17
76.474, 54721.4, 3600.73
76.475, 54721.9, 3600.3
76.476, 54722.3, 3599.86
76.477, 54722.7, 3599.43
76.478, 54723.2, 3599
76.479, 54723.6, 3598.56
76.48, 54724.1, 3598.13
76.481, 54724.5, 3597.69
76.482, 54724.9, 3597.26
76.483, 54725.4, 3596.82
76.484, 54725.8, 3596.39
76.485, 54726.3, 3595.95
76.486, 54726.7, 3595.52
76.487, 54727.1, 3595.09
76.488, 54727.6, 3594.65
76.489, 54728, 3594.22
76.49, 54728.5, 3593.78
76.491, 54728.9, 3593.35
76.492, 54729.3, 3592.91
76.493, 54729.8, 3592.48
76.494, 54730.2, 3592.04
76.495, 54730.7, 3591.61
76.496, 54731.1, 3591.18
76.497, 54731.5, 3590.74
76.498, 54732, 3590.31
76.499, 54732.4, 3589.87
76.5, 54732.9, 3589.44
76.501, 54733.3, 3589
76.502, 54733.7, 3588.57
76.503, 54734.2, 3588.13
76.504, 54734.6, 3587.7
76.505, 54735.1, 3587.26
76.506, 54735.5, 3586.83
76.507, 54735.9, 3586.39
76.508, 54736.4, 3585.96
76.509, 54736.8, 3585.52
76.51, 54737.3, 3585.09
76.511, 54737.7, 3584.65
76.512, 54738.1, 3584.22
76.513, 54738.6, 3583.79
76.514, 54739, 3583.35
76.515, 54739.4, 3582.92
76.516, 54739.9, 3582.48
76.517, 54740.3, 3582.05
76.518, 54740.8, 3581.61
76.519, 54741.2, 3581.18
76.52, 54741.6, 3580.74
76.521, 54742.1, 3580.31
76.522, 54742.5, 3579.87
76.523, 54743, 3579.44
76.524, 54743.4, 3579
76.525, 54743.8, 3578.57
76.526, 54744.3, 3578.13
76.527, 54744.7, 3577.69
76.528, 54745.2, 3577.26
76.529, 54745.6, 3576.82
76.53, 54746, 3576.39
76.531, 54746.5, 3575.95
76.532, 54746.9, 3575.52
76.533, 54747.4, 3575.08
76.534, 54747.8, 3574.65
76.535, 54748.2, 3574.21
76.536, 54748.7, 3573.78
76.537, 54749.1, 3573.34
76.538, 54749.6, 3572.91
76.539, 54750, 3572.47
76.54, 54750.4, 3572.04
76.541, 54750.9, 3571.6
76.542, 54751.3, 3571.17
76.543, 54751.8, 3570.73
76.544, 54752.2, 3570.3
76.545, 54752.6, 3569.86
76.546, 54753.1, 3569.42
76.547, 54753.5, 3568.99
76.548, 54753.9, 3568.55
76.549, 54754.4, 3568.12
76.55, 54754.8, 3567.68
76.551, 54755.3, 3567.25
76.552, 54755.7, 3566.81
76.553, 54756.1, 3566.38
76.554, 54756.6, 3565.94
76.555, 54757, 3565.5
76.556, 54757.5, 3565.07
76.557, 54757.9, 3564.63
76.558, 54758.3, 3564.2
76.559, 54758.8, 3563.76
76.56, 54759.2, 3563.33
76.561, 54759.7, 3562.89
76.562, 54760.1, 3562.45
76.563, 54760.5, 3562.02
76.564, 54761, 3561.58
76.565, 54761.4, 3561.15
76.566, 54761.9, 3560.71
76.567, 54762.3, 3560.28
76.568, 54762.7, 3559.84
76.569, 54763.2, 3559.4
76.57, 54763.6, 3558.97
76.571, 54764, 3558.53
76.572, 54764.5, 3558.1
76.573, 54764.9, 3557.66
76.574, 54765.4, 3557.22
76.575, 54765.8, 3556.79
76.576, 54766.2, 3556.35
76.577, 54766.7, 3555.92
76.578, 54767.1, 3555.48
76.579, 54767.6, 3555.04
76.58, 54768, 3554.61
76.581, 54768.4, 3554.17
76.582, 54768.9, 3553.74
76.583, 54769.3, 3553.3
76.584, 54769.8, 3552.86
76.585, 54770.2, 3552.43
76.586, 54770.6, 3551.99
76.587, 54771.1, 3551.55
76.588, 54771.5, 3551.12
76.589, 54771.9, 3550.68
76.59, 54772.4, 3550.25
76.591, 54772.8, 3549.81
76.592, 54773.3, 3549.37
76.593, 54773.7, 3548.94
76.594, 54774.1, 3548.5
76.595, 54774.6, 3548.06
76.596, 54775, 3547.63
76.597, 54775.5, 3547.19
76.598, 54775.9, 3546.76
76.599, 54776.3, 3546.32
76.6, 54776.8, 3545.88
76.601, 54777.2, 3545.45
76.602, 54777.7, 3545.01
76.603, 54778.1, 3544.57
76.604, 54778.5, 3544.14
76.605, 54779, 3543.7
76.606, 54779.4, 3543.26
76.607, 54779.8, 3542.83
76.608, 54780.3, 3542.39
76.609, 54780.7, 3541.95
76.61, 54781.2, 3541.52
76.611, 54781.6, 3541.08
76.612, 54782, 3540.64
76.613, 54782.5, 3540.21
76.614, 54782.9, 3539.77
76.615, 54783.4, 3539.33
76.616, 54783.8, 3538.9
76.617, 54784.2, 3538.46
76.618, 54784.7, 3538.02
76.619, 54785.1, 3537.59
76.62, 54785.5, 3537.15
76.621, 54786, 3536.71
76.622, 54786.4, 3536.28
76.623, 54786.9, 3535.84
76.624, 54787.3, 3535.4
76.625, 54787.7, 3534.97
76.626, 54788.2, 3534.53
76.627, 54788.6, 3534.09
76.628, 54789.1, 3533.66
76.629, 54789.5, 3533.22
76.63, 54789.9, 3532.78
76.631, 54790.4, 3532.34
76.632, 54790.8, 3531.91
76.633, 54791.2, 3531.47
76.634, 54791.7, 3531.03
76.635, 54792.1, 3530.6
76.636, 54792.6, 3530.16
76.637, 54793, 3529.72
76.638, 54793.4, 3529.29
76.639, 54793.9, 3528.85
76.64, 54794.3, 3528.41
76.641, 54794.8, 3527.97
76.642, 54795.2, 3527.54
76.643, 54795.6, 3527.1
76.644, 54796.1, 3526.66
76.645, 54796.5, 3526.23
76.646, 54796.9, 3525.79
76.647, 54797.4, 3525.35
76.648, 54797.8, 3524.91
76.649, 54798.3, 3524.48
76.65, 54798.7, 3524.04
76.651, 54799.1, 3523.6
76.652, 54799.6, 3523.16
76.653, 54800, 3522.73
76.654, 54800.5, 3522.29
76.655, 54800.9, 3521.85
76.656, 54801.3, 3521.41
76.657, 54801.8, 3520.98
76.658, 54802.2, 3520.54
76.659, 54802.6, 3520.1
76.66, 54803.1, 3519.66
76.661, 54803.5, 3519.23
76.662, 54804, 3518.79
76.663, 54804.4, 3518.35
76.664, 54804.8, 3517.91
76.665, 54805.3, 3517.48
76.666, 54805.7, 3517.04
76.667, 54806.2, 3516.6
76.668, 54806.6, 3516.16
76.669, 54807, 3515.73
76.67, 54807.5, 3515.29
76.671, 54807.9, 3514.85
76.672, 54808.3, 3514.41
76.673, 54808.8, 3513.98
76.674, 54809.2, 3513.54
76.675, 54809.7, 3513.1
76.676, 54810.1, 3512.66
76.677, 54810.5, 3512.22
76.678, 54811, 3511.79
76.679, 54811.4, 3511.35
76.68, 54811.9, 3510.91
76.681, 54812.3, 3510.47
76.682, 54812.7, 3510.04
76.683, 54813.2, 3509.6
76.684, 54813.6, 3509.16
76.685, 54814, 3508.72
76.686, 54814.5, 3508.28
76.687, 54814.9, 3507.85
76.688, 54815.4, 3507.41
76.689, 54815.8, 3506.97
76.69, 54816.2, 3506.53
76.691, 54816.7, 3506.09
76.692, 54817.1, 3505.66
76.693, 54817.5, 3505.22
76.694, 54818, 3504.78
76.695, 54818.4, 3504.34
76.696, 54818.9, 3503.9
76.697, 54819.3, 3503.46
76.698, 54819.7, 3503.03
76.699, 54820.2, 3502.59
76.7, 54820.6, 3502.15
76.701, 54821, 3501.71
76.702, 54821.5, 3501.27
76.703, 54821.9, 3500.84
76.704, 54822.4, 3500.4
76.705, 54822.8, 3499.96
76.706, 54823.2, 3499.52
76.707, 54823.7, 3499.08
76.708, 54824.1, 3498.64
76.709, 54824.6, 3498.21
76.71, 54825, 3497.77
76.711, 54825.4, 3497.33
76.712, 54825.9, 3496.89
76.713, 54826.3, 3496.45
76.714, 54826.7, 3496.01
76.715, 54827.2, 3495.57
76.716, 54827.6, 3495.14
76.717, 54828.1, 3494.7
76.718, 54828.5, 3494.26
76.719, 54828.9, 3493.82
76.72, 54829.4, 3493.38
76.721, 54829.8, 3492.94
76.722, 54830.2, 3492.5
76.723, 54830.7, 3492.07
76.724, 54831.1, 3491.63
76.725, 54831.6, 3491.19
76.726, 54832, 3490.75
76.727, 54832.4, 3490.31
76.728, 54832.9, 3489.87
76.729, 54833.3, 3489.43
76.73, 54833.7, 3489
76.731, 54834.2, 3488.56
76.732, 54834.6, 3488.12
76.733, 54835.1, 3487.68
76.734, 54835.5, 3487.24
76.735, 54835.9, 3486.8
76.736, 54836.4, 3486.36
76.737, 54836.8, 3485.92
76.738, 54837.2, 3485.48
76.739, 54837.7, 3485.05
76.74, 54838.1, 3484.61
76.741, 54838.6, 3484.17
76.742, 54839, 3483.73
76.743, 54839.4, 3483.29
76.744, 54839.9, 3482.85
76.745, 54840.3, 3482.41
76.746, 54840.7, 3481.97
76.747, 54841.2, 3481.53
76.748, 54841.6, 3481.09
76.749, 54842.1, 3480.66
76.75, 54842.5, 3480.22
76.751, 54842.9, 3479.78
76.752, 54843.4, 3479.34
76.753, 54843.8, 3478.9
76.754, 54844.2, 3478.46
76.755, 54844.7, 3478.02
76.756, 54845.1, 3477.58
76.757, 54845.6, 3477.14
76.758, 54846, 3476.7
76.759, 54846.4, 3476.26
76.76, 54846.9, 3475.82
76.761, 54847.3, 3475.39
76.762, 54847.7, 3474.95
76.763, 54848.2, 3474.51
76.764, 54848.6, 3474.07
76.765, 54849.1, 3473.63
76.766, 54849.5, 3473.19
76.767, 54849.9, 3472.75
76.768, 54850.4, 3472.31
76.769, 54850.8, 3471.87
76.77, 54851.2, 3471.43
76.771, 54851.7, 3470.99
76.772, 54852.1, 3470.55
76.773, 54852.6, 3470.11
76.774, 54853, 3469.67
76.775, 54853.4, 3469.23
76.776, 54853.9, 3468.79
76.777, 54854.3, 3468.35
76.778, 54854.7, 3467.91
76.779, 54855.2, 3467.47
76.78, 54855.6, 3467.04
76.781, 54856.1, 3466.6
76.782, 54856.5, 3466.16
76.783, 54856.9, 3465.72
76.784, 54857.4, 3465.28
76.785, 54857.8, 3464.84
76.786, 54858.2, 3464.4
76.787, 54858.7, 3463.96
76.788, 54859.1, 3463.52
76.789, 54859.6, 3463.08
76.79, 54860, 3462.64
76.791, 54860.4, 3462.2
76.792, 54860.9, 3461.76
76.793, 54861.3, 3461.32
76.794, 54861.7, 3460.88
76.795, 54862.2, 3460.44
76.796, 54862.6, 3460
76.797, 54863.1, 3459.56
76.798, 54863.5, 3459.12
76.799, 54863.9, 3458.68
76.8, 54864.4, 3458.24
76.801, 54864.8, 3457.8
76.802, 54865.2, 3457.36
76.803, 54865.7, 3456.92
76.804, 54866.1, 3456.48
76.805, 54866.6, 3456.04
76.806, 54867, 3455.6
76.807, 54867.4, 3455.16
76.808, 54867.9, 3454.72
76.809, 54868.3, 3454.28
76.81, 54868.7, 3453.84
76.811, 54869.2, 3453.4
76.812, 54869.6, 3452.96
76.813, 54870, 3452.52
76.814, 54870.5, 3452.08
76.815, 54870.9, 3451.64
76.816, 54871.4, 3451.2
76.817, 54871.8, 3450.76
76.818, 54872.2, 3450.32
76.819, 54872.7, 3449.87
76.82, 54873.1, 3449.43
76.821, 54873.5, 3448.99
76.822, 54874, 3448.55
76.823, 54874.4, 3448.11
76.824, 54874.9, 3447.67
76.825, 54875.3, 3447.23
76.826, 54875.7, 3446.79
76.827, 54876.2, 3446.35
76.828, 54876.6, 3445.91
76.829, 54877, 3445.47
76.83, 54877.5, 3445.03
76.831, 54877.9, 3444.59
76.832, 54878.4, 3444.15
76.833, 54878.8, 3443.71
76.834, 54879.2, 3443.27
76.835, 54879.7, 3442.83
76.836, 54880.1, 3442.39
76.837, 54880.5, 3441.95
76.838, 54881, 3441.5
76.839, 54881.4, 3441.06
76.84, 54881.8, 3440.62
76.841, 54882.3, 3440.18
76.842, 54882.7, 3439.74
76.843, 54883.2, 3439.3
76.844, 54883.6, 3438.86
76.845, 54884, 3438.42
76.846, 54884.5, 3437.98
76.847, 54884.9, 3437.54
76.848, 54885.3, 3437.1
76.849, 54885.8, 3436.66
76.85, 54886.2, 3436.22
76.851, 54886.7, 3435.77
76.852, 54887.1, 3435.33
76.853, 54887.5, 3434.89
76.854, 54888, 3434.45
76.855, 54888.4, 3434.01
76.856, 54888.8, 3433.57
76.857, 54889.3, 3433.13
76.858, 54889.7, 3432.69
76.859, 54890.1, 3432.25
76.86, 54890.6, 3431.81
76.861, 54891, 3431.36
76.862, 54891.5, 3430.92
76.863, 54891.9, 3430.48
76.864, 54892.3, 3430.04
76.865, 54892.8, 3429.6
76.866, 54893.2, 3429.16
76.867, 54893.6, 3428.72
76.868, 54894.1, 3428.28
76.869, 54894.5, 3427.83
76.87, 54894.9, 3427.39
76.871, 54895.4, 3426.95
76.872, 54895.8, 3426.51
76.873, 54896.3, 3426.07
76.874, 54896.7, 3425.63
76.875, 54897.1, 3425.19
76.876, 54897.6, 3424.75
76.877, 54898, 3424.3
76.878, 54898.4, 3423.86
76.879, 54898.9, 3423.42
76.88, 54899.3, 3422.98
76.881, 54899.8, 3422.54
76.882, 54900.2, 3422.1
76.883, 54900.6, 3421.66
76.884, 54901.1, 3421.21
76.885, 54901.5, 3420.77
76.886, 54901.9, 3420.33
76.887, 54902.4, 3419.89
76.888, 54902.8, 3419.45
76.889, 54903.2, 3419.01
76.89, 54903.7, 3418.56
76.891, 54904.1, 3418.12
76.892, 54904.6, 3417.68
76.893, 54905, 3417.24
76.894, 54905.4, 3416.8
76.895, 54905.9, 3416.36
76.896, 54906.3, 3415.91
76.897, 54906.7, 3415.47
76.898, 54907.2, 3415.03
76.899, 54907.6, 3414.59
76.9, 54908, 3414.15
76.901, 54908.5, 3413.7
76.902, 54908.9, 3413.26
76.903, 54909.4, 3412.82
76.904, 54909.8, 3412.38
76.905, 54910.2, 3411.94
76.906, 54910.7, 3411.5
76.907, 54911.1, 3411.05
76.908, 54911.5, 3410.61
76.909, 54912, 3410.17
76.91, 54912.4, 3409.73
76.911, 54912.8, 3409.29
76.912, 54913.3, 3408.84
76.913, 54913.7, 3408.4
76.914, 54914.2, 3407.96
76.915, 54914.6, 3407.52
76.916, 54915, 3407.08
76.917, 54915.5, 3406.63
76.918, 54915.9, 3406.19
76.919, 54916.3, 3405.75
76.92, 54916.8, 3405.31
76.921, 54917.2, 3404.86
76.922, 54917.6, 3404.42
76.923, 54918.1, 3403.98
76.924, 54918.5, 3403.54
76.925, 54918.9, 3403.1
76.926, 54919.4, 3402.65
76.927, 54919.8, 3402.21
76.928, 54920.3, 3401.77
76.929, 54920.7, 3401.33
76.93, 54921.1, 3400.88
76.931, 54921.6, 3400.44
76.932, 54922, 3400
76.933, 54922.4, 3399.56
76.934, 54922.9, 3399.11
76.935, 54923.3, 3398.67
76.936, 54923.7, 3398.23
76.937, 54924.2, 3397.79
76.938, 54924.6, 3397.34
76.939, 54925.1, 3396.9
76.94, 54925.5, 3396.46
76.941, 54925.9, 3396.02
76.942, 54926.4, 3395.57
76.943, 54926.8, 3395.13
76.944, 54927.2, 3394.69
76.945, 54927.7, 3394.25
76.946, 54928.1, 3393.8
76.947, 54928.5, 3393.36
76.948, 54929, 3392.92
76.949, 54929.4, 3392.48
76.95, 54929.8, 3392.03
76.951, 54930.3, 3391.59
76.952, 54930.7, 3391.15
76.953, 54931.2, 3390.71
76.954, 54931.6, 3390.26
76.955, 54932, 3389.82
76.956, 54932.5, 3389.38
76.957, 54932.9, 3388.93
76.958, 54933.3, 3388.49
76.959, 54933.8, 3388.05
76.96, 54934.2, 3387.61
76.961, 54934.6, 3387.16
76.962, 54935.1, 3386.72
76.963, 54935.5, 3386.28
76.964, 54936, 3385.83
76.965, 54936.4, 3385.39
76.966, 54936.8, 3384.95
76.967, 54937.3, 3384.5
76.968, 54937.7, 3384.06
76.969, 54938.1, 3383.62
76.97, 54938.6, 3383.18
76.971, 54939, 3382.73
76.972, 54939.4, 3382.29
76.973, 54939.9, 3381.85
76.974, 54940.3, 3381.4
76.975, 54940.7, 3380.96
76.976, 54941.2, 3380.52
76.977, 54941.6, 3380.07
76.978, 54942.1, 3379.63
76.979, 54942.5, 3379.19
76.98, 54942.9, 3378.74
76.981, 54943.4, 3378.3
76.982, 54943.8, 3377.86
76.983, 54944.2, 3377.41
76.984, 54944.7, 3376.97
76.985, 54945.1, 3376.53
76.986, 54945.5, 3376.08
76.987, 54946, 3375.64
76.988, 54946.4, 3375.2
76.989, 54946.8, 3374.75
76.99, 54947.3, 3374.31
76.991, 54947.7, 3373.87
76.992, 54948.2, 3373.42
76.993, 54948.6, 3372.98
76.994, 54949, 3372.54
76.995, 54949.5, 3372.09
76.996, 54949.9, 3371.65
76.997, 54950.3, 3371.21
76.998, 54950.8, 3370.76
76.999, 54951.2, 3370.32
77, 54951.6, 3369.87
77.001, 54952.1, 3369.43
77.002, 54952.5, 3368.99
77.003, 54952.9, 3368.54
77.004, 54953.4, 3368.1
77.005, 54953.8, 3367.66
77.006, 54954.2, 3367.21
77.007, 54954.7, 3366.77
77.008, 54955.1, 3366.32
77.009, 54955.6, 3365.88
77.01, 54956, 3365.44
77.011, 54956.4, 3364.99
77.012, 54956.9, 3364.55
77.013, 54957.3, 3364.11
77.014, 54957.7, 3363.66
77.015, 54958.2, 3363.22
77.016, 54958.6, 3362.77
77.017, 54959, 3362.33
77.018, 54959.5, 3361.89
77.019, 54959.9, 3361.44
77.02, 54960.3, 3361
77.021, 54960.8, 3360.55
77.022, 54961.2, 3360.11
77.023, 54961.7, 3359.67
77.024, 54962.1, 3359.22
77.025, 54962.5, 3358.78
77.026, 54963, 3358.33
77.027, 54963.4, 3357.89
77.028, 54963.8, 3357.45
77.029, 54964.3, 3357
77.03, 54964.7, 3356.56
77.031, 54965.1, 3356.11
77.032, 54965.6, 3355.67
77.033, 54966, 3355.22
77.034, 54966.4, 3354.78
77.035, 54966.9, 3354.34
77.036, 54967.3, 3353.89
77.037, 54967.7, 3353.45
77.038, 54968.2, 3353
77.039, 54968.6, 3352.56
77.04, 54969.1, 3352.11
77.041, 54969.5, 3351.67
77.042, 54969.9, 3351.23
77.043, 54970.4, 3350.78
77.044, 54970.8, 3350.34
77.045, 54971.2, 3349.89
77.046, 54971.7, 3349.45
77.047, 54972.1, 3349
77.048, 54972.5, 3348.56
77.049, 54973, 3348.11
77.05, 54973.4, 3347.67
77.051, 54973.8, 3347.23
77.052, 54974.3, 3346.78
77.053, 54974.7, 3346.34
77.054, 54975.1, 3345.89
77.055, 54975.6, 3345.45
77.056, 54976, 3345
77.057, 54976.4, 3344.56
77.058, 54976.9, 3344.11
77.059, 54977.3, 3343.67
77.06, 54977.8, 3343.22
77.061, 54978.2, 3342.78
77.062, 54978.6, 3342.33
77.063, 54979.1, 3341.89
77.064, 54979.5, 3341.45
77.065, 54979.9, 3341
77.066, 54980.4, 3340.56
77.067, 54980.8, 3340.11
77.068, 54981.2, 3339.67
77.069, 54981.7, 3339.22
77.07, 54982.1, 3338.78
77.071, 54982.5, 3338.33
77.072, 54983, 3337.89
77.073, 54983.4, 3337.44
77.074, 54983.8, 3337
77.075, 54984.3, 3336.55
77.076, 54984.7, 3336.11
77.077, 54985.1, 3335.66
77.078, 54985.6, 3335.22
77.079, 54986, 3334.77
77.08, 54986.5, 3334.33
77.081, 54986.9, 3333.88
77.082, 54987.3, 3333.44
77.083, 54987.8, 3332.99
77.084, 54988.2, 3332.55
77.085, 54988.6, 3332.1
77.086, 54989.1, 3331.66
77.087, 54989.5, 3331.21
77.088, 54989.9, 3330.76
77.089, 54990.4, 3330.32
77.09, 54990.8, 3329.87
77.091, 54991.2, 3329.43
77.092, 54991.7, 3328.98
77.093, 54992.1, 3328.54
77.094, 54992.5, 3328.09
77.095, 54993, 3327.65
77.096, 54993.4, 3327.2
77.097, 54993.8, 3326.76
77.098, 54994.3, 3326.31
77.099, 54994.7, 3325.87
77.1, 54995.1, 3325.42
77.101, 54995.6, 3324.98
77.102, 54996, 3324.53
77.103, 54996.5, 3324.08
77.104, 54996.9, 3323.64
77.105, 54997.3, 3323.19
77.106, 54997.8, 3322.75
77.107, 54998.2, 3322.3
77.108, 54998.6, 3321.86
77.109, 54999.1, 3321.41
77.11, 54999.5, 3320.97
77.111, 54999.9, 3320.52
77.112, 55000.4, 3320.07
77.113, 55000.8, 3319.63
77.114, 55001.2, 3319.18
77.115, 55001.7, 3318.74
77.116, 55002.1, 3318.29
77.117, 55002.5, 3317.85
77.118, 55003, 3317.4
77.119, 55003.4, 3316.95
77.12, 55003.8, 3316.51
77.121, 55004.3, 3316.06
77.122, 55004.7, 3315.62
77.123, 55005.1, 3315.17
77.124, 55005.6, 3314.72
77.125, 55006, 3314.28
77.126, 55006.4, 3313.83
77.127, 55006.9, 3313.39
77.128, 55007.3, 3312.94
77.129, 55007.8, 3312.5
77.13, 55008.2, 3312.05
77.131, 55008.6, 3311.6
77.132, 55009.1, 3311.16
77.133, 55009.5, 3310.71
77.134, 55009.9, 3310.26
77.135, 55010.4, 3309.82
77.136, 55010.8, 3309.37
77.137, 55011.2, 3308.93
77.138, 55011.7, 3308.48
77.139, 55012.1, 3308.03
77.14, 55012.5, 3307.59
77.141, 55013, 3307.14
77.142, 55013.4, 3306.7
77.143, 55013.8, 3306.25
77.144, 55014.3, 3305.8
77.145, 55014.7, 3305.36
77.146, 55015.1, 3304.91
77.147, 55015.6, 3304.46
77.148, 55016, 3304.02
77.149, 55016.4, 3303.57
77.15, 55016.9, 3303.13
77.151, 55017.3, 3302.68
77.152, 55017.7, 3302.23
77.153, 55018.2, 3301.79
77.154, 55018.6, 3301.34
77.155, 55019, 3300.89
77.156, 55019.5, 3300.45
77.157, 55019.9, 3300
77.158, 55020.3, 3299.55
77.159, 55020.8, 3299.11
77.16, 55021.2, 3298.66
77.161, 55021.6, 3298.21
77.162, 55022.1, 3297.77
77.163, 55022.5, 3297.32
77.164, 55023, 3296.87
77.165, 55023.4, 3296.43
77.166, 55023.8, 3295.98
77.167, 55024.3, 3295.53
77.168, 55024.7, 3295.09
77.169, 55025.1, 3294.64
77.17, 55025.6, 3294.19
77.171, 55026, 3293.75
77.172, 55026.4, 3293.3
77.173, 55026.9, 3292.85
77.174, 55027.3, 3292.41
77.175, 55027.7, 3291.96
77.176, 55028.2, 3291.51
77.177, 55028.6, 3291.07
77.178, 55029, 3290.62
77.179, 55029.5, 3290.17
77.18, 55029.9, 3289.73
77.181, 55030.3, 3289.28
77.182, 55030.8, 3288.83
77.183, 55031.2, 3288.39
77.184, 55031.6, 3287.94
77.185, 55032.1, 3287.49
77.186, 55032.5, 3287.04
77.187, 55032.9, 3286.6
77.188, 55033.4, 3286.15
77.189, 55033.8, 3285.7
77.19, 55034.2, 3285.26
77.191, 55034.7, 3284.81
77.192, 55035.1, 3284.36
77.193, 55035.5, 3283.92
77.194, 55036, 3283.47
77.195, 55036.4, 3283.02
77.196, 55036.8, 3282.57
77.197, 55037.3, 3282.13
77.198, 55037.7, 3281.68
77.199, 55038.1, 3281.23
77.2, 55038.6, 3280.78
77.201, 55039, 3280.34
77.202, 55039.4, 3279.89
77.203, 55039.9, 3279.44
77.204, 55040.3, 3279
77.205, 55040.7, 3278.55
77.206, 55041.2, 3278.1
77.207, 55041.6, 3277.65
77.208, 55042, 3277.21
77.209, 55042.5, 3276.76
77.21, 55042.9, 3276.31
77.211, 55043.3, 3275.86
77.212, 55043.8, 3275.42
77.213, 55044.2, 3274.97
77.214, 55044.7, 3274.52
77.215, 55045.1, 3274.07
77.216, 55045.5, 3273.63
77.217, 55046, 3273.18
77.218, 55046.4, 3272.73
77.219, 55046.8, 3272.28
77.22, 55047.3, 3271.84
77.221, 55047.7, 3271.39
77.222, 55048.1, 3270.94
77.223, 55048.6, 3270.49
77.224, 55049, 3270.04
77.225, 55049.4, 3269.6
77.226, 55049.9, 3269.15
77.227, 55050.3, 3268.7
77.228, 55050.7, 3268.25
77.229, 55051.2, 3267.81
77.23, 55051.6, 3267.36
77.231, 55052, 3266.91
77.232, 55052.5, 3266.46
77.233, 55052.9, 3266.01
77.234, 55053.3, 3265.57
77.235, 55053.8, 3265.12
77.236, 55054.2, 3264.67
77.237, 55054.6, 3264.22
77.238, 55055.1, 3263.77
77.239, 55055.5, 3263.33
77.24, 55055.9, 3262.88
77.241, 55056.4, 3262.43
77.242, 55056.8, 3261.98
77.243, 55057.2, 3261.53
77.244, 55057.7, 3261.09
77.245, 55058.1, 3260.64
77.246, 55058.5, 3260.19
77.247, 55059, 3259.74
77.248, 55059.4, 3259.29
77.249, 55059.8, 3258.85
77.25, 55060.3, 3258.4
77.251, 55060.7, 3257.95
77.252, 55061.1, 3257.5
77.253, 55061.6, 3257.05
77.254, 55062, 3256.61
77.255, 55062.4, 3256.16
77.256, 55062.9, 3255.71
77.257, 55063.3, 3255.26
77.258, 55063.7, 3254.81
77.259, 55064.2, 3254.36
77.26, 55064.6, 3253.92
77.261, 55065, 3253.47
77.262, 55065.5, 3253.02
77.263, 55065.9, 3252.57
77.264, 55066.3, 3252.12
77.265, 55066.8, 3251.67
77.266, 55067.2, 3251.22
77.267, 55067.6, 3250.78
77.268, 55068.1, 3250.33
77.269, 55068.5, 3249.88
77.27, 55068.9, 3249.43
77.271, 55069.4, 3248.98
77.272, 55069.8, 3248.53
77.273, 55070.2, 3248.08
77.274, 55070.7, 3247.64
77.275, 55071.1, 3247.19
77.276, 55071.5, 3246.74
77.277, 55072, 3246.29
77.278, 55072.4, 3245.84
77.279, 55072.8, 3245.39
77.28, 55073.3, 3244.94
77.281, 55073.7, 3244.5
77.282, 55074.1, 3244.05
77.283, 55074.6, 3243.6
77.284, 55075, 3243.15
77.285, 55075.4, 3242.7
77.286, 55075.9, 3242.25
77.287, 55076.3, 3241.8
77.288, 55076.7, 3241.35
77.289, 55077.2, 3240.9
77.29, 55077.6, 3240.46
77.291, 55078, 3240.01
77.292, 55078.5, 3239.56
77.293, 55078.9, 3239.11
77.294, 55079.3, 3238.66
77.295, 55079.8, 3238.21
77.296, 55080.2, 3237.76
77.297, 55080.6, 3237.31
77.298, 55081.1, 3236.86
77.299, 55081.5, 3236.41
77.3, 55081.9, 3235.97
77.301, 55082.4, 3235.52
77.302, 55082.8, 3235.07
77.303, 55083.2, 3234.62
77.304, 55083.7, 3234.17
77.305, 55084.1, 3233.72
77.306, 55084.5, 3233.27
77.307, 55085, 3232.82
77.308, 55085.4, 3232.37
77.309, 55085.8, 3231.92
77.31, 55086.3, 3231.47
77.311, 55086.7, 3231.02
77.312, 55087.1, 3230.57
77.313, 55087.6, 3230.13
77.314, 55088, 3229.68
77.315, 55088.4, 3229.23
77.316, 55088.9, 3228.78
77.317, 55089.3, 3228.33
77.318, 55089.7, 3227.88
77.319, 55090.2, 3227.43
77.32, 55090.6, 3226.98
77.321, 55091, 3226.53
77.322, 55091.4, 3226.08
77.323, 55091.9, 3225.63
77.324, 55092.3, 3225.18
77.325, 55092.7, 3224.73
77.326, 55093.2, 3224.28
77.327, 55093.6, 3223.83
77.328, 55094, 3223.38
77.329, 55094.5, 3222.93
77.33, 55094.9, 3222.48
77.331, 55095.3, 3222.03
77.332, 55095.8, 3221.58
77.333, 55096.2, 3221.13
77.334, 55096.6, 3220.69
77.335, 55097.1, 3220.24
77.336, 55097.5, 3219.79
77.337, 55097.9, 3219.34
77.338, 55098.4, 3218.89
77.339, 55098.8, 3218.44
77.34, 55099.2, 3217.99
77.341, 55099.7, 3217.54
77.342, 55100.1, 3217.09
77.343, 55100.5, 3216.64
77.344, 55101, 3216.19
77.345, 55101.4, 3215.74
77.346, 55101.8, 3215.29
77.347, 55102.3, 3214.84
77.348, 55102.7, 3214.39
77.349, 55103.1, 3213.94
77.35, 55103.6, 3213.49
77.351, 55104, 3213.04
77.352, 55104.4, 3212.59
77.353, 55104.9, 3212.14
77.354, 55105.3, 3211.69
77.355, 55105.7, 3211.24
77.356, 55106.2, 3210.79
77.357, 55106.6, 3210.34
77.358, 55107, 3209.89
77.359, 55107.5, 3209.44
77.36, 55107.9, 3208.99
77.361, 55108.3, 3208.54
77.362, 55108.8, 3208.09
77.363, 55109.2, 3207.63
77.364, 55109.6, 3207.18
77.365, 55110.1, 3206.73
77.366, 55110.5, 3206.28
77.367, 55110.9, 3205.83
77.368, 55111.4, 3205.38
77.369, 55111.8, 3204.93
77.37, 55112.2, 3204.48
77.371, 55112.7, 3204.03
77.372, 55113.1, 3203.58
77.373, 55113.5, 3203.13
77.374, 55113.9, 3202.68
77.375, 55114.4, 3202.23
77.376, 55114.8, 3201.78
77.377, 55115.2, 3201.33
77.378, 55115.7, 3200.88
77.379, 55116.1, 3200.43
77.38, 55116.5, 3199.98
77.381, 55117, 3199.53
77.382, 55117.4, 3199.08
77.383, 55117.8, 3198.63
77.384, 55118.3, 3198.18
77.385, 55118.7, 3197.72
77.386, 55119.1, 3197.27
77.387, 55119.6, 3196.82
77.388, 55120, 3196.37
77.389, 55120.4, 3195.92
77.39, 55120.9, 3195.47
77.391, 55121.3, 3195.02
77.392, 55121.7, 3194.57
77.393, 55122.2, 3194.12
77.394, 55122.6, 3193.67
77.395, 55123, 3193.22
77.396, 55123.5, 3192.77
77.397, 55123.9, 3192.31
77.398, 55124.3, 3191.86
77.399, 55124.8, 3191.41
77.4, 55125.2, 3190.96
77.401, 55125.6, 3190.51
77.402, 55126.1, 3190.06
77.403, 55126.5, 3189.61
77.404, 55126.9, 3189.16
77.405, 55127.3, 3188.71
77.406, 55127.8, 3188.26
77.407, 55128.2, 3187.81
77.408, 55128.6, 3187.35
77.409, 55129.1, 3186.9
77.41, 55129.5, 3186.45
77.411, 55129.9, 3186
77.412, 55130.4, 3185.55
77.413, 55130.8, 3185.1
77.414, 55131.2, 3184.65
77.415, 55131.7, 3184.2
77.416, 55132.1, 3183.74
77.417, 55132.5, 3183.29
77.418, 55133, 3182.84
77.419, 55133.4, 3182.39
77.42, 55133.8, 3181.94
77.421, 55134.3, 3181.49
77.422, 55134.7, 3181.04
77.423, 55135.1, 3180.59
77.424, 55135.6, 3180.13
77.425, 55136, 3179.68
77.426, 55136.4, 3179.23
77.427, 55136.9, 3178.78
77.428, 55137.3, 3178.33
77.429, 55137.7, 3177.88
77.43, 55138.2, 3177.43
77.431, 55138.6, 3176.97
77.432, 55139, 3176.52
77.433, 55139.4, 3176.07
77.434, 55139.9, 3175.62
77.435, 55140.3, 3175.17
77.436, 55140.7, 3174.72
77.437, 55141.2, 3174.26
77.438, 55141.6, 3173.81
77.439, 55142, 3173.36
77.44, 55142.5, 3172.91
77.441, 55142.9, 3172.46
77.442, 55143.3, 3172.01
77.443, 55143.8, 3171.55
77.444, 55144.2, 3171.1
77.445, 55144.6, 3170.65
77.446, 55145.1, 3170.2
77.447, 55145.5, 3169.75
77.448, 55145.9, 3169.3
77.449, 55146.4, 3168.84
77.45, 55146.8, 3168.39
77.451, 55147.2, 3167.94
77.452, 55147.7, 3167.49
77.453, 55148.1, 3167.04
77.454, 55148.5, 3166.58
77.455, 55148.9, 3166.13
77.456, 55149.4, 3165.68
77.457, 55149.8, 3165.23
77.458, 55150.2, 3164.78
77.459, 55150.7, 3164.32
77.46, 55151.1, 3163.87
77.461, 55151.5, 3163.42
77.462, 55152, 3162.97
77.463, 55152.4, 3162.52
77.464, 55152.8, 3162.06
77.465, 55153.3, 3161.61
77.466, 55153.7, 3161.16
77.467, 55154.1, 3160.71
77.468, 55154.6, 3160.25
77.469, 55155, 3159.8
77.47, 55155.4, 3159.35
77.471, 55155.9, 3158.9
77.472, 55156.3, 3158.45
77.473, 55156.7, 3157.99
77.474, 55157.1, 3157.54
77.475, 55157.6, 3157.09
77.476, 55158, 3156.64
77.477, 55158.4, 3156.18
77.478, 55158.9, 3155.73
77.479, 55159.3, 3155.28
77.48, 55159.7, 3154.83
77.481, 55160.2, 3154.37
77.482, 55160.6, 3153.92
77.483, 55161, 3153.47
77.484, 55161.5, 3153.02
77.485, 55161.9, 3152.56
77.486, 55162.3, 3152.11
77.487, 55162.8, 3151.66
77.488, 55163.2, 3151.21
77.489, 55163.6, 3150.75
77.49, 55164.1, 3150.3
77.491, 55164.5, 3149.85
77.492, 55164.9, 3149.4
77.493, 55165.3, 3148.94
77.494, 55165.8, 3148.49
77.495, 55166.2, 3148.04
77.496, 55166.6, 3147.59
77.497, 55167.1, 3147.13
77.498, 55167.5, 3146.68
77.499, 55167.9, 3146.23
77.5, 55168.4, 3145.77
77.501, 55168.8, 3145.32
77.502, 55169.2, 3144.87
77.503, 55169.7, 3144.42
77.504, 55170.1, 3143.96
77.505, 55170.5, 3143.51
77.506, 55171, 3143.06
77.507, 55171.4, 3142.6
77.508, 55171.8, 3142.15
77.509, 55172.3, 3141.7
77.51, 55172.7, 3141.25
77.511, 55173.1, 3140.79
77.512, 55173.5, 3140.34
77.513, 55174, 3139.89
77.514, 55174.4, 3139.43
77.515, 55174.8, 3138.98
77.516, 55175.3, 3138.53
77.517, 55175.7, 3138.07
77.518, 55176.1, 3137.62
77.519, 55176.6, 3137.17
77.52, 55177, 3136.71
77.521, 55177.4, 3136.26
77.522, 55177.9, 3135.81
77.523, 55178.3, 3135.35
77.524, 55178.7, 3134.9
77.525, 55179.2, 3134.45
77.526, 55179.6, 3133.99
77.527, 55180, 3133.54
77.528, 55180.4, 3133.09
77.529, 55180.9, 3132.63
77.53, 55181.3, 3132.18
77.531, 55181.7, 3131.73
77.532, 55182.2, 3131.27
77.533, 55182.6, 3130.82
77.534, 55183, 3130.37
77.535, 55183.5, 3129.91
77.536, 55183.9, 3129.46
77.537, 55184.3, 3129.01
77.538, 55184.8, 3128.55
77.539, 55185.2, 3128.1
77.54, 55185.6, 3127.65
77.541, 55186, 3127.19
77.542, 55186.5, 3126.74
77.543, 55186.9, 3126.29
77.544, 55187.3, 3125.83
77.545, 55187.8, 3125.38
77.546, 55188.2, 3124.93
77.547, 55188.6, 3124.47
77.548, 55189.1, 3124.02
77.549, 55189.5, 3123.56
77.55, 55189.9, 3123.11
77.551, 55190.4, 3122.66
77.552, 55190.8, 3122.2
77.553, 55191.2, 3121.75
77.554, 55191.7, 3121.3
77.555, 55192.1, 3120.84
77.556, 55192.5, 3120.39
77.557, 55192.9, 3119.93
77.558, 55193.4, 3119.48
77.559, 55193.8, 3119.03
77.56, 55194.2, 3118.57
77.561, 55194.7, 3118.12
77.562, 55195.1, 3117.66
77.563, 55195.5, 3117.21
77.564, 55196, 3116.76
77.565, 55196.4, 3116.3
77.566, 55196.8, 3115.85
77.567, 55197.3, 3115.39
77.568, 55197.7, 3114.94
77.569, 55198.1, 3114.49
77.57, 55198.5, 3114.03
77.571, 55199, 3113.58
77.572, 55199.4, 3113.12
77.573, 55199.8, 3112.67
77.574, 55200.3, 3112.22
77.575, 55200.7, 3111.76
77.576, 55201.1, 3111.31
77.577, 55201.6, 3110.85
77.578, 55202, 3110.4
77.579, 55202.4, 3109.94
77.58, 55202.9, 3109.49
77.581, 55203.3, 3109.04
77.582, 55203.7, 3108.58
77.583, 55204.1, 3108.13
77.584, 55204.6, 3107.67
77.585, 55205, 3107.22
77.586, 55205.4, 3106.76
77.587, 55205.9, 3106.31
77.588, 55206.3, 3105.85
77.589, 55206.7, 3105.4
77.59, 55207.2, 3104.95
77.591, 55207.6, 3104.49
77.592, 55208, 3104.04
77.593, 55208.5, 3103.58
77.594, 55208.9, 3103.13
77.595, 55209.3, 3102.67
77.596, 55209.7, 3102.22
77.597, 55210.2, 3101.76
77.598, 55210.6, 3101.31
77.599, 55211, 3100.85
77.6, 55211.5, 3100.4
77.601, 55211.9, 3099.95
77.602, 55212.3, 3099.49
77.603, 55212.8, 3099.04
77.604, 55213.2, 3098.58
77.605, 55213.6, 3098.13
77.606, 55214, 3097.67
77.607, 55214.5, 3097.22
77.608, 55214.9, 3096.76
77.609, 55215.3, 3096.31
77.61, 55215.8, 3095.85
77.611, 55216.2, 3095.4
77.612, 55216.6, 3094.94
77.613, 55217.1, 3094.49
77.614, 55217.5, 3094.03
77.615, 55217.9, 3093.58
77.616, 55218.4, 3093.12
77.617, 55218.8, 3092.67
77.618, 55219.2, 3092.21
77.619, 55219.6, 3091.76
77.62, 55220.1, 3091.3
77.621, 55220.5, 3090.85
77.622, 55220.9, 3090.39
77.623, 55221.4, 3089.94
77.624, 55221.8, 3089.48
77.625, 55222.2, 3089.03
77.626, 55222.7, 3088.57
77.627, 55223.1, 3088.12
77.628, 55223.5, 3087.66
77.629, 55223.9, 3087.21
77.63, 55224.4, 3086.75
77.631, 55224.8, 3086.3
77.632, 55225.2, 3085.84
77.633, 55225.7, 3085.39
77.634, 55226.1, 3084.93
77.635, 55226.5, 3084.48
77.636, 55227, 3084.02
77.637, 55227.4, 3083.56
77.638, 55227.8, 3083.11
77.639, 55228.3, 3082.65
77.64, 55228.7, 3082.2
77.641, 55229.1, 3081.74
77.642, 55229.5, 3081.29
77.643, 55230, 3080.83
77.644, 55230.4, 3080.38
77.645, 55230.8, 3079.92
77.646, 55231.3, 3079.47
77.647, 55231.7, 3079.01
77.648, 55232.1, 3078.55
77.649, 55232.6, 3078.1
77.65, 55233, 3077.64
77.651, 55233.4, 3077.19
77.652, 55233.8, 3076.73
77.653, 55234.3, 3076.28
77.654, 55234.7, 3075.82
77.655, 55235.1, 3075.37
77.656, 55235.6, 3074.91
77.657, 55236, 3074.45
77.658, 55236.4, 3074
77.659, 55236.9, 3073.54
77.66, 55237.3, 3073.09
77.661, 55237.7, 3072.63
77.662, 55238.1, 3072.17
77.663, 55238.6, 3071.72
77.664, 55239, 3071.26
77.665, 55239.4, 3070.81
77.666, 55239.9, 3070.35
77.667, 55240.3, 3069.9
77.668, 55240.7, 3069.44
77.669, 55241.2, 3068.98
77.67, 55241.6, 3068.53
77.671, 55242, 3068.07
77.672, 55242.4, 3067.62
77.673, 55242.9, 3067.16
77.674, 55243.3, 3066.7
77.675, 55243.7, 3066.25
77.676, 55244.2, 3065.79
77.677, 55244.6, 3065.34
77.678, 55245, 3064.88
77.679, 55245.5, 3064.42
77.68, 55245.9, 3063.97
77.681, 55246.3, 3063.51
77.682, 55246.7, 3063.05
77.683, 55247.2, 3062.6
77.684, 55247.6, 3062.14
77.685, 55248, 3061.69
77.686, 55248.5, 3061.23
77.687, 55248.9, 3060.77
77.688, 55249.3, 3060.32
77.689, 55249.8, 3059.86
77.69, 55250.2, 3059.4
77.691, 55250.6, 3058.95
77.692, 55251, 3058.49
77.693, 55251.5, 3058.04
77.694, 55251.9, 3057.58
77.695, 55252.3, 3057.12
77.696, 55252.8, 3056.67
77.697, 55253.2, 3056.21
77.698, 55253.6, 3055.75
77.699, 55254, 3055.3
77.7, 55254.5, 3054.84
77.701, 55254.9, 3054.38
77.702, 55255.3, 3053.93
77.703, 55255.8, 3053.47
77.704, 55256.2, 3053.01
77.705, 55256.6, 3052.56
77.706, 55257.1, 3052.1
77.707, 55257.5, 3051.64
77.708, 55257.9, 3051.19
77.709, 55258.3, 3050.73
77.71, 55258.8, 3050.27
77.711, 55259.2, 3049.82
77.712, 55259.6, 3049.36
77.713, 55260.1, 3048.9
77.714, 55260.5, 3048.45
77.715, 55260.9, 3047.99
77.716, 55261.4, 3047.53
77.717, 55261.8, 3047.08
77.718, 55262.2, 3046.62
77.719, 55262.6, 3046.16
77.72, 55263.1, 3045.71
77.721, 55263.5, 3045.25
77.722, 55263.9, 3044.79
77.723, 55264.4, 3044.33
77.724, 55264.8, 3043.88
77.725, 55265.2, 3043.42
77.726, 55265.6, 3042.96
77.727, 55266.1, 3042.51
77.728, 55266.5, 3042.05
77.729, 55266.9, 3041.59
77.73, 55267.4, 3041.14
77.731, 55267.8, 3040.68
77.732, 55268.2, 3040.22
77.733, 55268.7, 3039.76
77.734, 55269.1, 3039.31
77.735, 55269.5, 3038.85
77.736, 55269.9, 3038.39
77.737, 55270.4, 3037.93
77.738, 55270.8, 3037.48
77.739, 55271.2, 3037.02
77.74, 55271.7, 3036.56
77.741, 55272.1, 3036.11
77.742, 55272.5, 3035.65
77.743, 55272.9, 3035.19
77.744, 55273.4, 3034.73
77.745, 55273.8, 3034.28
77.746, 55274.2, 3033.82
77.747, 55274.7, 3033.36
77.748, 55275.1, 3032.9
77.749, 55275.5, 3032.45
77.75, 55276, 3031.99
77.751, 55276.4, 3031.53
77.752, 55276.8, 3031.07
77.753, 55277.2, 3030.62
77.754, 55277.7, 3030.16
77.755, 55278.1, 3029.7
77.756, 55278.5, 3029.24
77.757, 55279, 3028.79
77.758, 55279.4, 3028.33
77.759, 55279.8, 3027.87
77.76, 55280.2, 3027.41
77.761, 55280.7, 3026.96
77.762, 55281.1, 3026.5
77.763, 55281.5, 3026.04
77.764, 55282, 3025.58
77.765, 55282.4, 3025.13
77.766, 55282.8, 3024.67
77.767, 55283.3, 3024.21
77.768, 55283.7, 3023.75
77.769, 55284.1, 3023.29
77.77, 55284.5, 3022.84
77.771, 55285, 3022.38
77.772, 55285.4, 3021.92
77.773, 55285.8, 3021.46
77.774, 55286.3, 3021
77.775, 55286.7, 3020.55
77.776, 55287.1, 3020.09
77.777, 55287.5, 3019.63
77.778, 55288, 3019.17
77.779, 55288.4, 3018.71
77.78, 55288.8, 3018.26
77.781, 55289.3, 3017.8
77.782, 55289.7, 3017.34
77.783, 55290.1, 3016.88
77.784, 55290.5, 3016.42
77.785, 55291, 3015.97
77.786, 55291.4, 3015.51
77.787, 55291.8, 3015.05
77.788, 55292.3, 3014.59
77.789, 55292.7, 3014.13
77.79, 55293.1, 3013.68
77.791, 55293.5, 3013.22
77.792, 55294, 3012.76
77.793, 55294.4, 3012.3
77.794, 55294.8, 3011.84
77.795, 55295.3, 3011.38
77.796, 55295.7, 3010.93
77.797, 55296.1, 3010.47
77.798, 55296.6, 3010.01
77.799, 55297, 3009.55
77.8, 55297.4, 3009.09
77.801, 55297.8, 3008.63
77.802, 55298.3, 3008.17
77.803, 55298.7, 3007.72
77.804, 55299.1, 3007.26
77.805, 55299.6, 3006.8
77.806, 55300, 3006.34
77.807, 55300.4, 3005.88
77.808, 55300.8, 3005.42
77.809, 55301.3, 3004.97
77.81, 55301.7, 3004.51
77.811, 55302.1, 3004.05
77.812, 55302.6, 3003.59
77.813, 55303, 3003.13
77.814, 55303.4, 3002.67
77.815, 55303.8, 3002.21
77.816, 55304.3, 3001.75
77.817, 55304.7, 3001.3
77.818, 55305.1, 3000.84
77.819, 55305.6, 3000.38
77.82, 55306, 2999.92
77.821, 55306.4, 2999.46
77.822, 55306.8, 2999
77.823, 55307.3, 2998.54
77.824, 55307.7, 2998.08
77.825, 55308.1, 2997.63
77.826, 55308.6, 2997.17
77.827, 55309, 2996.71
77.828, 55309.4, 2996.25
77.829, 55309.8, 2995.79
77.83, 55310.3, 2995.33
77.831, 55310.7, 2994.87
77.832, 55311.1, 2994.41
77.833, 55311.6, 2993.95
77.834, 55312, 2993.49
77.835, 55312.4, 2993.04
77.836, 55312.8, 2992.58
77.837, 55313.3, 2992.12
77.838, 55313.7, 2991.66
77.839, 55314.1, 2991.2
77.84, 55314.6, 2990.74
77.841, 55315, 2990.28
77.842, 55315.4, 2989.82
77.843, 55315.8, 2989.36
77.844, 55316.3, 2988.9
77.845, 55316.7, 2988.44
77.846, 55317.1, 2987.98
77.847, 55317.6, 2987.53
77.848, 55318, 2987.07
77.849, 55318.4, 2986.61
77.85, 55318.8, 2986.15
77.851, 55319.3, 2985.69
77.852, 55319.7, 2985.23
77.853, 55320.1, 2984.77
77.854, 55320.6, 2984.31
77.855, 55321, 2983.85
77.856, 55321.4, 2983.39
77.857, 55321.8, 2982.93
77.858, 55322.3, 2982.47
77.859, 55322.7, 2982.01
77.86, 55323.1, 2981.55
77.861, 55323.6, 2981.09
77.862, 55324, 2980.63
77.863, 55324.4, 2980.17
77.864, 55324.8, 2979.71
77.865, 55325.3, 2979.25
77.866, 55325.7, 2978.79
77.867, 55326.1, 2978.34
77.868, 55326.6, 2977.88
77.869, 55327, 2977.42
77.87, 55327.4, 2976.96
77.871, 55327.8, 2976.5
77.872, 55328.3, 2976.04
77.873, 55328.7, 2975.58
77.874, 55329.1, 2975.12
77.875, 55329.6, 2974.66
77.876, 55330, 2974.2
77.877, 55330.4, 2973.74
77.878, 55330.8, 2973.28
77.879, 55331.3, 2972.82
77.88, 55331.7, 2972.36
77.881, 55332.1, 2971.9
77.882, 55332.5, 2971.44
77.883, 55333, 2970.98
77.884, 55333.4, 2970.52
77.885, 55333.8, 2970.06
77.886, 55334.3, 2969.6
77.887, 55334.7, 2969.14
77.888, 55335.1, 2968.68
77.889, 55335.5, 2968.22
77.89, 55336, 2967.76
77.891, 55336.4, 2967.3
77.892, 55336.8, 2966.84
77.893, 55337.3, 2966.38
77.894, 55337.7, 2965.92
77.895, 55338.1, 2965.46
77.896, 55338.5, 2965
77.897, 55339, 2964.54
77.898, 55339.4, 2964.08
77.899, 55339.8, 2963.62
77.9, 55340.3, 2963.16
77.901, 55340.7, 2962.7
77.902, 55341.1, 2962.23
77.903, 55341.5, 2961.77
77.904, 55342, 2961.31
77.905, 55342.4, 2960.85
77.906, 55342.8, 2960.39
77.907, 55343.2, 2959.93
77.908, 55343.7, 2959.47
77.909, 55344.1, 2959.01
77.91, 55344.5, 2958.55
77.911, 55345, 2958.09
77.912, 55345.4, 2957.63
77.913, 55345.8, 2957.17
77.914, 55346.2, 2956.71
77.915, 55346.7, 2956.25
77.916, 55347.1, 2955.79
77.917, 55347.5, 2955.33
77.918, 55348, 2954.87
77.919, 55348.4, 2954.41
77.92, 55348.8, 2953.95
77.921, 55349.2, 2953.48
77.922, 55349.7, 2953.02
77.923, 55350.1, 2952.56
77.924, 55350.5, 2952.1
77.925, 55351, 2951.64
77.926, 55351.4, 2951.18
77.927, 55351.8, 2950.72
77.928, 55352.2, 2950.26
77.929, 55352.7, 2949.8
77.93, 55353.1, 2949.34
77.931, 55353.5, 2948.88
77.932, 55353.9, 2948.42
77.933, 55354.4, 2947.95
77.934, 55354.8, 2947.49
77.935, 55355.2, 2947.03
77.936, 55355.7, 2946.57
77.937, 55356.1, 2946.11
77.938, 55356.5, 2945.65
77.939, 55356.9, 2945.19
77.94, 55357.4, 2944.73
77.941, 55357.8, 2944.27
77.942, 55358.2, 2943.81
77.943, 55358.7, 2943.34
77.944, 55359.1, 2942.88
77.945, 55359.5, 2942.42
77.946, 55359.9, 2941.96
77.947, 55360.4, 2941.5
77.948, 55360.8, 2941.04
77.949, 55361.2, 2940.58
77.95, 55361.6, 2940.12
77.951, 55362.1, 2939.66
77.952, 55362.5, 2939.19
77.953, 55362.9, 2938.73
77.954, 55363.4, 2938.27
77.955, 55363.8, 2937.81
77.956, 55364.2, 2937.35
77.957, 55364.6, 2936.89
77.958, 55365.1, 2936.43
77.959, 55365.5, 2935.96
77.96, 55365.9, 2935.5
77.961, 55366.3, 2935.04
77.962, 55366.8, 2934.58
77.963, 55367.2, 2934.12
77.964, 55367.6, 2933.66
77.965, 55368.1, 2933.2
77.966, 55368.5, 2932.73
77.967, 55368.9, 2932.27
77.968, 55369.3, 2931.81
77.969, 55369.8, 2931.35
77.97, 55370.2, 2930.89
77.971, 55370.6, 2930.43
77.972, 55371, 2929.96
77.973, 55371.5, 2929.5
77.974, 55371.9, 2929.04
77.975, 55372.3, 2928.58
77.976, 55372.8, 2928.12
77.977, 55373.2, 2927.66
77.978, 55373.6, 2927.19
77.979, 55374, 2926.73
77.98, 55374.5, 2926.27
77.981, 55374.9, 2925.81
77.982, 55375.3, 2925.35
77.983, 55375.7, 2924.88
77.984, 55376.2, 2924.42
77.985, 55376.6, 2923.96
77.986, 55377, 2923.5
77.987, 55377.5, 2923.04
77.988, 55377.9, 2922.57
77.989, 55378.3, 2922.11
77.99, 55378.7, 2921.65
77.991, 55379.2, 2921.19
77.992, 55379.6, 2920.73
77.993, 55380, 2920.26
77.994, 55380.4, 2919.8
77.995, 55380.9, 2919.34
77.996, 55381.3, 2918.88
77.997, 55381.7, 2918.42
77.998, 55382.2, 2917.95
77.999, 55382.6, 2917.49
78, 55383, 2917.03
78.001, 55383.4, 2916.57
78.002, 55383.9, 2916.11
78.003, 55384.3, 2915.64
78.004, 55384.7, 2915.18
78.005, 55385.1, 2914.72
78.006, 55385.6, 2914.26
78.007, 55386, 2913.79
78.008, 55386.4, 2913.33
78.009, 55386.9, 2912.87
78.01, 55387.3, 2912.41
78.011, 55387.7, 2911.94
78.012, 55388.1, 2911.48
78.013, 55388.6, 2911.02
78.014, 55389, 2910.56
78.015, 55389.4, 2910.09
78.016, 55389.8, 2909.63
78.017, 55390.3, 2909.17
78.018, 55390.7, 2908.71
78.019, 55391.1, 2908.24
78.02, 55391.6, 2907.78
78.021, 55392, 2907.32
78.022, 55392.4, 2906.86
78.023, 55392.8, 2906.39
78.024, 55393.3, 2905.93
78.025, 55393.7, 2905.47
78.026, 55394.1, 2905.01
78.027, 55394.5, 2904.54
78.028, 55395, 2904.08
78.029, 55395.4, 2903.62
78.03, 55395.8, 2903.15
78.031, 55396.3, 2902.69
78.032, 55396.7, 2902.23
78.033, 55397.1, 2901.77
78.034, 55397.5, 2901.3
78.035, 55398, 2900.84
78.036, 55398.4, 2900.38
78.037, 55398.8, 2899.91
78.038, 55399.2, 2899.45
78.039, 55399.7, 2898.99
78.04, 55400.1, 2898.53
78.041, 55400.5, 2898.06
78.042, 55400.9, 2897.6
78.043, 55401.4, 2897.14
78.044, 55401.8, 2896.67
78.045, 55402.2, 2896.21
78.046, 55402.7, 2895.75
78.047, 55403.1, 2895.28
78.048, 55403.5, 2894.82
78.049, 55403.9, 2894.36
78.05, 55404.4, 2893.9
78.051, 55404.8, 2893.43
78.052, 55405.2, 2892.97
78.053, 55405.6, 2892.51
78.054, 55406.1, 2892.04
78.055, 55406.5, 2891.58
78.056, 55406.9, 2891.12
78.057, 55407.3, 2890.65
78.058, 55407.8, 2890.19
78.059, 55408.2, 2889.73
78.06, 55408.6, 2889.26
78.061, 55409.1, 2888.8
78.062, 55409.5, 2888.34
78.063, 55409.9, 2887.87
78.064, 55410.3, 2887.41
78.065, 55410.8, 2886.95
78.066, 55411.2, 2886.48
78.067, 55411.6, 2886.02
78.068, 55412, 2885.56
78.069, 55412.5, 2885.09
78.07, 55412.9, 2884.63
78.071, 55413.3, 2884.16
78.072, 55413.7, 2883.7
78.073, 55414.2, 2883.24
78.074, 55414.6, 2882.77
78.075, 55415, 2882.31
78.076, 55415.5, 2881.85
78.077, 55415.9, 2881.38
78.078, 55416.3, 2880.92
78.079, 55416.7, 2880.46
78.08, 55417.2, 2879.99
78.081, 55417.6, 2879.53
78.082, 55418, 2879.06
78.083, 55418.4, 2878.6
78.084, 55418.9, 2878.14
78.085, 55419.3, 2877.67
78.086, 55419.7, 2877.21
78.087, 55420.1, 2876.75
78.088, 55420.6, 2876.28
78.089, 55421, 2875.82
78.09, 55421.4, 2875.35
78.091, 55421.9, 2874.89
78.092, 55422.3, 2874.43
78.093, 55422.7, 2873.96
78.094, 55423.1, 2873.5
78.095, 55423.6, 2873.03
78.096, 55424, 2872.57
78.097, 55424.4, 2872.11
78.098, 55424.8, 2871.64
78.099, 55425.3, 2871.18
78.1, 55425.7, 2870.71
78.101, 55426.1, 2870.25
78.102, 55426.5, 2869.79
78.103, 55427, 2869.32
78.104, 55427.4, 2868.86
78.105, 55427.8, 2868.39
78.106, 55428.2, 2867.93
78.107, 55428.7, 2867.46
78.108, 55429.1, 2867
78.109, 55429.5, 2866.54
78.11, 55430, 2866.07
78.111, 55430.4, 2865.61
78.112, 55430.8, 2865.14
78.113, 55431.2, 2864.68
78.114, 55431.7, 2864.21
78.115, 55432.1, 2863.75
78.116, 55432.5, 2863.29
78.117, 55432.9, 2862.82
78.118, 55433.4, 2862.36
78.119, 55433.8, 2861.89
78.12, 55434.2, 2861.43
78.121, 55434.6, 2860.96
78.122, 55435.1, 2860.5
78.123, 55435.5, 2860.03
78.124, 55435.9, 2859.57
78.125, 55436.3, 2859.1
78.126, 55436.8, 2858.64
78.127, 55437.2, 2858.18
78.128, 55437.6, 2857.71
78.129, 55438, 2857.25
78.13, 55438.5, 2856.78
78.131, 55438.9, 2856.32
78.132, 55439.3, 2855.85
78.133, 55439.8, 2855.39
78.134, 55440.2, 2854.92
78.135, 55440.6, 2854.46
78.136, 55441, 2853.99
78.137, 55441.5, 2853.53
78.138, 55441.9, 2853.06
78.139, 55442.3, 2852.6
78.14, 55442.7, 2852.13
78.141, 55443.2, 2851.67
78.142, 55443.6, 2851.2
78.143, 55444, 2850.74
78.144, 55444.4, 2850.27
78.145, 55444.9, 2849.81
78.146, 55445.3, 2849.34
78.147, 55445.7, 2848.88
78.148, 55446.1, 2848.41
78.149, 55446.6, 2847.95
78.15, 55447, 2847.48
78.151, 55447.4, 2847.02
78.152, 55447.8, 2846.55
78.153, 55448.3, 2846.09
78.154, 55448.7, 2845.62
78.155, 55449.1, 2845.16
78.156, 55449.5, 2844.69
78.157, 55450, 2844.23
78.158, 55450.4, 2843.76
78.159, 55450.8, 2843.3
78.16, 55451.3, 2842.83
78.161, 55451.7, 2842.37
78.162, 55452.1, 2841.9
78.163, 55452.5, 2841.44
78.164, 55453, 2840.97
78.165, 55453.4, 2840.51
78.166, 55453.8, 2840.04
78.167, 55454.2, 2839.58
78.168, 55454.7, 2839.11
78.169, 55455.1, 2838.64
78.17, 55455.5, 2838.18
78.171, 55455.9, 2837.71
78.172, 55456.4, 2837.25
78.173, 55456.8, 2836.78
78.174, 55457.2, 2836.32
78.175, 55457.6, 2835.85
78.176, 55458.1, 2835.39
78.177, 55458.5, 2834.92
78.178, 55458.9, 2834.45
78.179, 55459.3, 2833.99
78.18, 55459.8, 2833.52
78.181, 55460.2, 2833.06
78.182, 55460.6, 2832.59
78.183, 55461, 2832.13
78.184, 55461.5, 2831.66
78.185, 55461.9, 2831.19
78.186, 55462.3, 2830.73
78.187, 55462.7, 2830.26
78.188, 55463.2, 2829.8
78.189, 55463.6, 2829.33
78.19, 55464, 2828.87
78.191, 55464.4, 2828.4
78.192, 55464.9, 2827.93
78.193, 55465.3, 2827.47
78.194, 55465.7, 2827
78.195, 55466.1, 2826.54
78.196, 55466.6, 2826.07
78.197, 55467, 2825.6
78.198, 55467.4, 2825.14
78.199, 55467.9, 2824.67
78.2, 55468.3, 2824.21
78.201, 55468.7, 2823.74
78.202, 55469.1, 2823.27
78.203, 55469.6, 2822.81
78.204, 55470, 2822.34
78.205, 55470.4, 2821.88
78.206, 55470.8, 2821.41
78.207, 55471.3, 2820.94
78.208, 55471.7, 2820.48
78.209, 55472.1, 2820.01
78.21, 55472.5, 2819.55
78.211, 55473, 2819.08
78.212, 55473.4, 2818.61
78.213, 55473.8, 2818.15
78.214, 55474.2, 2817.68
78.215, 55474.7, 2817.21
78.216, 55475.1, 2816.75
78.217, 55475.5, 2816.28
78.218, 55475.9, 2815.81
78.219, 55476.4, 2815.35
78.22, 55476.8, 2814.88
78.221, 55477.2, 2814.42
78.222, 55477.6, 2813.95
78.223, 55478.1, 2813.48
78.224, 55478.5, 2813.02
78.225, 55478.9, 2812.55
78.226, 55479.3, 2812.08
78.227, 55479.8, 2811.62
78.228, 55480.2, 2811.15
78.229, 55480.6, 2810.68
78.23, 55481, 2810.22
78.231, 55481.5, 2809.75
78.232, 55481.9, 2809.28
78.233, 55482.3, 2808.82
78.234, 55482.7, 2808.35
78.235, 55483.2, 2807.88
78.236, 55483.6, 2807.42
78.237, 55484, 2806.95
78.238, 55484.4, 2806.48
78.239, 55484.9, 2806.02
78.24, 55485.3, 2805.55
78.241, 55485.7, 2805.08
78.242, 55486.1, 2804.62
78.243, 55486.6, 2804.15
78.244, 55487, 2803.68
78.245, 55487.4, 2803.22
78.246, 55487.8, 2802.75
78.247, 55488.3, 2802.28
78.248, 55488.7, 2801.81
78.249, 55489.1, 2801.35
78.25, 55489.5, 2800.88
78.251, 55490, 2800.41
78.252, 55490.4, 2799.95
78.253, 55490.8, 2799.48
78.254, 55491.2, 2799.01
78.255, 55491.7, 2798.55
78.256, 55492.1, 2798.08
78.257, 55492.5, 2797.61
78.258, 55492.9, 2797.14
78.259, 55493.4, 2796.68
78.26, 55493.8, 2796.21
78.261, 55494.2, 2795.74
78.262, 55494.6, 2795.28
78.263, 55495.1, 2794.81
78.264, 55495.5, 2794.34
78.265, 55495.9, 2793.87
78.266, 55496.3, 2793.41
78.267, 55496.8, 2792.94
78.268, 55497.2, 2792.47
78.269, 55497.6, 2792
78.27, 55498, 2791.54
78.271, 55498.5, 2791.07
78.272, 55498.9, 2790.6
78.273, 55499.3, 2790.13
78.274, 55499.7, 2789.67
78.275, 55500.2, 2789.2
78.276, 55500.6, 2788.73
78.277, 55501, 2788.26
78.278, 55501.4, 2787.8
78.279, 55501.9, 2787.33
78.28, 55502.3, 2786.86
78.281, 55502.7, 2786.39
78.282, 55503.1, 2785.93
78.283, 55503.6, 2785.46
78.284, 55504, 2784.99
78.285, 55504.4, 2784.52
78.286, 55504.8, 2784.06
78.287, 55505.3, 2783.59
78.288, 55505.7, 2783.12
78.289, 55506.1, 2782.65
78.29, 55506.5, 2782.19
78.291, 55507, 2781.72
78.292, 55507.4, 2781.25
78.293, 55507.8, 2780.78
78.294, 55508.2, 2780.31
78.295, 55508.7, 2779.85
78.296, 55509.1, 2779.38
78.297, 55509.5, 2778.91
78.298, 55509.9, 2778.44
78.299, 55510.4, 2777.97
78.3, 55510.8, 2777.51
78.301, 55511.2, 2777.04
78.302, 55511.6, 2776.57
78.303, 55512.1, 2776.1
78.304, 55512.5, 2775.64
78.305, 55512.9, 2775.17
78.306, 55513.3, 2774.7
78.307, 55513.8, 2774.23
78.308, 55514.2, 2773.76
78.309, 55514.6, 2773.29
78.31, 55515, 2772.83
78.311, 55515.4, 2772.36
78.312, 55515.9, 2771.89
78.313, 55516.3, 2771.42
78.314, 55516.7, 2770.95
78.315, 55517.1, 2770.49
78.316, 55517.6, 2770.02
78.317, 55518, 2769.55
78.318, 55518.4, 2769.08
78.319, 55518.8, 2768.61
78.32, 55519.3, 2768.14
78.321, 55519.7, 2767.68
78.322, 55520.1, 2767.21
78.323, 55520.5, 2766.74
78.324, 55521, 2766.27
78.325, 55521.4, 2765.8
78.326, 55521.8, 2765.33
78.327, 55522.2, 2764.87
78.328, 55522.7, 2764.4
78.329, 55523.1, 2763.93
78.33, 55523.5, 2763.46
78.331, 55523.9, 2762.99
78.332, 55524.4, 2762.52
78.333, 55524.8, 2762.05
78.334, 55525.2, 2761.59
78.335, 55525.6, 2761.12
78.336, 55526.1, 2760.65
78.337, 55526.5, 2760.18
78.338, 55526.9, 2759.71
78.339, 55527.3, 2759.24
78.34, 55527.8, 2758.77
78.341, 55528.2, 2758.3
78.342, 55528.6, 2757.84
78.343, 55529, 2757.37
78.344, 55529.5, 2756.9
78.345, 55529.9, 2756.43
78.346, 55530.3, 2755.96
78.347, 55530.7, 2755.49
78.348, 55531.2, 2755.02
78.349, 55531.6, 2754.55
78.35, 55532, 2754.08
78.351, 55532.4, 2753.62
78.352, 55532.8, 2753.15
78.353, 55533.3, 2752.68
78.354, 55533.7, 2752.21
78.355, 55534.1, 2751.74
78.356, 55534.5, 2751.27
78.357, 55535, 2750.8
78.358, 55535.4, 2750.33
78.359, 55535.8, 2749.86
78.36, 55536.2, 2749.39
78.361, 55536.7, 2748.93
78.362, 55537.1, 2748.46
78.363, 55537.5, 2747.99
78.364, 55537.9, 2747.52
78.365, 55538.4, 2747.05
78.366, 55538.8, 2746.58
78.367, 55539.2, 2746.11
78.368, 55539.6, 2745.64
78.369, 55540.1, 2745.17
78.37, 55540.5, 2744.7
78.371, 55540.9, 2744.23
78.372, 55541.3, 2743.76
78.373, 55541.8, 2743.29
78.374, 55542.2, 2742.83
78.375, 55542.6, 2742.36
78.376, 55543, 2741.89
78.377, 55543.4, 2741.42
78.378, 55543.9, 2740.95
78.379, 55544.3, 2740.48
78.38, 55544.7, 2740.01
78.381, 55545.1, 2739.54
78.382, 55545.6, 2739.07
78.383, 55546, 2738.6
78.384, 55546.4, 2738.13
78.385, 55546.8, 2737.66
78.386, 55547.3, 2737.19
78.387, 55547.7, 2736.72
78.388, 55548.1, 2736.25
78.389, 55548.5, 2735.78
78.39, 55549, 2735.31
78.391, 55549.4, 2734.84
78.392, 55549.8, 2734.37
78.393, 55550.2, 2733.9
78.394, 55550.7, 2733.43
78.395, 55551.1, 2732.96
78.396, 55551.5, 2732.49
78.397, 55551.9, 2732.02
78.398, 55552.3, 2731.55
78.399, 55552.8, 2731.08
78.4, 55553.2, 2730.61
78.401, 55553.6, 2730.14
78.402, 55554, 2729.67
78.403, 55554.5, 2729.2
78.404, 55554.9, 2728.73
78.405, 55555.3, 2728.26
78.406, 55555.7, 2727.79
78.407, 55556.2, 2727.32
78.408, 55556.6, 2726.85
78.409, 55557, 2726.38
78.41, 55557.4, 2725.91
78.411, 55557.9, 2725.44
78.412, 55558.3, 2724.97
78.413, 55558.7, 2724.5
78.414, 55559.1, 2724.03
78.415, 55559.6, 2723.56
78.416, 55560, 2723.09
78.417, 55560.4, 2722.62
78.418, 55560.8, 2722.15
78.419, 55561.2, 2721.68
78.42, 55561.7, 2721.21
78.421, 55562.1, 2720.74
78.422, 55562.5, 2720.27
78.423, 55562.9, 2719.8
78.424, 55563.4, 2719.33
78.425, 55563.8, 2718.86
78.426, 55564.2, 2718.39
78.427, 55564.6, 2717.92
78.428, 55565.1, 2717.45
78.429, 55565.5, 2716.98
78.43, 55565.9, 2716.51
78.431, 55566.3, 2716.04
78.432, 55566.8, 2715.57
78.433, 55567.2, 2715.1
78.434, 55567.6, 2714.63
78.435, 55568, 2714.16
78.436, 55568.4, 2713.69
78.437, 55568.9, 2713.22
78.438, 55569.3, 2712.74
78.439, 55569.7, 2712.27
78.44, 55570.1, 2711.8
78.441, 55570.6, 2711.33
78.442, 55571, 2710.86
78.443, 55571.4, 2710.39
78.444, 55571.8, 2709.92
78.445, 55572.3, 2709.45
78.446, 55572.7, 2708.98
78.447, 55573.1, 2708.51
78.448, 55573.5, 2708.04
78.449, 55573.9, 2707.57
78.45, 55574.4, 2707.1
78.451, 55574.8, 2706.62
78.452, 55575.2, 2706.15
78.453, 55575.6, 2705.68
78.454, 55576.1, 2705.21
78.455, 55576.5, 2704.74
78.456, 55576.9, 2704.27
78.457, 55577.3, 2703.8
78.458, 55577.8, 2703.33
78.459, 55578.2, 2702.86
78.46, 55578.6, 2702.39
78.461, 55579, 2701.91
78.462, 55579.5, 2701.44
78.463, 55579.9, 2700.97
78.464, 55580.3, 2700.5
78.465, 55580.7, 2700.03
78.466, 55581.1, 2699.56
78.467, 55581.6, 2699.09
78.468, 55582, 2698.62
78.469, 55582.4, 2698.15
78.47, 55582.8, 2697.67
78.471, 55583.3, 2697.2
78.472, 55583.7, 2696.73
78.473, 55584.1, 2696.26
78.474, 55584.5, 2695.79
78.475, 55585, 2695.32
78.476, 55585.4, 2694.85
78.477, 55585.8, 2694.37
78.478, 55586.2, 2693.9
78.479, 55586.6, 2693.43
78.48, 55587.1, 2692.96
78.481, 55587.5, 2692.49
78.482, 55587.9, 2692.02
78.483, 55588.3, 2691.55
78.484, 55588.8, 2691.07
78.485, 55589.2, 2690.6
78.486, 55589.6, 2690.13
78.487, 55590, 2689.66
78.488, 55590.5, 2689.19
78.489, 55590.9, 2688.72
78.49, 55591.3, 2688.25
78.491, 55591.7, 2687.77
78.492, 55592.1, 2687.3
78.493, 55592.6, 2686.83
78.494, 55593, 2686.36
78.495, 55593.4, 2685.89
78.496, 55593.8, 2685.41
78.497, 55594.3, 2684.94
78.498, 55594.7, 2684.47
78.499, 55595.1, 2684
78.5, 55595.5, 2683.53
78.501, 55595.9, 2683.06
78.502, 55596.4, 2682.58
78.503, 55596.8, 2682.11
78.504, 55597.2, 2681.64
78.505, 55597.6, 2681.17
78.506, 55598.1, 2680.7
78.507, 55598.5, 2680.22
78.508, 55598.9, 2679.75
78.509, 55599.3, 2679.28
78.51, 55599.8, 2678.81
78.511, 55600.2, 2678.34
78.512, 55600.6, 2677.86
78.513, 55601, 2677.39
78.514, 55601.4, 2676.92
78.515, 55601.9, 2676.45
78.516, 55602.3, 2675.98
78.517, 55602.7, 2675.5
78.518, 55603.1, 2675.03
78.519, 55603.6, 2674.56
78.52, 55604, 2674.09
78.521, 55604.4, 2673.61
78.522, 55604.8, 2673.14
78.523, 55605.3, 2672.67
78.524, 55605.7, 2672.2
78.525, 55606.1, 2671.73
78.526, 55606.5, 2671.25
78.527, 55606.9, 2670.78
78.528, 55607.4, 2670.31
78.529, 55607.8, 2669.84
78.53, 55608.2, 2669.36
78.531, 55608.6, 2668.89
78.532, 55609.1, 2668.42
78.533, 55609.5, 2667.95
78.534, 55609.9, 2667.47
78.535, 55610.3, 2667
78.536, 55610.7, 2666.53
78.537, 55611.2, 2666.06
78.538, 55611.6, 2665.58
78.539, 55612, 2665.11
78.54, 55612.4, 2664.64
78.541, 55612.9, 2664.17
78.542, 55613.3, 2663.69
78.543, 55613.7, 2663.22
78.544, 55614.1, 2662.75
78.545, 55614.5, 2662.28
78.546, 55615, 2661.8
78.547, 55615.4, 2661.33
78.548, 55615.8, 2660.86
78.549, 55616.2, 2660.38
78.55, 55616.7, 2659.91
78.551, 55617.1, 2659.44
78.552, 55617.5, 2658.97
78.553, 55617.9, 2658.49
78.554, 55618.3, 2658.02
78.555, 55618.8, 2657.55
78.556, 55619.2, 2657.07
78.557, 55619.6, 2656.6
78.558, 55620, 2656.13
78.559, 55620.5, 2655.66
78.56, 55620.9, 2655.18
78.561, 55621.3, 2654.71
78.562, 55621.7, 2654.24
78.563, 55622.2, 2653.76
78.564, 55622.6, 2653.29
78.565, 55623, 2652.82
78.566, 55623.4, 2652.34
78.567, 55623.8, 2651.87
78.568, 55624.3, 2651.4
78.569, 55624.7, 2650.92
78.57, 55625.1, 2650.45
78.571, 55625.5, 2649.98
78.572, 55626, 2649.5
78.573, 55626.4, 2649.03
78.574, 55626.8, 2648.56
78.575, 55627.2, 2648.08
78.576, 55627.6, 2647.61
78.577, 55628.1, 2647.14
78.578, 55628.5, 2646.66
78.579, 55628.9, 2646.19
78.58, 55629.3, 2645.72
78.581, 55629.8, 2645.24
78.582, 55630.2, 2644.77
78.583, 55630.6, 2644.3
78.584, 55631, 2643.82
78.585, 55631.4, 2643.35
78.586, 55631.9, 2642.88
78.587, 55632.3, 2642.4
78.588, 55632.7, 2641.93
78.589, 55633.1, 2641.46
78.59, 55633.5, 2640.98
78.591, 55634, 2640.51
78.592, 55634.4, 2640.04
78.593, 55634.8, 2639.56
78.594, 55635.2, 2639.09
78.595, 55635.7, 2638.61
78.596, 55636.1, 2638.14
78.597, 55636.5, 2637.67
78.598, 55636.9, 2637.19
78.599, 55637.3, 2636.72
78.6, 55637.8, 2636.25
78.601, 55638.2, 2635.77
78.602, 55638.6, 2635.3
78.603, 55639, 2634.82
78.604, 55639.5, 2634.35
78.605, 55639.9, 2633.88
78.606, 55640.3, 2633.4
78.607, 55640.7, 2632.93
78.608, 55641.1, 2632.45
78.609, 55641.6, 2631.98
78.61, 55642, 2631.51
78.611, 55642.4, 2631.03
78.612, 55642.8, 2630.56
78.613, 55643.3, 2630.08
78.614, 55643.7, 2629.61
78.615, 55644.1, 2629.14
78.616, 55644.5, 2628.66
78.617, 55644.9, 2628.19
78.618, 55645.4, 2627.71
78.619, 55645.8, 2627.24
78.62, 55646.2, 2626.77
78.621, 55646.6, 2626.29
78.622, 55647.1, 2625.82
78.623, 55647.5, 2625.34
78.624, 55647.9, 2624.87
78.625, 55648.3, 2624.39
78.626, 55648.7, 2623.92
78.627, 55649.2, 2623.45
78.628, 55649.6, 2622.97
78.629, 55650, 2622.5
78.63, 55650.4, 2622.02
78.631, 55650.8, 2621.55
78.632, 55651.3, 2621.07
78.633, 55651.7, 2620.6
78.634, 55652.1, 2620.13
78.635, 55652.5, 2619.65
78.636, 55653, 2619.18
78.637, 55653.4, 2618.7
78.638, 55653.8, 2618.23
78.639, 55654.2, 2617.75
78.64, 55654.6, 2617.28
78.641, 55655.1, 2616.8
78.642, 55655.5, 2616.33
78.643, 55655.9, 2615.85
78.644, 55656.3, 2615.38
78.645, 55656.8, 2614.91
78.646, 55657.2, 2614.43
78.647, 55657.6, 2613.96
78.648, 55658, 2613.48
78.649, 55658.4, 2613.01
78.65, 55658.9, 2612.53
78.651, 55659.3, 2612.06
78.652, 55659.7, 2611.58
78.653, 55660.1, 2611.11
78.654, 55660.5, 2610.63
78.655, 55661, 2610.16
78.656, 55661.4, 2609.68
78.657, 55661.8, 2609.21
78.658, 55662.2, 2608.73
78.659, 55662.7, 2608.26
78.66, 55663.1, 2607.78
78.661, 55663.5, 2607.31
78.662, 55663.9, 2606.83
78.663, 55664.3, 2606.36
78.664, 55664.8, 2605.88
78.665, 55665.2, 2605.41
78.666, 55665.6, 2604.93
78.667, 55666, 2604.46
78.668, 55666.4, 2603.98
78.669, 55666.9, 2603.51
78.67, 55667.3, 2603.03
78.671, 55667.7, 2602.56
78.672, 55668.1, 2602.08
78.673, 55668.6, 2601.61
78.674, 55669, 2601.13
78.675, 55669.4, 2600.66
78.676, 55669.8, 2600.18
78.677, 55670.2, 2599.71
78.678, 55670.7, 2599.23
78.679, 55671.1, 2598.75
78.68, 55671.5, 2598.28
78.681, 55671.9, 2597.8
78.682, 55672.3, 2597.33
78.683, 55672.8, 2596.85
78.684, 55673.2, 2596.38
78.685, 55673.6, 2595.9
78.686, 55674, 2595.43
78.687, 55674.5, 2594.95
78.688, 55674.9, 2594.48
78.689, 55675.3, 2594
78.69, 55675.7, 2593.52
78.691, 55676.1, 2593.05
78.692, 55676.6, 2592.57
78.693, 55677, 2592.1
78.694, 55677.4, 2591.62
78.695, 55677.8, 2591.15
78.696, 55678.2, 2590.67
78.697, 55678.7, 2590.2
78.698, 55679.1, 2589.72
78.699, 55679.5, 2589.24
78.7, 55679.9, 2588.77
78.701, 55680.3, 2588.29
78.702, 55680.8, 2587.82
78.703, 55681.2, 2587.34
78.704, 55681.6, 2586.86
78.705, 55682, 2586.39
78.706, 55682.5, 2585.91
78.707, 55682.9, 2585.44
78.708, 55683.3, 2584.96
78.709, 55683.7, 2584.49
78.71, 55684.1, 2584.01
78.711, 55684.6, 2583.53
78.712, 55685, 2583.06
78.713, 55685.4, 2582.58
78.714, 55685.8, 2582.11
78.715, 55686.2, 2581.63
78.716, 55686.7, 2581.15
78.717, 55687.1, 2580.68
78.718, 55687.5, 2580.2
78.719, 55687.9, 2579.72
78.72, 55688.3, 2579.25
78.721, 55688.8, 2578.77
78.722, 55689.2, 2578.3
78.723, 55689.6, 2577.82
78.724, 55690, 2577.34
78.725, 55690.5, 2576.87
78.726, 55690.9, 2576.39
78.727, 55691.3, 2575.92
78.728, 55691.7, 2575.44
78.729, 55692.1, 2574.96
78.73, 55692.6, 2574.49
78.731, 55693, 2574.01
78.732, 55693.4, 2573.53
78.733, 55693.8, 2573.06
78.734, 55694.2, 2572.58
78.735, 55694.7, 2572.1
78.736, 55695.1, 2571.63
78.737, 55695.5, 2571.15
78.738, 55695.9, 2570.67
78.739, 55696.3, 2570.2
78.74, 55696.8, 2569.72
78.741, 55697.2, 2569.25
78.742, 55697.6, 2568.77
78.743, 55698, 2568.29
78.744, 55698.4, 2567.82
78.745, 55698.9, 2567.34
78.746, 55699.3, 2566.86
78.747, 55699.7, 2566.39
78.748, 55700.1, 2565.91
78.749, 55700.6, 2565.43
78.75, 55701, 2564.96
78.751, 55701.4, 2564.48
78.752, 55701.8, 2564
78.753, 55702.2, 2563.52
78.754, 55702.7, 2563.05
78.755, 55703.1, 2562.57
78.756, 55703.5, 2562.09
78.757, 55703.9, 2561.62
78.758, 55704.3, 2561.14
78.759, 55704.8, 2560.66
78.76, 55705.2, 2560.19
78.761, 55705.6, 2559.71
78.762, 55706, 2559.23
78.763, 55706.4, 2558.76
78.764, 55706.9, 2558.28
78.765, 55707.3, 2557.8
78.766, 55707.7, 2557.32
78.767, 55708.1, 2556.85
78.768, 55708.5, 2556.37
78.769, 55709, 2555.89
78.77, 55709.4, 2555.42
78.771, 55709.8, 2554.94
78.772, 55710.2, 2554.46
78.773, 55710.6, 2553.98
78.774, 55711.1, 2553.51
78.775, 55711.5, 2553.03
78.776, 55711.9, 2552.55
78.777, 55712.3, 2552.08
78.778, 55712.7, 2551.6
78.779, 55713.2, 2551.12
78.78, 55713.6, 2550.64
78.781, 55714, 2550.17
78.782, 55714.4, 2549.69
78.783, 55714.8, 2549.21
78.784, 55715.3, 2548.73
78.785, 55715.7, 2548.26
78.786, 55716.1, 2547.78
78.787, 55716.5, 2547.3
78.788, 55717, 2546.82
78.789, 55717.4, 2546.35
78.79, 55717.8, 2545.87
78.791, 55718.2, 2545.39
78.792, 55718.6, 2544.91
78.793, 55719.1, 2544.44
78.794, 55719.5, 2543.96
78.795, 55719.9, 2543.48
78.796, 55720.3, 2543
78.797, 55720.7, 2542.53
78.798, 55721.2, 2542.05
78.799, 55721.6, 2541.57
78.8, 55722, 2541.09
78.801, 55722.4, 2540.62
78.802, 55722.8, 2540.14
78.803, 55723.3, 2539.66
78.804, 55723.7, 2539.18
78.805, 55724.1, 2538.7
78.806, 55724.5, 2538.23
78.807, 55724.9, 2537.75
78.808, 55725.4, 2537.27
78.809, 55725.8, 2536.79
78.81, 55726.2, 2536.31
78.811, 55726.6, 2535.84
78.812, 55727, 2535.36
78.813, 55727.5, 2534.88
78.814, 55727.9, 2534.4
78.815, 55728.3, 2533.92
78.816, 55728.7, 2533.45
78.817, 55729.1, 2532.97
78.818, 55729.6, 2532.49
78.819, 55730, 2532.01
78.82, 55730.4, 2531.53
78.821, 55730.8, 2531.06
78.822, 55731.2, 2530.58
78.823, 55731.7, 2530.1
78.824, 55732.1, 2529.62
78.825, 55732.5, 2529.14
78.826, 55732.9, 2528.66
78.827, 55733.3, 2528.19
78.828, 55733.8, 2527.71
78.829, 55734.2, 2527.23
78.83, 55734.6, 2526.75
78.831, 55735, 2526.27
78.832, 55735.4, 2525.8
78.833, 55735.9, 2525.32
78.834, 55736.3, 2524.84
78.835, 55736.7, 2524.36
78.836, 55737.1, 2523.88
78.837, 55737.5, 2523.4
78.838, 55738, 2522.92
78.839, 55738.4, 2522.45
78.84, 55738.8, 2521.97
78.841, 55739.2, 2521.49
78.842, 55739.6, 2521.01
78.843, 55740.1, 2520.53
78.844, 55740.5, 2520.05
78.845, 55740.9, 2519.57
78.846, 55741.3, 2519.1
78.847, 55741.7, 2518.62
78.848, 55742.2, 2518.14
78.849, 55742.6, 2517.66
78.85, 55743, 2517.18
78.851, 55743.4, 2516.7
78.852, 55743.8, 2516.22
78.853, 55744.3, 2515.74
78.854, 55744.7, 2515.27
78.855, 55745.1, 2514.79
78.856, 55745.5, 2514.31
78.857, 55745.9, 2513.83
78.858, 55746.4, 2513.35
78.859, 55746.8, 2512.87
78.86, 55747.2, 2512.39
78.861, 55747.6, 2511.91
78.862, 55748, 2511.43
78.863, 55748.5, 2510.96
78.864, 55748.9, 2510.48
78.865, 55749.3, 2510
78.866, 55749.7, 2509.52
78.867, 55750.1, 2509.04
78.868, 55750.6, 2508.56
78.869, 55751, 2508.08
78.87, 55751.4, 2507.6
78.871, 55751.8, 2507.12
78.872, 55752.2, 2506.64
78.873, 55752.6, 2506.17
78.874, 55753.1, 2505.69
78.875, 55753.5, 2505.21
78.876, 55753.9, 2504.73
78.877, 55754.3, 2504.25
78.878, 55754.7, 2503.77
78.879, 55755.2, 2503.29
78.88, 55755.6, 2502.81
78.881, 55756, 2502.33
78.882, 55756.4, 2501.85
78.883, 55756.8, 2501.37
78.884, 55757.3, 2500.89
78.885, 55757.7, 2500.41
78.886, 55758.1, 2499.93
78.887, 55758.5, 2499.45
78.888, 55758.9, 2498.97
78.889, 55759.4, 2498.5
78.89, 55759.8, 2498.02
78.891, 55760.2, 2497.54
78.892, 55760.6, 2497.06
78.893, 55761, 2496.58
78.894, 55761.5, 2496.1
78.895, 55761.9, 2495.62
78.896, 55762.3, 2495.14
78.897, 55762.7, 2494.66
78.898, 55763.1, 2494.18
78.899, 55763.6, 2493.7
78.9, 55764, 2493.22
78.901, 55764.4, 2492.74
78.902, 55764.8, 2492.26
78.903, 55765.2, 2491.78
78.904, 55765.7, 2491.3
78.905, 55766.1, 2490.82
78.906, 55766.5, 2490.34
78.907, 55766.9, 2489.86
78.908, 55767.3, 2489.38
78.909, 55767.7, 2488.9
78.91, 55768.2, 2488.42
78.911, 55768.6, 2487.94
78.912, 55769, 2487.46
78.913, 55769.4, 2486.98
78.914, 55769.8, 2486.5
78.915, 55770.3, 2486.02
78.916, 55770.7, 2485.54
78.917, 55771.1, 2485.06
78.918, 55771.5, 2484.58
78.919, 55771.9, 2484.1
78.92, 55772.4, 2483.62
78.921, 55772.8, 2483.14
78.922, 55773.2, 2482.66
78.923, 55773.6, 2482.18
78.924, 55774, 2481.7
78.925, 55774.5, 2481.22
78.926, 55774.9, 2480.74
78.927, 55775.3, 2480.26
78.928, 55775.7, 2479.78
78.929, 55776.1, 2479.3
78.93, 55776.6, 2478.82
78.931, 55777, 2478.34
78.932, 55777.4, 2477.86
78.933, 55777.8, 2477.38
78.934, 55778.2, 2476.9
78.935, 55778.6, 2476.42
78.936, 55779.1, 2475.94
78.937, 55779.5, 2475.46
78.938, 55779.9, 2474.98
78.939, 55780.3, 2474.5
78.94, 55780.7, 2474.01
78.941, 55781.2, 2473.53
78.942, 55781.6, 2473.05
78.943, 55782, 2472.57
78.944, 55782.4, 2472.09
78.945, 55782.8, 2471.61
78.946, 55783.3, 2471.13
78.947, 55783.7, 2470.65
78.948, 55784.1, 2470.17
78.949, 55784.5, 2469.69
78.95, 55784.9, 2469.21
78.951, 55785.3, 2468.73
78.952, 55785.8, 2468.25
78.953, 55786.2, 2467.77
78.954, 55786.6, 2467.29
78.955, 55787, 2466.8
78.956, 55787.4, 2466.32
78.957, 55787.9, 2465.84
78.958, 55788.3, 2465.36
78.959, 55788.7, 2464.88
78.96, 55789.1, 2464.4
78.961, 55789.5, 2463.92
78.962, 55790, 2463.44
78.963, 55790.4, 2462.96
78.964, 55790.8, 2462.48
78.965, 55791.2, 2462
78.966, 55791.6, 2461.51
78.967, 55792.1, 2461.03
78.968, 55792.5, 2460.55
78.969, 55792.9, 2460.07
78.97, 55793.3, 2459.59
78.971, 55793.7, 2459.11
78.972, 55794.1, 2458.63
78.973, 55794.6, 2458.15
78.974, 55795, 2457.67
78.975, 55795.4, 2457.18
78.976, 55795.8, 2456.7
78.977, 55796.2, 2456.22
78.978, 55796.7, 2455.74
78.979, 55797.1, 2455.26
78.98, 55797.5, 2454.78
78.981, 55797.9, 2454.3
78.982, 55798.3, 2453.81
78.983, 55798.8, 2453.33
78.984, 55799.2, 2452.85
78.985, 55799.6, 2452.37
78.986, 55800, 2451.89
78.987, 55800.4, 2451.41
78.988, 55800.8, 2450.93
78.989, 55801.3, 2450.44
78.99, 55801.7, 2449.96
78.991, 55802.1, 2449.48
78.992, 55802.5, 2449
78.993, 55802.9, 2448.52
78.994, 55803.4, 2448.04
78.995, 55803.8, 2447.56
78.996, 55804.2, 2447.07
78.997, 55804.6, 2446.59
78.998, 55805, 2446.11
78.999, 55805.4, 2445.63
79, 55805.9, 2445.15
79.001, 55806.3, 2444.67
79.002, 55806.7, 2444.18
79.003, 55807.1, 2443.7
79.004, 55807.5, 2443.22
79.005, 55808, 2442.74
79.006, 55808.4, 2442.26
79.007, 55808.8, 2441.77
79.008, 55809.2, 2441.29
79.009, 55809.6, 2440.81
79.01, 55810.1, 2440.33
79.011, 55810.5, 2439.85
79.012, 55810.9, 2439.36
79.013, 55811.3, 2438.88
79.014, 55811.7, 2438.4
79.015, 55812.1, 2437.92
79.016, 55812.6, 2437.44
79.017, 55813, 2436.95
79.018, 55813.4, 2436.47
79.019, 55813.8, 2435.99
79.02, 55814.2, 2435.51
79.021, 55814.7, 2435.03
79.022, 55815.1, 2434.54
79.023, 55815.5, 2434.06
79.024, 55815.9, 2433.58
79.025, 55816.3, 2433.1
79.026, 55816.7, 2432.62
79.027, 55817.2, 2432.13
79.028, 55817.6, 2431.65
79.029, 55818, 2431.17
79.03, 55818.4, 2430.69
79.031, 55818.8, 2430.2
79.032, 55819.3, 2429.72
79.033, 55819.7, 2429.24
79.034, 55820.1, 2428.76
79.035, 55820.5, 2428.27
79.036, 55820.9, 2427.79
79.037, 55821.3, 2427.31
79.038, 55821.8, 2426.83
79.039, 55822.2, 2426.34
79.04, 55822.6, 2425.86
79.041, 55823, 2425.38
79.042, 55823.4, 2424.9
79.043, 55823.9, 2424.41
79.044, 55824.3, 2423.93
79.045, 55824.7, 2423.45
79.046, 55825.1, 2422.97
79.047, 55825.5, 2422.48
79.048, 55825.9, 2422
79.049, 55826.4, 2421.52
79.05, 55826.8, 2421.04
79.051, 55827.2, 2420.55
79.052, 55827.6, 2420.07
79.053, 55828, 2419.59
79.054, 55828.5, 2419.1
79.055, 55828.9, 2418.62
79.056, 55829.3, 2418.14
79.057, 55829.7, 2417.66
79.058, 55830.1, 2417.17
79.059, 55830.5, 2416.69
79.06, 55831, 2416.21
79.061, 55831.4, 2415.72
79.062, 55831.8, 2415.24
79.063, 55832.2, 2414.76
79.064, 55832.6, 2414.28
79.065, 55833, 2413.79
79.066, 55833.5, 2413.31
79.067, 55833.9, 2412.83
79.068, 55834.3, 2412.34
79.069, 55834.7, 2411.86
79.07, 55835.1, 2411.38
79.071, 55835.6, 2410.89
79.072, 55836, 2410.41
79.073, 55836.4, 2409.93
79.074, 55836.8, 2409.44
79.075, 55837.2, 2408.96
79.076, 55837.6, 2408.48
79.077, 55838.1, 2407.99
79.078, 55838.5, 2407.51
79.079, 55838.9, 2407.03
79.08, 55839.3, 2406.54
79.081, 55839.7, 2406.06
79.082, 55840.2, 2405.58
79.083, 55840.6, 2405.09
79.084, 55841, 2404.61
79.085, 55841.4, 2404.13
79.086, 55841.8, 2403.64
79.087, 55842.2, 2403.16
79.088, 55842.7, 2402.68
79.089, 55843.1, 2402.19
79.09, 55843.5, 2401.71
79.091, 55843.9, 2401.23
79.092, 55844.3, 2400.74
79.093, 55844.7, 2400.26
79.094, 55845.2, 2399.78
79.095, 55845.6, 2399.29
79.096, 55846, 2398.81
79.097, 55846.4, 2398.33
79.098, 55846.8, 2397.84
79.099, 55847.3, 2397.36
79.1, 55847.7, 2396.87
79.101, 55848.1, 2396.39
79.102, 55848.5, 2395.91
79.103, 55848.9, 2395.42
79.104, 55849.3, 2394.94
79.105, 55849.8, 2394.46
79.106, 55850.2, 2393.97
79.107, 55850.6, 2393.49
79.108, 55851, 2393
79.109, 55851.4, 2392.52
79.11, 55851.8, 2392.04
79.111, 55852.3, 2391.55
79.112, 55852.7, 2391.07
79.113, 55853.1, 2390.58
79.114, 55853.5, 2390.1
79.115, 55853.9, 2389.62
79.116, 55854.3, 2389.13
79.117, 55854.8, 2388.65
79.118, 55855.2, 2388.16
79.119, 55855.6, 2387.68
79.12, 55856, 2387.2
79.121, 55856.4, 2386.71
79.122, 55856.9, 2386.23
79.123, 55857.3, 2385.74
79.124, 55857.7, 2385.26
79.125, 55858.1, 2384.77
79.126, 55858.5, 2384.29
79.127, 55858.9, 2383.81
79.128, 55859.4, 2383.32
79.129, 55859.8, 2382.84
79.13, 55860.2, 2382.35
79.131, 55860.6, 2381.87
79.132, 55861, 2381.38
79.133, 55861.4, 2380.9
79.134, 55861.9, 2380.42
79.135, 55862.3, 2379.93
79.136, 55862.7, 2379.45
79.137, 55863.1, 2378.96
79.138, 55863.5, 2378.48
79.139, 55863.9, 2377.99
79.14, 55864.4, 2377.51
79.141, 55864.8, 2377.02
79.142, 55865.2, 2376.54
79.143, 55865.6, 2376.06
79.144, 55866, 2375.57
79.145, 55866.5, 2375.09
79.146, 55866.9, 2374.6
79.147, 55867.3, 2374.12
79.148, 55867.7, 2373.63
79.149, 55868.1, 2373.15
79.15, 55868.5, 2372.66
79.151, 55869, 2372.18
79.152, 55869.4, 2371.69
79.153, 55869.8, 2371.21
79.154, 55870.2, 2370.72
79.155, 55870.6, 2370.24
79.156, 55871, 2369.75
79.157, 55871.5, 2369.27
79.158, 55871.9, 2368.78
79.159, 55872.3, 2368.3
79.16, 55872.7, 2367.81
79.161, 55873.1, 2367.33
79.162, 55873.5, 2366.84
79.163, 55874, 2366.36
79.164, 55874.4, 2365.87
79.165, 55874.8, 2365.39
79.166, 55875.2, 2364.9
79.167, 55875.6, 2364.42
79.168, 55876, 2363.93
79.169, 55876.5, 2363.45
79.17, 55876.9, 2362.96
79.171, 55877.3, 2362.48
79.172, 55877.7, 2361.99
79.173, 55878.1, 2361.51
79.174, 55878.5, 2361.02
79.175, 55879, 2360.54
79.176, 55879.4, 2360.05
79.177, 55879.8, 2359.57
79.178, 55880.2, 2359.08
79.179, 55880.6, 2358.6
79.18, 55881, 2358.11
79.181, 55881.5, 2357.63
79.182, 55881.9, 2357.14
79.183, 55882.3, 2356.65
79.184, 55882.7, 2356.17
79.185, 55883.1, 2355.68
79.186, 55883.5, 2355.2
79.187, 55884, 2354.71
79.188, 55884.4, 2354.23
79.189, 55884.8, 2353.74
79.19, 55885.2, 2353.26
79.191, 55885.6, 2352.77
79.192, 55886, 2352.29
79.193, 55886.5, 2351.8
79.194, 55886.9, 2351.31
79.195, 55887.3, 2350.83
79.196, 55887.7, 2350.34
79.197, 55888.1, 2349.86
79.198, 55888.5, 2349.37
79.199, 55889, 2348.89
79.2, 55889.4, 2348.4
79.201, 55889.8, 2347.91
79.202, 55890.2, 2347.43
79.203, 55890.6, 2346.94
79.204, 55891, 2346.46
79.205, 55891.5, 2345.97
79.206, 55891.9, 2345.49
79.207, 55892.3, 2345
79.208, 55892.7, 2344.51
79.209, 55893.1, 2344.03
79.21, 55893.5, 2343.54
79.211, 55894, 2343.06
79.212, 55894.4, 2342.57
79.213, 55894.8, 2342.08
79.214, 55895.2, 2341.6
79.215, 55895.6, 2341.11
79.216, 55896, 2340.63
79.217, 55896.5, 2340.14
79.218, 55896.9, 2339.65
79.219, 55897.3, 2339.17
79.22, 55897.7, 2338.68
79.221, 55898.1, 2338.19
79.222, 55898.5, 2337.71
79.223, 55899, 2337.22
79.224, 55899.4, 2336.74
79.225, 55899.8, 2336.25
79.226, 55900.2, 2335.76
79.227, 55900.6, 2335.28
79.228, 55901, 2334.79
79.229, 55901.5, 2334.3
79.23, 55901.9, 2333.82
79.231, 55902.3, 2333.33
79.232, 55902.7, 2332.85
79.233, 55903.1, 2332.36
79.234, 55903.5, 2331.87
79.235, 55904, 2331.39
79.236, 55904.4, 2330.9
79.237, 55904.8, 2330.41
79.238, 55905.2, 2329.93
79.239, 55905.6, 2329.44
79.24, 55906, 2328.95
79.241, 55906.5, 2328.47
79.242, 55906.9, 2327.98
79.243, 55907.3, 2327.49
79.244, 55907.7, 2327.01
79.245, 55908.1, 2326.52
79.246, 55908.5, 2326.03
79.247, 55909, 2325.55
79.248, 55909.4, 2325.06
79.249, 55909.8, 2324.57
79.25, 55910.2, 2324.09
79.251, 55910.6, 2323.6
79.252, 55911, 2323.11
79.253, 55911.5, 2322.63
79.254, 55911.9, 2322.14
79.255, 55912.3, 2321.65
79.256, 55912.7, 2321.17
79.257, 55913.1, 2320.68
79.258, 55913.5, 2320.19
79.259, 55914, 2319.71
79.26, 55914.4, 2319.22
79.261, 55914.8, 2318.73
79.262, 55915.2, 2318.24
79.263, 55915.6, 2317.76
79.264, 55916, 2317.27
79.265, 55916.4, 2316.78
79.266, 55916.9, 2316.3
79.267, 55917.3, 2315.81
79.268, 55917.7, 2315.32
79.269, 55918.1, 2314.83
79.27, 55918.5, 2314.35
79.271, 55918.9, 2313.86
79.272, 55919.4, 2313.37
79.273, 55919.8, 2312.89
79.274, 55920.2, 2312.4
79.275, 55920.6, 2311.91
79.276, 55921, 2311.42
79.277, 55921.4, 2310.94
79.278, 55921.9, 2310.45
79.279, 55922.3, 2309.96
79.28, 55922.7, 2309.47
79.281, 55923.1, 2308.99
79.282, 55923.5, 2308.5
79.283, 55923.9, 2308.01
79.284, 55924.4, 2307.53
79.285, 55924.8, 2307.04
79.286, 55925.2, 2306.55
79.287, 55925.6, 2306.06
79.288, 55926, 2305.58
79.289, 55926.4, 2305.09
79.29, 55926.8, 2304.6
79.291, 55927.3, 2304.11
79.292, 55927.7, 2303.62
79.293, 55928.1, 2303.14
79.294, 55928.5, 2302.65
79.295, 55928.9, 2302.16
79.296, 55929.3, 2301.67
79.297, 55929.8, 2301.19
79.298, 55930.2, 2300.7
79.299, 55930.6, 2300.21
79.3, 55931, 2299.72
79.301, 55931.4, 2299.24
79.302, 55931.8, 2298.75
79.303, 55932.3, 2298.26
79.304, 55932.7, 2297.77
79.305, 55933.1, 2297.28
79.306, 55933.5, 2296.8
79.307, 55933.9, 2296.31
79.308, 55934.3, 2295.82
79.309, 55934.7, 2295.33
79.31, 55935.2, 2294.84
79.311, 55935.6, 2294.36
79.312, 55936, 2293.87
79.313, 55936.4, 2293.38
79.314, 55936.8, 2292.89
79.315, 55937.2, 2292.4
79.316, 55937.7, 2291.92
79.317, 55938.1, 2291.43
79.318, 55938.5, 2290.94
79.319, 55938.9, 2290.45
79.32, 55939.3, 2289.96
79.321, 55939.7, 2289.48
79.322, 55940.2, 2288.99
79.323, 55940.6, 2288.5
79.324, 55941, 2288.01
79.325, 55941.4, 2287.52
79.326, 55941.8, 2287.03
79.327, 55942.2, 2286.55
79.328, 55942.6, 2286.06
79.329, 55943.1, 2285.57
79.33, 55943.5, 2285.08
79.331, 55943.9, 2284.59
79.332, 55944.3, 2284.1
79.333, 55944.7, 2283.62
79.334, 55945.1, 2283.13
79.335, 55945.6, 2282.64
79.336, 55946, 2282.15
79.337, 55946.4, 2281.66
79.338, 55946.8, 2281.17
79.339, 55947.2, 2280.68
79.34, 55947.6, 2280.2
79.341, 55948, 2279.71
79.342, 55948.5, 2279.22
79.343, 55948.9, 2278.73
79.344, 55949.3, 2278.24
79.345, 55949.7, 2277.75
79.346, 55950.1, 2277.26
79.347, 55950.5, 2276.77
79.348, 55951, 2276.29
79.349, 55951.4, 2275.8
79.35, 55951.8, 2275.31
79.351, 55952.2, 2274.82
79.352, 55952.6, 2274.33
79.353, 55953, 2273.84
79.354, 55953.4, 2273.35
79.355, 55953.9, 2272.86
79.356, 55954.3, 2272.38
79.357, 55954.7, 2271.89
79.358, 55955.1, 2271.4
79.359, 55955.5, 2270.91
79.36, 55955.9, 2270.42
79.361, 55956.4, 2269.93
79.362, 55956.8, 2269.44
79.363, 55957.2, 2268.95
79.364, 55957.6, 2268.46
79.365, 55958, 2267.97
79.366, 55958.4, 2267.49
79.367, 55958.8, 2267
79.368, 55959.3, 2266.51
79.369, 55959.7, 2266.02
79.37, 55960.1, 2265.53
79.371, 55960.5, 2265.04
79.372, 55960.9, 2264.55
79.373, 55961.3, 2264.06
79.374, 55961.8, 2263.57
79.375, 55962.2, 2263.08
79.376, 55962.6, 2262.59
79.377, 55963, 2262.1
79.378, 55963.4, 2261.61
79.379, 55963.8, 2261.12
79.38, 55964.2, 2260.64
79.381, 55964.7, 2260.15
79.382, 55965.1, 2259.66
79.383, 55965.5, 2259.17
79.384, 55965.9, 2258.68
79.385, 55966.3, 2258.19
79.386, 55966.7, 2257.7
79.387, 55967.1, 2257.21
79.388, 55967.6, 2256.72
79.389, 55968, 2256.23
79.39, 55968.4, 2255.74
79.391, 55968.8, 2255.25
79.392, 55969.2, 2254.76
79.393, 55969.6, 2254.27
79.394, 55970.1, 2253.78
79.395, 55970.5, 2253.29
79.396, 55970.9, 2252.8
79.397, 55971.3, 2252.31
79.398, 55971.7, 2251.82
79.399, 55972.1, 2251.33
79.4, 55972.5, 2250.84
79.401, 55973, 2250.35
79.402, 55973.4, 2249.86
79.403, 55973.8, 2249.37
79.404, 55974.2, 2248.88
79.405, 55974.6, 2248.39
79.406, 55975, 2247.9
79.407, 55975.4, 2247.41
79.408, 55975.9, 2246.92
79.409, 55976.3, 2246.43
79.41, 55976.7, 2245.94
79.411, 55977.1, 2245.45
79.412, 55977.5, 2244.96
79.413, 55977.9, 2244.47
79.414, 55978.3, 2243.98
79.415, 55978.8, 2243.49
79.416, 55979.2, 2243
79.417, 55979.6, 2242.51
79.418, 55980, 2242.02
79.419, 55980.4, 2241.53
79.42, 55980.8, 2241.04
79.421, 55981.3, 2240.55
79.422, 55981.7, 2240.06
79.423, 55982.1, 2239.57
79.424, 55982.5, 2239.08
79.425, 55982.9, 2238.59
79.426, 55983.3, 2238.1
79.427, 55983.7, 2237.61
79.428, 55984.2, 2237.12
79.429, 55984.6, 2236.63
79.43, 55985, 2236.14
79.431, 55985.4, 2235.65
79.432, 55985.8, 2235.16
79.433, 55986.2, 2234.67
79.434, 55986.6, 2234.18
79.435, 55987.1, 2233.69
79.436, 55987.5, 2233.2
79.437, 55987.9, 2232.71
79.438, 55988.3, 2232.21
79.439, 55988.7, 2231.72
79.44, 55989.1, 2231.23
79.441, 55989.5, 2230.74
79.442, 55990, 2230.25
79.443, 55990.4, 2229.76
79.444, 55990.8, 2229.27
79.445, 55991.2, 2228.78
79.446, 55991.6, 2228.29
79.447, 55992, 2227.8
79.448, 55992.4, 2227.31
79.449, 55992.9, 2226.82
79.45, 55993.3, 2226.33
79.451, 55993.7, 2225.84
79.452, 55994.1, 2225.34
79.453, 55994.5, 2224.85
79.454, 55994.9, 2224.36
79.455, 55995.3, 2223.87
79.456, 55995.8, 2223.38
79.457, 55996.2, 2222.89
79.458, 55996.6, 2222.4
79.459, 55997, 2221.91
79.46, 55997.4, 2221.42
79.461, 55997.8, 2220.93
79.462, 55998.2, 2220.43
79.463, 55998.7, 2219.94
79.464, 55999.1, 2219.45
79.465, 55999.5, 2218.96
79.466, 55999.9, 2218.47
79.467, 56000.3, 2217.98
79.468, 56000.7, 2217.49
79.469, 56001.1, 2217
79.47, 56001.6, 2216.5
79.471, 56002, 2216.01
79.472, 56002.4, 2215.52
79.473, 56002.8, 2215.03
79.474, 56003.2, 2214.54
79.475, 56003.6, 2214.05
79.476, 56004, 2213.56
79.477, 56004.5, 2213.07
79.478, 56004.9, 2212.57
79.479, 56005.3, 2212.08
79.48, 56005.7, 2211.59
79.481, 56006.1, 2211.1
79.482, 56006.5, 2210.61
79.483, 56006.9, 2210.12
79.484, 56007.4, 2209.63
79.485, 56007.8, 2209.13
79.486, 56008.2, 2208.64
79.487, 56008.6, 2208.15
79.488, 56009, 2207.66
79.489, 56009.4, 2207.17
79.49, 56009.8, 2206.68
79.491, 56010.3, 2206.18
79.492, 56010.7, 2205.69
79.493, 56011.1, 2205.2
79.494, 56011.5, 2204.71
79.495, 56011.9, 2204.22
79.496, 56012.3, 2203.73
79.497, 56012.7, 2203.23
79.498, 56013.2, 2202.74
79.499, 56013.6, 2202.25
79.5, 56014, 2201.76
79.501, 56014.4, 2201.27
79.502, 56014.8, 2200.77
79.503, 56015.2, 2200.28
79.504, 56015.6, 2199.79
79.505, 56016.1, 2199.3
79.506, 56016.5, 2198.81
79.507, 56016.9, 2198.31
79.508, 56017.3, 2197.82
79.509, 56017.7, 2197.33
79.51, 56018.1, 2196.84
79.511, 56018.5, 2196.35
79.512, 56019, 2195.85
79.513, 56019.4, 2195.36
79.514, 56019.8, 2194.87
79.515, 56020.2, 2194.38
79.516, 56020.6, 2193.89
79.517, 56021, 2193.39
79.518, 56021.4, 2192.9
79.519, 56021.8, 2192.41
79.52, 56022.3, 2191.92
79.521, 56022.7, 2191.42
79.522, 56023.1, 2190.93
79.523, 56023.5, 2190.44
79.524, 56023.9, 2189.95
79.525, 56024.3, 2189.45
79.526, 56024.7, 2188.96
79.527, 56025.2, 2188.47
79.528, 56025.6, 2187.98
79.529, 56026, 2187.48
79.53, 56026.4, 2186.99
79.531, 56026.8, 2186.5
79.532, 56027.2, 2186.01
79.533, 56027.6, 2185.51
79.534, 56028.1, 2185.02
79.535, 56028.5, 2184.53
79.536, 56028.9, 2184.04
79.537, 56029.3, 2183.54
79.538, 56029.7, 2183.05
79.539, 56030.1, 2182.56
79.54, 56030.5, 2182.07
79.541, 56030.9, 2181.57
79.542, 56031.4, 2181.08
79.543, 56031.8, 2180.59
79.544, 56032.2, 2180.1
79.545, 56032.6, 2179.6
79.546, 56033, 2179.11
79.547, 56033.4, 2178.62
79.548, 56033.8, 2178.12
79.549, 56034.3, 2177.63
79.55, 56034.7, 2177.14
79.551, 56035.1, 2176.65
79.552, 56035.5, 2176.15
79.553, 56035.9, 2175.66
79.554, 56036.3, 2175.17
79.555, 56036.7, 2174.67
79.556, 56037.2, 2174.18
79.557, 56037.6, 2173.69
79.558, 56038, 2173.19
79.559, 56038.4, 2172.7
79.56, 56038.8, 2172.21
79.561, 56039.2, 2171.71
79.562, 56039.6, 2171.22
79.563, 56040, 2170.73
79.564, 56040.5, 2170.24
79.565, 56040.9, 2169.74
79.566, 56041.3, 2169.25
79.567, 56041.7, 2168.76
79.568, 56042.1, 2168.26
79.569, 56042.5, 2167.77
79.57, 56042.9, 2167.28
79.571, 56043.4, 2166.78
79.572, 56043.8, 2166.29
79.573, 56044.2, 2165.8
79.574, 56044.6, 2165.3
79.575, 56045, 2164.81
79.576, 56045.4, 2164.32
79.577, 56045.8, 2163.82
79.578, 56046.2, 2163.33
79.579, 56046.7, 2162.84
79.58, 56047.1, 2162.34
79.581, 56047.5, 2161.85
79.582, 56047.9, 2161.35
79.583, 56048.3, 2160.86
79.584, 56048.7, 2160.37
79.585, 56049.1, 2159.87
79.586, 56049.6, 2159.38
79.587, 56050, 2158.89
79.588, 56050.4, 2158.39
79.589, 56050.8, 2157.9
79.59, 56051.2, 2157.41
79.591, 56051.6, 2156.91
79.592, 56052, 2156.42
79.593, 56052.4, 2155.92
79.594, 56052.9, 2155.43
79.595, 56053.3, 2154.94
79.596, 56053.7, 2154.44
79.597, 56054.1, 2153.95
79.598, 56054.5, 2153.45
79.599, 56054.9, 2152.96
79.6, 56055.3, 2152.47
79.601, 56055.8, 2151.97
79.602, 56056.2, 2151.48
79.603, 56056.6, 2150.98
79.604, 56057, 2150.49
79.605, 56057.4, 2150
79.606, 56057.8, 2149.5
79.607, 56058.2, 2149.01
79.608, 56058.6, 2148.51
79.609, 56059.1, 2148.02
79.61, 56059.5, 2147.53
79.611, 56059.9, 2147.03
79.612, 56060.3, 2146.54
79.613, 56060.7, 2146.04
79.614, 56061.1, 2145.55
79.615, 56061.5, 2145.06
79.616, 56061.9, 2144.56
79.617, 56062.4, 2144.07
79.618, 56062.8, 2143.57
79.619, 56063.2, 2143.08
79.62, 56063.6, 2142.58
79.621, 56064, 2142.09
79.622, 56064.4, 2141.6
79.623, 56064.8, 2141.1
79.624, 56065.2, 2140.61
79.625, 56065.7, 2140.11
79.626, 56066.1, 2139.62
79.627, 56066.5, 2139.12
79.628, 56066.9, 2138.63
79.629, 56067.3, 2138.13
79.63, 56067.7, 2137.64
79.631, 56068.1, 2137.14
79.632, 56068.6, 2136.65
79.633, 56069, 2136.16
79.634, 56069.4, 2135.66
79.635, 56069.8, 2135.17
79.636, 56070.2, 2134.67
79.637, 56070.6, 2134.18
79.638, 56071, 2133.68
79.639, 56071.4, 2133.19
79.64, 56071.9, 2132.69
79.641, 56072.3, 2132.2
79.642, 56072.7, 2131.7
79.643, 56073.1, 2131.21
79.644, 56073.5, 2130.71
79.645, 56073.9, 2130.22
79.646, 56074.3, 2129.72
79.647, 56074.7, 2129.23
79.648, 56075.2, 2128.73
79.649, 56075.6, 2128.24
79.65, 56076, 2127.74
79.651, 56076.4, 2127.25
79.652, 56076.8, 2126.75
79.653, 56077.2, 2126.26
79.654, 56077.6, 2125.76
79.655, 56078, 2125.27
79.656, 56078.5, 2124.77
79.657, 56078.9, 2124.28
79.658, 56079.3, 2123.78
79.659, 56079.7, 2123.29
79.66, 56080.1, 2122.79
79.661, 56080.5, 2122.3
79.662, 56080.9, 2121.8
79.663, 56081.3, 2121.31
79.664, 56081.8, 2120.81
79.665, 56082.2, 2120.32
79.666, 56082.6, 2119.82
79.667, 56083, 2119.33
79.668, 56083.4, 2118.83
79.669, 56083.8, 2118.34
79.67, 56084.2, 2117.84
79.671, 56084.6, 2117.34
79.672, 56085.1, 2116.85
79.673, 56085.5, 2116.35
79.674, 56085.9, 2115.86
79.675, 56086.3, 2115.36
79.676, 56086.7, 2114.87
79.677, 56087.1, 2114.37
79.678, 56087.5, 2113.88
79.679, 56087.9, 2113.38
79.68, 56088.4, 2112.89
79.681, 56088.8, 2112.39
79.682, 56089.2, 2111.89
79.683, 56089.6, 2111.4
79.684, 56090, 2110.9
79.685, 56090.4, 2110.41
79.686, 56090.8, 2109.91
79.687, 56091.2, 2109.42
79.688, 56091.7, 2108.92
79.689, 56092.1, 2108.42
79.69, 56092.5, 2107.93
79.691, 56092.9, 2107.43
79.692, 56093.3, 2106.94
79.693, 56093.7, 2106.44
79.694, 56094.1, 2105.94
79.695, 56094.5, 2105.45
79.696, 56095, 2104.95
79.697, 56095.4, 2104.46
79.698, 56095.8, 2103.96
79.699, 56096.2, 2103.46
79.7, 56096.6, 2102.97
79.701, 56097, 2102.47
79.702, 56097.4, 2101.98
79.703, 56097.8, 2101.48
79.704, 56098.2, 2100.98
79.705, 56098.7, 2100.49
79.706, 56099.1, 2099.99
79.707, 56099.5, 2099.5
79.708, 56099.9, 2099
79.709, 56100.3, 2098.5
79.71, 56100.7, 2098.01
79.711, 56101.1, 2097.51
79.712, 56101.5, 2097.02
79.713, 56102, 2096.52
79.714, 56102.4, 2096.02
79.715, 56102.8, 2095.53
79.716, 56103.2, 2095.03
79.717, 56103.6, 2094.53
79.718, 56104, 2094.04
79.719, 56104.4, 2093.54
79.72, 56104.8, 2093.04
79.721, 56105.3, 2092.55
79.722, 56105.7, 2092.05
79.723, 56106.1, 2091.55
79.724, 56106.5, 2091.06
79.725, 56106.9, 2090.56
79.726, 56107.3, 2090.07
79.727, 56107.7, 2089.57
79.728, 56108.1, 2089.07
79.729, 56108.5, 2088.58
79.73, 56109, 2088.08
79.731, 56109.4, 2087.58
79.732, 56109.8, 2087.09
79.733, 56110.2, 2086.59
79.734, 56110.6, 2086.09
79.735, 56111, 2085.6
79.736, 56111.4, 2085.1
79.737, 56111.8, 2084.6
79.738, 56112.3, 2084.11
79.739, 56112.7, 2083.61
79.74, 56113.1, 2083.11
79.741, 56113.5, 2082.61
79.742, 56113.9, 2082.12
79.743, 56114.3, 2081.62
79.744, 56114.7, 2081.12
79.745, 56115.1, 2080.63
79.746, 56115.5, 2080.13
79.747, 56116, 2079.63
79.748, 56116.4, 2079.14
79.749, 56116.8, 2078.64
79.75, 56117.2, 2078.14
79.751, 56117.6, 2077.64
79.752, 56118, 2077.15
79.753, 56118.4, 2076.65
79.754, 56118.8, 2076.15
79.755, 56119.3, 2075.66
79.756, 56119.7, 2075.16
79.757, 56120.1, 2074.66
79.758, 56120.5, 2074.16
79.759, 56120.9, 2073.67
79.76, 56121.3, 2073.17
79.761, 56121.7, 2072.67
79.762, 56122.1, 2072.18
79.763, 56122.5, 2071.68
79.764, 56123, 2071.18
79.765, 56123.4, 2070.68
79.766, 56123.8, 2070.19
79.767, 56124.2, 2069.69
79.768, 56124.6, 2069.19
79.769, 56125, 2068.69
79.77, 56125.4, 2068.2
79.771, 56125.8, 2067.7
79.772, 56126.3, 2067.2
79.773, 56126.7, 2066.7
79.774, 56127.1, 2066.21
79.775, 56127.5, 2065.71
79.776, 56127.9, 2065.21
79.777, 56128.3, 2064.71
79.778, 56128.7, 2064.22
79.779, 56129.1, 2063.72
79.78, 56129.5, 2063.22
79.781, 56130, 2062.72
79.782, 56130.4, 2062.23
79.783, 56130.8, 2061.73
79.784, 56131.2, 2061.23
79.785, 56131.6, 2060.73
79.786, 56132, 2060.23
79.787, 56132.4, 2059.74
79.788, 56132.8, 2059.24
79.789, 56133.2, 2058.74
79.79, 56133.7, 2058.24
79.791, 56134.1, 2057.74
79.792, 56134.5, 2057.25
79.793, 56134.9, 2056.75
79.794, 56135.3, 2056.25
79.795, 56135.7, 2055.75
79.796, 56136.1, 2055.25
79.797, 56136.5, 2054.76
79.798, 56136.9, 2054.26
79.799, 56137.4, 2053.76
79.8, 56137.8, 2053.26
79.801, 56138.2, 2052.76
79.802, 56138.6, 2052.27
79.803, 56139, 2051.77
79.804, 56139.4, 2051.27
79.805, 56139.8, 2050.77
79.806, 56140.2, 2050.27
79.807, 56140.6, 2049.78
79.808, 56141.1, 2049.28
79.809, 56141.5, 2048.78
79.81, 56141.9, 2048.28
79.811, 56142.3, 2047.78
79.812, 56142.7, 2047.28
79.813, 56143.1, 2046.79
79.814, 56143.5, 2046.29
79.815, 56143.9, 2045.79
79.816, 56144.3, 2045.29
79.817, 56144.8, 2044.79
79.818, 56145.2, 2044.29
79.819, 56145.6, 2043.79
79.82, 56146, 2043.3
79.821, 56146.4, 2042.8
79.822, 56146.8, 2042.3
79.823, 56147.2, 2041.8
79.824, 56147.6, 2041.3
79.825, 56148, 2040.8
79.826, 56148.5, 2040.3
79.827, 56148.9, 2039.81
79.828, 56149.3, 2039.31
79.829, 56149.7, 2038.81
79.83, 56150.1, 2038.31
79.831, 56150.5, 2037.81
79.832, 56150.9, 2037.31
79.833, 56151.3, 2036.81
79.834, 56151.7, 2036.31
79.835, 56152.2, 2035.82
79.836, 56152.6, 2035.32
79.837, 56153, 2034.82
79.838, 56153.4, 2034.32
79.839, 56153.8, 2033.82
79.84, 56154.2, 2033.32
79.841, 56154.6, 2032.82
79.842, 56155, 2032.32
79.843, 56155.4, 2031.82
79.844, 56155.9, 2031.33
79.845, 56156.3, 2030.83
79.846, 56156.7, 2030.33
79.847, 56157.1, 2029.83
79.848, 56157.5, 2029.33
79.849, 56157.9, 2028.83
79.85, 56158.3, 2028.33
79.851, 56158.7, 2027.83
79.852, 56159.1, 2027.33
79.853, 56159.6, 2026.83
79.854, 56160, 2026.33
79.855, 56160.4, 2025.83
79.856, 56160.8, 2025.34
79.857, 56161.2, 2024.84
79.858, 56161.6, 2024.34
79.859, 56162, 2023.84
79.86, 56162.4, 2023.34
79.861, 56162.8, 2022.84
79.862, 56163.2, 2022.34
79.863, 56163.7, 2021.84
79.864, 56164.1, 2021.34
79.865, 56164.5, 2020.84
79.866, 56164.9, 2020.34
79.867, 56165.3, 2019.84
79.868, 56165.7, 2019.34
79.869, 56166.1, 2018.84
79.87, 56166.5, 2018.34
79.871, 56166.9, 2017.84
79.872, 56167.4, 2017.34
79.873, 56167.8, 2016.84
79.874, 56168.2, 2016.35
79.875, 56168.6, 2015.85
79.876, 56169, 2015.35
79.877, 56169.4, 2014.85
79.878, 56169.8, 2014.35
79.879, 56170.2, 2013.85
79.88, 56170.6, 2013.35
79.881, 56171, 2012.85
79.882, 56171.5, 2012.35
79.883, 56171.9, 2011.85
79.884, 56172.3, 2011.35
79.885, 56172.7, 2010.85
79.886, 56173.1, 2010.35
79.887, 56173.5, 2009.85
79.888, 56173.9, 2009.35
79.889, 56174.3, 2008.85
79.89, 56174.7, 2008.35
79.891, 56175.2, 2007.85
79.892, 56175.6, 2007.35
79.893, 56176, 2006.85
79.894, 56176.4, 2006.35
79.895, 56176.8, 2005.85
79.896, 56177.2, 2005.35
79.897, 56177.6, 2004.85
79.898, 56178, 2004.35
79.899, 56178.4, 2003.85
79.9, 56178.8, 2003.35
79.901, 56179.3, 2002.85
79.902, 56179.7, 2002.35
79.903, 56180.1, 2001.85
79.904, 56180.5, 2001.35
79.905, 56180.9, 2000.85
79.906, 56181.3, 2000.35
79.907, 56181.7, 1999.84
79.908, 56182.1, 1999.34
79.909, 56182.5, 1998.84
79.91, 56183, 1998.34
79.911, 56183.4, 1997.84
79.912, 56183.8, 1997.34
79.913, 56184.2, 1996.84
79.914, 56184.6, 1996.34
79.915, 56185, 1995.84
79.916, 56185.4, 1995.34
79.917, 56185.8, 1994.84
79.918, 56186.2, 1994.34
79.919, 56186.6, 1993.84
79.92, 56187.1, 1993.34
79.921, 56187.5, 1992.84
79.922, 56187.9, 1992.34
79.923, 56188.3, 1991.84
79.924, 56188.7, 1991.34
79.925, 56189.1, 1990.84
79.926, 56189.5, 1990.33
79.927, 56189.9, 1989.83
79.928, 56190.3, 1989.33
79.929, 56190.7, 1988.83
79.93, 56191.2, 1988.33
79.931, 56191.6, 1987.83
79.932, 56192, 1987.33
79.933, 56192.4, 1986.83
79.934, 56192.8, 1986.33
79.935, 56193.2, 1985.83
79.936, 56193.6, 1985.33
79.937, 56194, 1984.82
79.938, 56194.4, 1984.32
79.939, 56194.8, 1983.82
79.94, 56195.3, 1983.32
79.941, 56195.7, 1982.82
79.942, 56196.1, 1982.32
79.943, 56196.5, 1981.82
79.944, 56196.9, 1981.32
79.945, 56197.3, 1980.82
79.946, 56197.7, 1980.32
79.947, 56198.1, 1979.81
79.948, 56198.5, 1979.31
79.949, 56198.9, 1978.81
79.95, 56199.4, 1978.31
79.951, 56199.8, 1977.81
79.952, 56200.2, 1977.31
79.953, 56200.6, 1976.81
79.954, 56201, 1976.3
79.955, 56201.4, 1975.8
79.956, 56201.8, 1975.3
79.957, 56202.2, 1974.8
79.958, 56202.6, 1974.3
79.959, 56203, 1973.8
79.96, 56203.5, 1973.3
79.961, 56203.9, 1972.8
79.962, 56204.3, 1972.29
79.963, 56204.7, 1971.79
79.964, 56205.1, 1971.29
79.965, 56205.5, 1970.79
79.966, 56205.9, 1970.29
79.967, 56206.3, 1969.79
79.968, 56206.7, 1969.28
79.969, 56207.1, 1968.78
79.97, 56207.5, 1968.28
79.971, 56208, 1967.78
79.972, 56208.4, 1967.28
79.973, 56208.8, 1966.78
79.974, 56209.2, 1966.27
79.975, 56209.6, 1965.77
79.976, 56210, 1965.27
79.977, 56210.4, 1964.77
79.978, 56210.8, 1964.27
79.979, 56211.2, 1963.76
79.98, 56211.6, 1963.26
79.981, 56212.1, 1962.76
79.982, 56212.5, 1962.26
79.983, 56212.9, 1961.76
79.984, 56213.3, 1961.26
79.985, 56213.7, 1960.75
79.986, 56214.1, 1960.25
79.987, 56214.5, 1959.75
79.988, 56214.9, 1959.25
79.989, 56215.3, 1958.74
79.99, 56215.7, 1958.24
79.991, 56216.1, 1957.74
79.992, 56216.6, 1957.24
79.993, 56217, 1956.74
79.994, 56217.4, 1956.23
79.995, 56217.8, 1955.73
79.996, 56218.2, 1955.23
79.997, 56218.6, 1954.73
79.998, 56219, 1954.23
79.999, 56219.4, 1953.72
80, 56219.8, 1953.22
80.001, 56220.2, 1952.72
80.002, 56220.7, 1952.22
80.003, 56221.1, 1951.71
80.004, 56221.5, 1951.21
80.005, 56221.9, 1950.71
80.006, 56222.3, 1950.21
80.007, 56222.7, 1949.7
80.008, 56223.1, 1949.2
80.009, 56223.5, 1948.7
80.01, 56223.9, 1948.2
80.011, 56224.3, 1947.69
80.012, 56224.7, 1947.19
80.013, 56225.2, 1946.69
80.014, 56225.6, 1946.19
80.015, 56226, 1945.68
80.016, 56226.4, 1945.18
80.017, 56226.8, 1944.68
80.018, 56227.2, 1944.18
80.019, 56227.6, 1943.67
80.02, 56228, 1943.17
80.021, 56228.4, 1942.67
80.022, 56228.8, 1942.16
80.023, 56229.2, 1941.66
80.024, 56229.7, 1941.16
80.025, 56230.1, 1940.66
80.026, 56230.5, 1940.15
80.027, 56230.9, 1939.65
80.028, 56231.3, 1939.15
80.029, 56231.7, 1938.64
80.03, 56232.1, 1938.14
80.031, 56232.5, 1937.64
80.032, 56232.9, 1937.14
80.033, 56233.3, 1936.63
80.034, 56233.7, 1936.13
80.035, 56234.2, 1935.63
80.036, 56234.6, 1935.12
80.037, 56235, 1934.62
80.038, 56235.4, 1934.12
80.039, 56235.8, 1933.61
80.04, 56236.2, 1933.11
80.041, 56236.6, 1932.61
80.042, 56237, 1932.1
80.043, 56237.4, 1931.6
80.044, 56237.8, 1931.1
80.045, 56238.2, 1930.59
80.046, 56238.7, 1930.09
80.047, 56239.1, 1929.59
80.048, 56239.5, 1929.08
80.049, 56239.9, 1928.58
80.05, 56240.3, 1928.08
80.051, 56240.7, 1927.57
80.052, 56241.1, 1927.07
80.053, 56241.5, 1926.57
80.054, 56241.9, 1926.06
80.055, 56242.3, 1925.56
80.056, 56242.7, 1925.06
80.057, 56243.2, 1924.55
80.058, 56243.6, 1924.05
80.059, 56244, 1923.55
80.06, 56244.4, 1923.04
80.061, 56244.8, 1922.54
80.062, 56245.2, 1922.04
80.063, 56245.6, 1921.53
80.064, 56246, 1921.03
80.065, 56246.4, 1920.53
80.066, 56246.8, 1920.02
80.067, 56247.2, 1919.52
80.068, 56247.7, 1919.01
80.069, 56248.1, 1918.51
80.07, 56248.5, 1918.01
80.071, 56248.9, 1917.5
80.072, 56249.3, 1917
80.073, 56249.7, 1916.49
80.074, 56250.1, 1915.99
80.075, 56250.5, 1915.49
80.076, 56250.9, 1914.98
80.077, 56251.3, 1914.48
80.078, 56251.7, 1913.98
80.079, 56252.1, 1913.47
80.08, 56252.6, 1912.97
80.081, 56253, 1912.46
80.082, 56253.4, 1911.96
80.083, 56253.8, 1911.45
80.084, 56254.2, 1910.95
80.085, 56254.6, 1910.45
80.086, 56255, 1909.94
80.087, 56255.4, 1909.44
80.088, 56255.8, 1908.93
80.089, 56256.2, 1908.43
80.09, 56256.6, 1907.93
80.091, 56257.1, 1907.42
80.092, 56257.5, 1906.92
80.093, 56257.9, 1906.41
80.094, 56258.3, 1905.91
80.095, 56258.7, 1905.4
80.096, 56259.1, 1904.9
80.097, 56259.5, 1904.4
80.098, 56259.9, 1903.89
80.099, 56260.3, 1903.39
80.1, 56260.7, 1902.88
80.101, 56261.1, 1902.38
80.102, 56261.5, 1901.87
80.103, 56262, 1901.37
80.104, 56262.4, 1900.86
80.105, 56262.8, 1900.36
80.106, 56263.2, 1899.86
80.107, 56263.6, 1899.35
80.108, 56264, 1898.85
80.109, 56264.4, 1898.34
80.11, 56264.8, 1897.84
80.111, 56265.2, 1897.33
80.112, 56265.6, 1896.83
80.113, 56266, 1896.32
80.114, 56266.4, 1895.82
80.115, 56266.9, 1895.31
80.116, 56267.3, 1894.81
80.117, 56267.7, 1894.3
80.118, 56268.1, 1893.8
80.119, 56268.5, 1893.29
80.12, 56268.9, 1892.79
80.121, 56269.3, 1892.28
80.122, 56269.7, 1891.78
80.123, 56270.1, 1891.27
80.124, 56270.5, 1890.77
80.125, 56270.9, 1890.26
80.126, 56271.3, 1889.76
80.127, 56271.8, 1889.25
80.128, 56272.2, 1888.75
80.129, 56272.6, 1888.24
80.13, 56273, 1887.74
80.131, 56273.4, 1887.23
80.132, 56273.8, 1886.73
80.133, 56274.2, 1886.22
80.134, 56274.6, 1885.72
80.135, 56275, 1885.21
80.136, 56275.4, 1884.71
80.137, 56275.8, 1884.2
80.138, 56276.2, 1883.7
80.139, 56276.6, 1883.19
80.14, 56277.1, 1882.69
80.141, 56277.5, 1882.18
80.142, 56277.9, 1881.68
80.143, 56278.3, 1881.17
80.144, 56278.7, 1880.67
80.145, 56279.1, 1880.16
80.146, 56279.5, 1879.66
80.147, 56279.9, 1879.15
80.148, 56280.3, 1878.64
80.149, 56280.7, 1878.14
80.15, 56281.1, 1877.63
80.151, 56281.5, 1877.13
80.152, 56282, 1876.62
80.153, 56282.4, 1876.12
80.154, 56282.8, 1875.61
80.155, 56283.2, 1875.11
80.156, 56283.6, 1874.6
80.157, 56284, 1874.09
80.158, 56284.4, 1873.59
80.159, 56284.8, 1873.08
80.16, 56285.2, 1872.58
80.161, 56285.6, 1872.07
80.162, 56286, 1871.57
80.163, 56286.4, 1871.06
80.164, 56286.8, 1870.55
80.165, 56287.3, 1870.05
80.166, 56287.7, 1869.54
80.167, 56288.1, 1869.04
80.168, 56288.5, 1868.53
80.169, 56288.9, 1868.03
80.17, 56289.3, 1867.52
80.171, 56289.7, 1867.01
80.172, 56290.1, 1866.51
80.173, 56290.5, 1866
80.174, 56290.9, 1865.5
80.175, 56291.3, 1864.99
80.176, 56291.7, 1864.48
80.177, 56292.2, 1863.98
80.178, 56292.6, 1863.47
80.179, 56293, 1862.96
80.18, 56293.4, 1862.46
80.181, 56293.8, 1861.95
80.182, 56294.2, 1861.45
80.183, 56294.6, 1860.94
80.184, 56295, 1860.43
80.185, 56295.4, 1859.93
80.186, 56295.8, 1859.42
80.187, 56296.2, 1858.92
80.188, 56296.6, 1858.41
80.189, 56297, 1857.9
80.19, 56297.5, 1857.4
80.191, 56297.9, 1856.89
80.192, 56298.3, 1856.38
80.193, 56298.7, 1855.88
80.194, 56299.1, 1855.37
80.195, 56299.5, 1854.86
80.196, 56299.9, 1854.36
80.197, 56300.3, 1853.85
80.198, 56300.7, 1853.34
80.199, 56301.1, 1852.84
80.2, 56301.5, 1852.33
80.201, 56301.9, 1851.82
80.202, 56302.3, 1851.32
80.203, 56302.7, 1850.81
80.204, 56303.2, 1850.3
80.205, 56303.6, 1849.8
80.206, 56304, 1849.29
80.207, 56304.4, 1848.78
80.208, 56304.8, 1848.28
80.209, 56305.2, 1847.77
80.21, 56305.6, 1847.26
80.211, 56306, 1846.76
80.212, 56306.4, 1846.25
80.213, 56306.8, 1845.74
80.214, 56307.2, 1845.24
80.215, 56307.6, 1844.73
80.216, 56308, 1844.22
80.217, 56308.5, 1843.72
80.218, 56308.9, 1843.21
80.219, 56309.3, 1842.7
80.22, 56309.7, 1842.2
80.221, 56310.1, 1841.69
80.222, 56310.5, 1841.18
80.223, 56310.9, 1840.67
80.224, 56311.3, 1840.17
80.225, 56311.7, 1839.66
80.226, 56312.1, 1839.15
80.227, 56312.5, 1838.65
80.228, 56312.9, 1838.14
80.229, 56313.3, 1837.63
80.23, 56313.7, 1837.12
80.231, 56314.2, 1836.62
80.232, 56314.6, 1836.11
80.233, 56315, 1835.6
80.234, 56315.4, 1835.1
80.235, 56315.8, 1834.59
80.236, 56316.2, 1834.08
80.237, 56316.6, 1833.57
80.238, 56317, 1833.07
80.239, 56317.4, 1832.56
80.24, 56317.8, 1832.05
80.241, 56318.2, 1831.54
80.242, 56318.6, 1831.04
80.243, 56319, 1830.53
80.244, 56319.4, 1830.02
80.245, 56319.9, 1829.51
80.246, 56320.3, 1829.01
80.247, 56320.7, 1828.5
80.248, 56321.1, 1827.99
80.249, 56321.5, 1827.48
80.25, 56321.9, 1826.98
80.251, 56322.3, 1826.47
80.252, 56322.7, 1825.96
80.253, 56323.1, 1825.45
80.254, 56323.5, 1824.94
80.255, 56323.9, 1824.44
80.256, 56324.3, 1823.93
80.257, 56324.7, 1823.42
80.258, 56325.1, 1822.91
80.259, 56325.6, 1822.41
80.26, 56326, 1821.9
80.261, 56326.4, 1821.39
80.262, 56326.8, 1820.88
80.263, 56327.2, 1820.37
80.264, 56327.6, 1819.87
80.265, 56328, 1819.36
80.266, 56328.4, 1818.85
80.267, 56328.8, 1818.34
80.268, 56329.2, 1817.83
80.269, 56329.6, 1817.33
80.27, 56330, 1816.82
80.271, 56330.4, 1816.31
80.272, 56330.8, 1815.8
80.273, 56331.3, 1815.29
80.274, 56331.7, 1814.79
80.275, 56332.1, 1814.28
80.276, 56332.5, 1813.77
80.277, 56332.9, 1813.26
80.278, 56333.3, 1812.75
80.279, 56333.7, 1812.24
80.28, 56334.1, 1811.74
80.281, 56334.5, 1811.23
80.282, 56334.9, 1810.72
80.283, 56335.3, 1810.21
80.284, 56335.7, 1809.7
80.285, 56336.1, 1809.19
80.286, 56336.5, 1808.69
80.287, 56336.9, 1808.18
80.288, 56337.4, 1807.67
80.289, 56337.8, 1807.16
80.29, 56338.2, 1806.65
80.291, 56338.6, 1806.14
80.292, 56339, 1805.63
80.293, 56339.4, 1805.13
80.294, 56339.8, 1804.62
80.295, 56340.2, 1804.11
80.296, 56340.6, 1803.6
80.297, 56341, 1803.09
80.298, 56341.4, 1802.58
80.299, 56341.8, 1802.07
80.3, 56342.2, 1801.57
80.301, 56342.6, 1801.06
80.302, 56343, 1800.55
80.303, 56343.5, 1800.04
80.304, 56343.9, 1799.53
80.305, 56344.3, 1799.02
80.306, 56344.7, 1798.51
80.307, 56345.1, 1798
80.308, 56345.5, 1797.5
80.309, 56345.9, 1796.99
80.31, 56346.3, 1796.48
80.311, 56346.7, 1795.97
80.312, 56347.1, 1795.46
80.313, 56347.5, 1794.95
80.314, 56347.9, 1794.44
80.315, 56348.3, 1793.93
80.316, 56348.7, 1793.42
80.317, 56349.1, 1792.91
80.318, 56349.6, 1792.4
80.319, 56350, 1791.9
80.32, 56350.4, 1791.39
80.321, 56350.8, 1790.88
80.322, 56351.2, 1790.37
80.323, 56351.6, 1789.86
80.324, 56352, 1789.35
80.325, 56352.4, 1788.84
80.326, 56352.8, 1788.33
80.327, 56353.2, 1787.82
80.328, 56353.6, 1787.31
80.329, 56354, 1786.8
80.33, 56354.4, 1786.29
80.331, 56354.8, 1785.78
80.332, 56355.2, 1785.28
80.333, 56355.6, 1784.77
80.334, 56356.1, 1784.26
80.335, 56356.5, 1783.75
80.336, 56356.9, 1783.24
80.337, 56357.3, 1782.73
80.338, 56357.7, 1782.22
80.339, 56358.1, 1781.71
80.34, 56358.5, 1781.2
80.341, 56358.9, 1780.69
80.342, 56359.3, 1780.18
80.343, 56359.7, 1779.67
80.344, 56360.1, 1779.16
80.345, 56360.5, 1778.65
80.346, 56360.9, 1778.14
80.347, 56361.3, 1777.63
80.348, 56361.7, 1777.12
80.349, 56362.1, 1776.61
80.35, 56362.6, 1776.1
80.351, 56363, 1775.59
80.352, 56363.4, 1775.08
80.353, 56363.8, 1774.57
80.354, 56364.2, 1774.06
80.355, 56364.6, 1773.55
80.356, 56365, 1773.04
80.357, 56365.4, 1772.53
80.358, 56365.8, 1772.02
80.359, 56366.2, 1771.51
80.36, 56366.6, 1771
80.361, 56367, 1770.49
80.362, 56367.4, 1769.98
80.363, 56367.8, 1769.47
80.364, 56368.2, 1768.96
80.365, 56368.6, 1768.45
80.366, 56369, 1767.94
80.367, 56369.5, 1767.43
80.368, 56369.9, 1766.92
80.369, 56370.3, 1766.41
80.37, 56370.7, 1765.9
80.371, 56371.1, 1765.39
80.372, 56371.5, 1764.88
80.373, 56371.9, 1764.37
80.374, 56372.3, 1763.86
80.375, 56372.7, 1763.35
80.376, 56373.1, 1762.84
80.377, 56373.5, 1762.33
80.378, 56373.9, 1761.82
80.379, 56374.3, 1761.31
80.38, 56374.7, 1760.8
80.381, 56375.1, 1760.29
80.382, 56375.5, 1759.78
80.383, 56375.9, 1759.27
80.384, 56376.4, 1758.76
80.385, 56376.8, 1758.25
80.386, 56377.2, 1757.73
80.387, 56377.6, 1757.22
80.388, 56378, 1756.71
80.389, 56378.4, 1756.2
80.39, 56378.8, 1755.69
80.391, 56379.2, 1755.18
80.392, 56379.6, 1754.67
80.393, 56380, 1754.16
80.394, 56380.4, 1753.65
80.395, 56380.8, 1753.14
80.396, 56381.2, 1752.63
80.397, 56381.6, 1752.12
80.398, 56382, 1751.61
80.399, 56382.4, 1751.1
80.4, 56382.8, 1750.58
80.401, 56383.3, 1750.07
80.402, 56383.7, 1749.56
80.403, 56384.1, 1749.05
80.404, 56384.5, 1748.54
80.405, 56384.9, 1748.03
80.406, 56385.3, 1747.52
80.407, 56385.7, 1747.01
80.408, 56386.1, 1746.5
80.409, 56386.5, 1745.99
80.41, 56386.9, 1745.47
80.411, 56387.3, 1744.96
80.412, 56387.7, 1744.45
80.413, 56388.1, 1743.94
80.414, 56388.5, 1743.43
80.415, 56388.9, 1742.92
80.416, 56389.3, 1742.41
80.417, 56389.7, 1741.9
80.418, 56390.1, 1741.38
80.419, 56390.6, 1740.87
80.42, 56391, 1740.36
80.421, 56391.4, 1739.85
80.422, 56391.8, 1739.34
80.423, 56392.2, 1738.83
80.424, 56392.6, 1738.32
80.425, 56393, 1737.81
80.426, 56393.4, 1737.29
80.427, 56393.8, 1736.78
80.428, 56394.2, 1736.27
80.429, 56394.6, 1735.76
80.43, 56395, 1735.25
80.431, 56395.4, 1734.74
80.432, 56395.8, 1734.22
80.433, 56396.2, 1733.71
80.434, 56396.6, 1733.2
80.435, 56397, 1732.69
80.436, 56397.4, 1732.18
80.437, 56397.8, 1731.67
80.438, 56398.3, 1731.15
80.439, 56398.7, 1730.64
80.44, 56399.1, 1730.13
80.441, 56399.5, 1729.62
80.442, 56399.9, 1729.11
80.443, 56400.3, 1728.6
80.444, 56400.7, 1728.08
80.445, 56401.1, 1727.57
80.446, 56401.5, 1727.06
80.447, 56401.9, 1726.55
80.448, 56402.3, 1726.04
80.449, 56402.7, 1725.52
80.45, 56403.1, 1725.01
80.451, 56403.5, 1724.5
80.452, 56403.9, 1723.99
80.453, 56404.3, 1723.48
80.454, 56404.7, 1722.96
80.455, 56405.1, 1722.45
80.456, 56405.5, 1721.94
80.457, 56406, 1721.43
80.458, 56406.4, 1720.92
80.459, 56406.8, 1720.4
80.46, 56407.2, 1719.89
80.461, 56407.6, 1719.38
80.462, 56408, 1718.87
80.463, 56408.4, 1718.35
80.464, 56408.8, 1717.84
80.465, 56409.2, 1717.33
80.466, 56409.6, 1716.82
80.467, 56410, 1716.31
80.468, 56410.4, 1715.79
80.469, 56410.8, 1715.28
80.47, 56411.2, 1714.77
80.471, 56411.6, 1714.26
80.472, 56412, 1713.74
80.473, 56412.4, 1713.23
80.474, 56412.8, 1712.72
80.475, 56413.2, 1712.21
80.476, 56413.6, 1711.69
80.477, 56414.1, 1711.18
80.478, 56414.5, 1710.67
80.479, 56414.9, 1710.16
80.48, 56415.3, 1709.64
80.481, 56415.7, 1709.13
80.482, 56416.1, 1708.62
80.483, 56416.5, 1708.11
80.484, 56416.9, 1707.59
80.485, 56417.3, 1707.08
80.486, 56417.7, 1706.57
80.487, 56418.1, 1706.05
80.488, 56418.5, 1705.54
80.489, 56418.9, 1705.03
80.49, 56419.3, 1704.52
80.491, 56419.7, 1704
80.492, 56420.1, 1703.49
80.493, 56420.5, 1702.98
80.494, 56420.9, 1702.46
80.495, 56421.3, 1701.95
80.496, 56421.7, 1701.44
80.497, 56422.2, 1700.93
80.498, 56422.6, 1700.41
80.499, 56423, 1699.9
80.5, 56423.4, 1699.39
80.501, 56423.8, 1698.87
80.502, 56424.2, 1698.36
80.503, 56424.6, 1697.85
80.504, 56425, 1697.33
80.505, 56425.4, 1696.82
80.506, 56425.8, 1696.31
80.507, 56426.2, 1695.79
80.508, 56426.6, 1695.28
80.509, 56427, 1694.77
80.51, 56427.4, 1694.25
80.511, 56427.8, 1693.74
80.512, 56428.2, 1693.23
80.513, 56428.6, 1692.71
80.514, 56429, 1692.2
80.515, 56429.4, 1691.69
80.516, 56429.8, 1691.17
80.517, 56430.2, 1690.66
80.518, 56430.6, 1690.15
80.519, 56431.1, 1689.63
80.52, 56431.5, 1689.12
80.521, 56431.9, 1688.61
80.522, 56432.3, 1688.09
80.523, 56432.7, 1687.58
80.524, 56433.1, 1687.07
80.525, 56433.5, 1686.55
80.526, 56433.9, 1686.04
80.527, 56434.3, 1685.53
80.528, 56434.7, 1685.01
80.529, 56435.1, 1684.5
80.53, 56435.5, 1683.98
80.531, 56435.9, 1683.47
80.532, 56436.3, 1682.96
80.533, 56436.7, 1682.44
80.534, 56437.1, 1681.93
80.535, 56437.5, 1681.42
80.536, 56437.9, 1680.9
80.537, 56438.3, 1680.39
80.538, 56438.7, 1679.87
80.539, 56439.1, 1679.36
80.54, 56439.5, 1678.85
80.541, 56439.9, 1678.33
80.542, 56440.4, 1677.82
80.543, 56440.8, 1677.3
80.544, 56441.2, 1676.79
80.545, 56441.6, 1676.28
80.546, 56442, 1675.76
80.547, 56442.4, 1675.25
80.548, 56442.8, 1674.73
80.549, 56443.2, 1674.22
80.55, 56443.6, 1673.71
80.551, 56444, 1673.19
80.552, 56444.4, 1672.68
80.553, 56444.8, 1672.16
80.554, 56445.2, 1671.65
80.555, 56445.6, 1671.13
80.556, 56446, 1670.62
80.557, 56446.4, 1670.11
80.558, 56446.8, 1669.59
80.559, 56447.2, 1669.08
80.56, 56447.6, 1668.56
80.561, 56448, 1668.05
80.562, 56448.4, 1667.53
80.563, 56448.8, 1667.02
80.564, 56449.2, 1666.5
80.565, 56449.7, 1665.99
80.566, 56450.1, 1665.48
80.567, 56450.5, 1664.96
80.568, 56450.9, 1664.45
80.569, 56451.3, 1663.93
80.57, 56451.7, 1663.42
80.571, 56452.1, 1662.9
80.572, 56452.5, 1662.39
80.573, 56452.9, 1661.87
80.574, 56453.3, 1661.36
80.575, 56453.7, 1660.84
80.576, 56454.1, 1660.33
80.577, 56454.5, 1659.81
80.578, 56454.9, 1659.3
80.579, 56455.3, 1658.79
80.58, 56455.7, 1658.27
80.581, 56456.1, 1657.76
80.582, 56456.5, 1657.24
80.583, 56456.9, 1656.73
80.584, 56457.3, 1656.21
80.585, 56457.7, 1655.7
80.586, 56458.1, 1655.18
80.587, 56458.5, 1654.67
80.588, 56458.9, 1654.15
80.589, 56459.3, 1653.64
80.59, 56459.7, 1653.12
80.591, 56460.2, 1652.61
80.592, 56460.6, 1652.09
80.593, 56461, 1651.58
80.594, 56461.4, 1651.06
80.595, 56461.8, 1650.55
80.596, 56462.2, 1650.03
80.597, 56462.6, 1649.52
80.598, 56463, 1649
80.599, 56463.4, 1648.48
80.6, 56463.8, 1647.97
80.601, 56464.2, 1647.45
80.602, 56464.6, 1646.94
80.603, 56465, 1646.42
80.604, 56465.4, 1645.91
80.605, 56465.8, 1645.39
80.606, 56466.2, 1644.88
80.607, 56466.6, 1644.36
80.608, 56467, 1643.85
80.609, 56467.4, 1643.33
80.61, 56467.8, 1642.82
80.611, 56468.2, 1642.3
80.612, 56468.6, 1641.78
80.613, 56469, 1641.27
80.614, 56469.4, 1640.75
80.615, 56469.8, 1640.24
80.616, 56470.2, 1639.72
80.617, 56470.7, 1639.21
80.618, 56471.1, 1638.69
80.619, 56471.5, 1638.18
80.62, 56471.9, 1637.66
80.621, 56472.3, 1637.14
80.622, 56472.7, 1636.63
80.623, 56473.1, 1636.11
80.624, 56473.5, 1635.6
80.625, 56473.9, 1635.08
80.626, 56474.3, 1634.57
80.627, 56474.7, 1634.05
80.628, 56475.1, 1633.53
80.629, 56475.5, 1633.02
80.63, 56475.9, 1632.5
80.631, 56476.3, 1631.99
80.632, 56476.7, 1631.47
80.633, 56477.1, 1630.95
80.634, 56477.5, 1630.44
80.635, 56477.9, 1629.92
80.636, 56478.3, 1629.41
80.637, 56478.7, 1628.89
80.638, 56479.1, 1628.37
80.639, 56479.5, 1627.86
80.64, 56479.9, 1627.34
80.641, 56480.3, 1626.83
80.642, 56480.7, 1626.31
80.643, 56481.1, 1625.79
80.644, 56481.5, 1625.28
80.645, 56481.9, 1624.76
80.646, 56482.4, 1624.24
80.647, 56482.8, 1623.73
80.648, 56483.2, 1623.21
80.649, 56483.6, 1622.7
80.65, 56484, 1622.18
80.651, 56484.4, 1621.66
80.652, 56484.8, 1621.15
80.653, 56485.2, 1620.63
80.654, 56485.6, 1620.11
80.655, 56486, 1619.6
80.656, 56486.4, 1619.08
80.657, 56486.8, 1618.56
80.658, 56487.2, 1618.05
80.659, 56487.6, 1617.53
80.66, 56488, 1617.01
80.661, 56488.4, 1616.5
80.662, 56488.8, 1615.98
80.663, 56489.2, 1615.46
80.664, 56489.6, 1614.95
80.665, 56490, 1614.43
80.666, 56490.4, 1613.91
80.667, 56490.8, 1613.4
80.668, 56491.2, 1612.88
80.669, 56491.6, 1612.36
80.67, 56492, 1611.85
80.671, 56492.4, 1611.33
80.672, 56492.8, 1610.81
80.673, 56493.2, 1610.3
80.674, 56493.6, 1609.78
80.675, 56494, 1609.26
80.676, 56494.4, 1608.75
80.677, 56494.8, 1608.23
80.678, 56495.3, 1607.71
80.679, 56495.7, 1607.2
80.68, 56496.1, 1606.68
80.681, 56496.5, 1606.16
80.682, 56496.9, 1605.64
80.683, 56497.3, 1605.13
80.684, 56497.7, 1604.61
80.685, 56498.1, 1604.09
80.686, 56498.5, 1603.58
80.687, 56498.9, 1603.06
80.688, 56499.3, 1602.54
80.689, 56499.7, 1602.02
80.69, 56500.1, 1601.51
80.691, 56500.5, 1600.99
80.692, 56500.9, 1600.47
80.693, 56501.3, 1599.96
80.694, 56501.7, 1599.44
80.695, 56502.1, 1598.92
80.696, 56502.5, 1598.4
80.697, 56502.9, 1597.89
80.698, 56503.3, 1597.37
80.699, 56503.7, 1596.85
80.7, 56504.1, 1596.33
80.701, 56504.5, 1595.82
80.702, 56504.9, 1595.3
80.703, 56505.3, 1594.78
80.704, 56505.7, 1594.26
80.705, 56506.1, 1593.75
80.706, 56506.5, 1593.23
80.707, 56506.9, 1592.71
80.708, 56507.3, 1592.19
80.709, 56507.7, 1591.68
80.71, 56508.1, 1591.16
80.711, 56508.5, 1590.64
80.712, 56508.9, 1590.12
80.713, 56509.4, 1589.6
80.714, 56509.8, 1589.09
80.715, 56510.2, 1588.57
80.716, 56510.6, 1588.05
80.717, 56511, 1587.53
80.718, 56511.4, 1587.02
80.719, 56511.8, 1586.5
80.72, 56512.2, 1585.98
80.721, 56512.6, 1585.46
80.722, 56513, 1584.94
80.723, 56513.4, 1584.43
80.724, 56513.8, 1583.91
80.725, 56514.2, 1583.39
80.726, 56514.6, 1582.87
80.727, 56515, 1582.35
80.728, 56515.4, 1581.84
80.729, 56515.8, 1581.32
80.73, 56516.2, 1580.8
80.731, 56516.6, 1580.28
80.732, 56517, 1579.76
80.733, 56517.4, 1579.25
80.734, 56517.8, 1578.73
80.735, 56518.2, 1578.21
80.736, 56518.6, 1577.69
80.737, 56519, 1577.17
80.738, 56519.4, 1576.65
80.739, 56519.8, 1576.14
80.74, 56520.2, 1575.62
80.741, 56520.6, 1575.1
80.742, 56521, 1574.58
80.743, 56521.4, 1574.06
80.744, 56521.8, 1573.54
80.745, 56522.2, 1573.03
80.746, 56522.6, 1572.51
80.747, 56523, 1571.99
80.748, 56523.4, 1571.47
80.749, 56523.8, 1570.95
80.75, 56524.2, 1570.43
80.751, 56524.6, 1569.91
80.752, 56525, 1569.4
80.753, 56525.5, 1568.88
80.754, 56525.9, 1568.36
80.755, 56526.3, 1567.84
80.756, 56526.7, 1567.32
80.757, 56527.1, 1566.8
80.758, 56527.5, 1566.28
80.759, 56527.9, 1565.76
80.76, 56528.3, 1565.25
80.761, 56528.7, 1564.73
80.762, 56529.1, 1564.21
80.763, 56529.5, 1563.69
80.764, 56529.9, 1563.17
80.765, 56530.3, 1562.65
80.766, 56530.7, 1562.13
80.767, 56531.1, 1561.61
80.768, 56531.5, 1561.09
80.769, 56531.9, 1560.58
80.77, 56532.3, 1560.06
80.771, 56532.7, 1559.54
80.772, 56533.1, 1559.02
80.773, 56533.5, 1558.5
80.774, 56533.9, 1557.98
80.775, 56534.3, 1557.46
80.776, 56534.7, 1556.94
80.777, 56535.1, 1556.42
80.778, 56535.5, 1555.9
80.779, 56535.9, 1555.38
80.78, 56536.3, 1554.87
80.781, 56536.7, 1554.35
80.782, 56537.1, 1553.83
80.783, 56537.5, 1553.31
80.784, 56537.9, 1552.79
80.785, 56538.3, 1552.27
80.786, 56538.7, 1551.75
80.787, 56539.1, 1551.23
80.788, 56539.5, 1550.71
80.789, 56539.9, 1550.19
80.79, 56540.3, 1549.67
80.791, 56540.7, 1549.15
80.792, 56541.1, 1548.63
80.793, 56541.5, 1548.11
80.794, 56541.9, 1547.59
80.795, 56542.3, 1547.07
80.796, 56542.7, 1546.55
80.797, 56543.1, 1546.04
80.798, 56543.5, 1545.52
80.799, 56543.9, 1545
80.8, 56544.3, 1544.48
80.801, 56544.8, 1543.96
80.802, 56545.2, 1543.44
80.803, 56545.6, 1542.92
80.804, 56546, 1542.4
80.805, 56546.4, 1541.88
80.806, 56546.8, 1541.36
80.807, 56547.2, 1540.84
80.808, 56547.6, 1540.32
80.809, 56548, 1539.8
80.81, 56548.4, 1539.28
80.811, 56548.8, 1538.76
80.812, 56549.2, 1538.24
80.813, 56549.6, 1537.72
80.814, 56550, 1537.2
80.815, 56550.4, 1536.68
80.816, 56550.8, 1536.16
80.817, 56551.2, 1535.64
80.818, 56551.6, 1535.12
80.819, 56552, 1534.6
80.82, 56552.4, 1534.08
80.821, 56552.8, 1533.56
80.822, 56553.2, 1533.04
80.823, 56553.6, 1532.52
80.824, 56554, 1532
80.825, 56554.4, 1531.48
80.826, 56554.8, 1530.96
80.827, 56555.2, 1530.44
80.828, 56555.6, 1529.92
80.829, 56556, 1529.4
80.83, 56556.4, 1528.88
80.831, 56556.8, 1528.36
80.832, 56557.2, 1527.84
80.833, 56557.6, 1527.31
80.834, 56558, 1526.79
80.835, 56558.4, 1526.27
80.836, 56558.8, 1525.75
80.837, 56559.2, 1525.23
80.838, 56559.6, 1524.71
80.839, 56560, 1524.19
80.84, 56560.4, 1523.67
80.841, 56560.8, 1523.15
80.842, 56561.2, 1522.63
80.843, 56561.6, 1522.11
80.844, 56562, 1521.59
80.845, 56562.4, 1521.07
80.846, 56562.8, 1520.55
80.847, 56563.2, 1520.03
80.848, 56563.6, 1519.51
80.849, 56564, 1518.99
80.85, 56564.4, 1518.46
80.851, 56564.8, 1517.94
80.852, 56565.2, 1517.42
80.853, 56565.6, 1516.9
80.854, 56566, 1516.38
80.855, 56566.4, 1515.86
80.856, 56566.8, 1515.34
80.857, 56567.2, 1514.82
80.858, 56567.6, 1514.3
80.859, 56568, 1513.78
80.86, 56568.4, 1513.26
80.861, 56568.8, 1512.73
80.862, 56569.2, 1512.21
80.863, 56569.6, 1511.69
80.864, 56570, 1511.17
80.865, 56570.4, 1510.65
80.866, 56570.8, 1510.13
80.867, 56571.3, 1509.61
80.868, 56571.7, 1509.09
80.869, 56572.1, 1508.57
80.87, 56572.5, 1508.04
80.871, 56572.9, 1507.52
80.872, 56573.3, 1507
80.873, 56573.7, 1506.48
80.874, 56574.1, 1505.96
80.875, 56574.5, 1505.44
80.876, 56574.9, 1504.92
80.877, 56575.3, 1504.39
80.878, 56575.7, 1503.87
80.879, 56576.1, 1503.35
80.88, 56576.5, 1502.83
80.881, 56576.9, 1502.31
80.882, 56577.3, 1501.79
80.883, 56577.7, 1501.27
80.884, 56578.1, 1500.74
80.885, 56578.5, 1500.22
80.886, 56578.9, 1499.7
80.887, 56579.3, 1499.18
80.888, 56579.7, 1498.66
80.889, 56580.1, 1498.14
80.89, 56580.5, 1497.61
80.891, 56580.9, 1497.09
80.892, 56581.3, 1496.57
80.893, 56581.7, 1496.05
80.894, 56582.1, 1495.53
80.895, 56582.5, 1495.01
80.896, 56582.9, 1494.48
80.897, 56583.3, 1493.96
80.898, 56583.7, 1493.44
80.899, 56584.1, 1492.92
80.9, 56584.5, 1492.4
80.901, 56584.9, 1491.87
80.902, 56585.3, 1491.35
80.903, 56585.7, 1490.83
80.904, 56586.1, 1490.31
80.905, 56586.5, 1489.79
80.906, 56586.9, 1489.26
80.907, 56587.3, 1488.74
80.908, 56587.7, 1488.22
80.909, 56588.1, 1487.7
80.91, 56588.5, 1487.18
80.911, 56588.9, 1486.65
80.912, 56589.3, 1486.13
80.913, 56589.7, 1485.61
80.914, 56590.1, 1485.09
80.915, 56590.5, 1484.57
80.916, 56590.9, 1484.04
80.917, 56591.3, 1483.52
80.918, 56591.7, 1483
80.919, 56592.1, 1482.48
80.92, 56592.5, 1481.95
80.921, 56592.9, 1481.43
80.922, 56593.3, 1480.91
80.923, 56593.7, 1480.39
80.924, 56594.1, 1479.86
80.925, 56594.5, 1479.34
80.926, 56594.9, 1478.82
80.927, 56595.3, 1478.3
80.928, 56595.7, 1477.77
80.929, 56596.1, 1477.25
80.93, 56596.5, 1476.73
80.931, 56596.9, 1476.21
80.932, 56597.3, 1475.68
80.933, 56597.7, 1475.16
80.934, 56598.1, 1474.64
80.935, 56598.5, 1474.12
80.936, 56598.9, 1473.59
80.937, 56599.3, 1473.07
80.938, 56599.7, 1472.55
80.939, 56600.1, 1472.03
80.94, 56600.5, 1471.5
80.941, 56600.9, 1470.98
80.942, 56601.3, 1470.46
80.943, 56601.7, 1469.93
80.944, 56602.1, 1469.41
80.945, 56602.5, 1468.89
80.946, 56602.9, 1468.36
80.947, 56603.3, 1467.84
80.948, 56603.7, 1467.32
80.949, 56604.1, 1466.8
80.95, 56604.5, 1466.27
80.951, 56604.9, 1465.75
80.952, 56605.3, 1465.23
80.953, 56605.7, 1464.7
80.954, 56606.1, 1464.18
80.955, 56606.5, 1463.66
80.956, 56606.9, 1463.13
80.957, 56607.3, 1462.61
80.958, 56607.7, 1462.09
80.959, 56608.1, 1461.56
80.96, 56608.5, 1461.04
80.961, 56608.9, 1460.52
80.962, 56609.3, 1460
80.963, 56609.7, 1459.47
80.964, 56610.1, 1458.95
80.965, 56610.5, 1458.43
80.966, 56610.9, 1457.9
80.967, 56611.3, 1457.38
80.968, 56611.7, 1456.85
80.969, 56612.1, 1456.33
80.97, 56612.5, 1455.81
80.971, 56612.9, 1455.28
80.972, 56613.3, 1454.76
80.973, 56613.7, 1454.24
80.974, 56614.1, 1453.71
80.975, 56614.5, 1453.19
80.976, 56614.9, 1452.67
80.977, 56615.3, 1452.14
80.978, 56615.7, 1451.62
80.979, 56616.1, 1451.1
80.98, 56616.5, 1450.57
80.981, 56616.9, 1450.05
80.982, 56617.3, 1449.52
80.983, 56617.7, 1449
80.984, 56618.1, 1448.48
80.985, 56618.5, 1447.95
80.986, 56618.9, 1447.43
80.987, 56619.3, 1446.91
80.988, 56619.7, 1446.38
80.989, 56620.1, 1445.86
80.99, 56620.5, 1445.33
80.991, 56620.9, 1444.81
80.992, 56621.3, 1444.29
80.993, 56621.7, 1443.76
80.994, 56622.1, 1443.24
80.995, 56622.5, 1442.71
80.996, 56622.9, 1442.19
80.997, 56623.3, 1441.67
80.998, 56623.7, 1441.14
80.999, 56624.1, 1440.62
81, 56624.5, 1440.09
81.001, 56624.9, 1439.57
81.002, 56625.3, 1439.04
81.003, 56625.7, 1438.52
81.004, 56626.1, 1438
81.005, 56626.5, 1437.47
81.006, 56626.9, 1436.95
81.007, 56627.3, 1436.42
81.008, 56627.7, 1435.9
81.009, 56628.1, 1435.37
81.01, 56628.5, 1434.85
81.011, 56628.9, 1434.33
81.012, 56629.3, 1433.8
81.013, 56629.7, 1433.28
81.014, 56630.1, 1432.75
81.015, 56630.5, 1432.23
81.016, 56630.9, 1431.7
81.017, 56631.3, 1431.18
81.018, 56631.7, 1430.65
81.019, 56632.1, 1430.13
81.02, 56632.5, 1429.61
81.021, 56632.9, 1429.08
81.022, 56633.3, 1428.56
81.023, 56633.7, 1428.03
81.024, 56634.1, 1427.51
81.025, 56634.5, 1426.98
81.026, 56634.9, 1426.46
81.027, 56635.3, 1425.93
81.028, 56635.7, 1425.41
81.029, 56636.1, 1424.88
81.03, 56636.5, 1424.36
81.031, 56636.9, 1423.83
81.032, 56637.3, 1423.31
81.033, 56637.7, 1422.78
81.034, 56638.1, 1422.26
81.035, 56638.5, 1421.73
81.036, 56638.9, 1421.21
81.037, 56639.3, 1420.68
81.038, 56639.7, 1420.16
81.039, 56640.1, 1419.63
81.04, 56640.5, 1419.11
81.041, 56640.9, 1418.58
81.042, 56641.3, 1418.06
81.043, 56641.7, 1417.53
81.044, 56642.1, 1417.01
81.045, 56642.5, 1416.48
81.046, 56642.9, 1415.96
81.047, 56643.3, 1415.43
81.048, 56643.7, 1414.91
81.049, 56644.1, 1414.38
81.05, 56644.5, 1413.86
81.051, 56644.9, 1413.33
81.052, 56645.3, 1412.81
81.053, 56645.7, 1412.28
81.054, 56646.1, 1411.76
81.055, 56646.5, 1411.23
81.056, 56646.9, 1410.71
81.057, 56647.3, 1410.18
81.058, 56647.7, 1409.65
81.059, 56648.1, 1409.13
81.06, 56648.5, 1408.6
81.061, 56648.9, 1408.08
81.062, 56649.3, 1407.55
81.063, 56649.7, 1407.03
81.064, 56650.1, 1406.5
81.065, 56650.5, 1405.98
81.066, 56650.9, 1405.45
81.067, 56651.3, 1404.92
81.068, 56651.7, 1404.4
81.069, 56652.1, 1403.87
81.07, 56652.5, 1403.35
81.071, 56652.9, 1402.82
81.072, 56653.3, 1402.3
81.073, 56653.7, 1401.77
81.074, 56654.1, 1401.24
81.075, 56654.5, 1400.72
81.076, 56654.9, 1400.19
81.077, 56655.3, 1399.67
81.078, 56655.7, 1399.14
81.079, 56656.1, 1398.61
81.08, 56656.5, 1398.09
81.081, 56656.9, 1397.56
81.082, 56657.3, 1397.04
81.083, 56657.7, 1396.51
81.084, 56658.1, 1395.98
81.085, 56658.5, 1395.46
81.086, 56658.9, 1394.93
81.087, 56659.3, 1394.41
81.088, 56659.7, 1393.88
81.089, 56660.1, 1393.35
81.09, 56660.5, 1392.83
81.091, 56660.9, 1392.3
81.092, 56661.3, 1391.78
81.093, 56661.7, 1391.25
81.094, 56662.1, 1390.72
81.095, 56662.5, 1390.2
81.096, 56662.9, 1389.67
81.097, 56663.3, 1389.14
81.098, 56663.7, 1388.62
81.099, 56664.1, 1388.09
81.1, 56664.5, 1387.56
81.101, 56664.9, 1387.04
81.102, 56665.3, 1386.51
81.103, 56665.7, 1385.99
81.104, 56666.1, 1385.46
81.105, 56666.5, 1384.93
81.106, 56666.9, 1384.41
81.107, 56667.3, 1383.88
81.108, 56667.7, 1383.35
81.109, 56668.1, 1382.83
81.11, 56668.5, 1382.3
81.111, 56668.9, 1381.77
81.112, 56669.3, 1381.25
81.113, 56669.7, 1380.72
81.114, 56670.1, 1380.19
81.115, 56670.4, 1379.67
81.116, 56670.8, 1379.14
81.117, 56671.2, 1378.61
81.118, 56671.6, 1378.09
81.119, 56672, 1377.56
81.12, 56672.4, 1377.03
81.121, 56672.8, 1376.5
81.122, 56673.2, 1375.98
81.123, 56673.6, 1375.45
81.124, 56674, 1374.92
81.125, 56674.4, 1374.4
81.126, 56674.8, 1373.87
81.127, 56675.2, 1373.34
81.128, 56675.6, 1372.82
81.129, 56676, 1372.29
81.13, 56676.4, 1371.76
81.131, 56676.8, 1371.23
81.132, 56677.2, 1370.71
81.133, 56677.6, 1370.18
81.134, 56678, 1369.65
81.135, 56678.4, 1369.13
81.136, 56678.8, 1368.6
81.137, 56679.2, 1368.07
81.138, 56679.6, 1367.54
81.139, 56680, 1367.02
81.14, 56680.4, 1366.49
81.141, 56680.8, 1365.96
81.142, 56681.2, 1365.44
81.143, 56681.6, 1364.91
81.144, 56682, 1364.38
81.145, 56682.4, 1363.85
81.146, 56682.8, 1363.33
81.147, 56683.2, 1362.8
81.148, 56683.6, 1362.27
81.149, 56684, 1361.74
81.15, 56684.4, 1361.22
81.151, 56684.8, 1360.69
81.152, 56685.2, 1360.16
81.153, 56685.6, 1359.63
81.154, 56686, 1359.11
81.155, 56686.4, 1358.58
81.156, 56686.8, 1358.05
81.157, 56687.2, 1357.52
81.158, 56687.6, 1356.99
81.159, 56688, 1356.47
81.16, 56688.4, 1355.94
81.161, 56688.8, 1355.41
81.162, 56689.2, 1354.88
81.163, 56689.6, 1354.36
81.164, 56690, 1353.83
81.165, 56690.4, 1353.3
81.166, 56690.8, 1352.77
81.167, 56691.2, 1352.24
81.168, 56691.6, 1351.72
81.169, 56692, 1351.19
81.17, 56692.4, 1350.66
81.171, 56692.8, 1350.13
81.172, 56693.2, 1349.6
81.173, 56693.6, 1349.08
81.174, 56694, 1348.55
81.175, 56694.4, 1348.02
81.176, 56694.8, 1347.49
81.177, 56695.2, 1346.96
81.178, 56695.6, 1346.44
81.179, 56696, 1345.91
81.18, 56696.4, 1345.38
81.181, 56696.7, 1344.85
81.182, 56697.1, 1344.32
81.183, 56697.5, 1343.79
81.184, 56697.9, 1343.27
81.185, 56698.3, 1342.74
81.186, 56698.7, 1342.21
81.187, 56699.1, 1341.68
81.188, 56699.5, 1341.15
81.189, 56699.9, 1340.62
81.19, 56700.3, 1340.1
81.191, 56700.7, 1339.57
81.192, 56701.1, 1339.04
81.193, 56701.5, 1338.51
81.194, 56701.9, 1337.98
81.195, 56702.3, 1337.45
81.196, 56702.7, 1336.92
81.197, 56703.1, 1336.4
81.198, 56703.5, 1335.87
81.199, 56703.9, 1335.34
81.2, 56704.3, 1334.81
81.201, 56704.7, 1334.28
81.202, 56705.1, 1333.75
81.203, 56705.5, 1333.22
81.204, 56705.9, 1332.69
81.205, 56706.3, 1332.17
81.206, 56706.7, 1331.64
81.207, 56707.1, 1331.11
81.208, 56707.5, 1330.58
81.209, 56707.9, 1330.05
81.21, 56708.3, 1329.52
81.211, 56708.7, 1328.99
81.212, 56709.1, 1328.46
81.213, 56709.5, 1327.93
81.214, 56709.9, 1327.41
81.215, 56710.3, 1326.88
81.216, 56710.7, 1326.35
81.217, 56711.1, 1325.82
81.218, 56711.5, 1325.29
81.219, 56711.9, 1324.76
81.22, 56712.3, 1324.23
81.221, 56712.7, 1323.7
81.222, 56713.1, 1323.17
81.223, 56713.5, 1322.64
81.224, 56713.9, 1322.11
81.225, 56714.3, 1321.59
81.226, 56714.7, 1321.06
81.227, 56715.1, 1320.53
81.228, 56715.5, 1320
81.229, 56715.8, 1319.47
81.23, 56716.2, 1318.94
81.231, 56716.6, 1318.41
81.232, 56717, 1317.88
81.233, 56717.4, 1317.35
81.234, 56717.8, 1316.82
81.235, 56718.2, 1316.29
81.236, 56718.6, 1315.76
81.237, 56719, 1315.23
81.238, 56719.4, 1314.7
81.239, 56719.8, 1314.17
81.24, 56720.2, 1313.64
81.241, 56720.6, 1313.11
81.242, 56721, 1312.58
81.243, 56721.4, 1312.05
81.244, 56721.8, 1311.52
81.245, 56722.2, 1311
81.246, 56722.6, 1310.47
81.247, 56723, 1309.94
81.248, 56723.4, 1309.41
81.249, 56723.8, 1308.88
81.25, 56724.2, 1308.35
81.251, 56724.6, 1307.82
81.252, 56725, 1307.29
81.253, 56725.4, 1306.76
81.254, 56725.8, 1306.23
81.255, 56726.2, 1305.7
81.256, 56726.6, 1305.17
81.257, 56727, 1304.64
81.258, 56727.4, 1304.11
81.259, 56727.8, 1303.58
81.26, 56728.2, 1303.05
81.261, 56728.6, 1302.52
81.262, 56729, 1301.99
81.263, 56729.4, 1301.46
81.264, 56729.8, 1300.93
81.265, 56730.2, 1300.4
81.266, 56730.6, 1299.87
81.267, 56731, 1299.34
81.268, 56731.4, 1298.81
81.269, 56731.7, 1298.28
81.27, 56732.1, 1297.75
81.271, 56732.5, 1297.21
81.272, 56732.9, 1296.68
81.273, 56733.3, 1296.15
81.274, 56733.7, 1295.62
81.275, 56734.1, 1295.09
81.276, 56734.5, 1294.56
81.277, 56734.9, 1294.03
81.278, 56735.3, 1293.5
81.279, 56735.7, 1292.97
81.28, 56736.1, 1292.44
81.281, 56736.5, 1291.91
81.282, 56736.9, 1291.38
81.283, 56737.3, 1290.85
81.284, 56737.7, 1290.32
81.285, 56738.1, 1289.79
81.286, 56738.5, 1289.26
81.287, 56738.9, 1288.73
81.288, 56739.3, 1288.2
81.289, 56739.7, 1287.67
81.29, 56740.1, 1287.13
81.291, 56740.5, 1286.6
81.292, 56740.9, 1286.07
81.293, 56741.3, 1285.54
81.294, 56741.7, 1285.01
81.295, 56742.1, 1284.48
81.296, 56742.5, 1283.95
81.297, 56742.9, 1283.42
81.298, 56743.3, 1282.89
81.299, 56743.7, 1282.36
81.3, 56744.1, 1281.83
81.301, 56744.5, 1281.3
81.302, 56744.9, 1280.76
81.303, 56745.3, 1280.23
81.304, 56745.6, 1279.7
81.305, 56746, 1279.17
81.306, 56746.4, 1278.64
81.307, 56746.8, 1278.11
81.308, 56747.2, 1277.58
81.309, 56747.6, 1277.05
81.31, 56748, 1276.52
81.311, 56748.4, 1275.98
81.312, 56748.8, 1275.45
81.313, 56749.2, 1274.92
81.314, 56749.6, 1274.39
81.315, 56750, 1273.86
81.316, 56750.4, 1273.33
81.317, 56750.8, 1272.8
81.318, 56751.2, 1272.26
81.319, 56751.6, 1271.73
81.32, 56752, 1271.2
81.321, 56752.4, 1270.67
81.322, 56752.8, 1270.14
81.323, 56753.2, 1269.61
81.324, 56753.6, 1269.08
81.325, 56754, 1268.54
81.326, 56754.4, 1268.01
81.327, 56754.8, 1267.48
81.328, 56755.2, 1266.95
81.329, 56755.6, 1266.42
81.33, 56756, 1265.89
81.331, 56756.4, 1265.35
81.332, 56756.8, 1264.82
81.333, 56757.2, 1264.29
81.334, 56757.6, 1263.76
81.335, 56757.9, 1263.23
81.336, 56758.3, 1262.7
81.337, 56758.7, 1262.16
81.338, 56759.1, 1261.63
81.339, 56759.5, 1261.1
81.34, 56759.9, 1260.57
81.341, 56760.3, 1260.04
81.342, 56760.7, 1259.5
81.343, 56761.1, 1258.97
81.344, 56761.5, 1258.44
81.345, 56761.9, 1257.91
81.346, 56762.3, 1257.38
81.347, 56762.7, 1256.84
81.348, 56763.1, 1256.31
81.349, 56763.5, 1255.78
81.35, 56763.9, 1255.25
81.351, 56764.3, 1254.72
81.352, 56764.7, 1254.18
81.353, 56765.1, 1253.65
81.354, 56765.5, 1253.12
81.355, 56765.9, 1252.59
81.356, 56766.3, 1252.06
81.357, 56766.7, 1251.52
81.358, 56767.1, 1250.99
81.359, 56767.5, 1250.46
81.36, 56767.9, 1249.93
81.361, 56768.3, 1249.39
81.362, 56768.7, 1248.86
81.363, 56769, 1248.33
81.364, 56769.4, 1247.8
81.365, 56769.8, 1247.26
81.366, 56770.2, 1246.73
81.367, 56770.6, 1246.2
81.368, 56771, 1245.67
81.369, 56771.4, 1245.13
81.37, 56771.8, 1244.6
81.371, 56772.2, 1244.07
81.372, 56772.6, 1243.54
81.373, 56773, 1243
81.374, 56773.4, 1242.47
81.375, 56773.8, 1241.94
81.376, 56774.2, 1241.41
81.377, 56774.6, 1240.87
81.378, 56775, 1240.34
81.379, 56775.4, 1239.81
81.38, 56775.8, 1239.27
81.381, 56776.2, 1238.74
81.382, 56776.6, 1238.21
81.383, 56777, 1237.68
81.384, 56777.4, 1237.14
81.385, 56777.8, 1236.61
81.386, 56778.2, 1236.08
81.387, 56778.6, 1235.54
81.388, 56779, 1235.01
81.389, 56779.4, 1234.48
81.39, 56779.7, 1233.94
81.391, 56780.1, 1233.41
81.392, 56780.5, 1232.88
81.393, 56780.9, 1232.35
81.394, 56781.3, 1231.81
81.395, 56781.7, 1231.28
81.396, 56782.1, 1230.75
81.397, 56782.5, 1230.21
81.398, 56782.9, 1229.68
81.399, 56783.3, 1229.15
81.4, 56783.7, 1228.61
81.401, 56784.1, 1228.08
81.402, 56784.5, 1227.55
81.403, 56784.9, 1227.01
81.404, 56785.3, 1226.48
81.405, 56785.7, 1225.95
81.406, 56786.1, 1225.41
81.407, 56786.5, 1224.88
81.408, 56786.9, 1224.35
81.409, 56787.3, 1223.81
81.41, 56787.7, 1223.28
81.411, 56788.1, 1222.75
81.412, 56788.5, 1222.21
81.413, 56788.9, 1221.68
81.414, 56789.3, 1221.14
81.415, 56789.6, 1220.61
81.416, 56790, 1220.08
81.417, 56790.4, 1219.54
81.418, 56790.8, 1219.01
81.419, 56791.2, 1218.48
81.42, 56791.6, 1217.94
81.421, 56792, 1217.41
81.422, 56792.4, 1216.88
81.423, 56792.8, 1216.34
81.424, 56793.2, 1215.81
81.425, 56793.6, 1215.27
81.426, 56794, 1214.74
81.427, 56794.4, 1214.21
81.428, 56794.8, 1213.67
81.429, 56795.2, 1213.14
81.43, 56795.6, 1212.6
81.431, 56796, 1212.07
81.432, 56796.4, 1211.54
81.433, 56796.8, 1211
81.434, 56797.2, 1210.47
81.435, 56797.6, 1209.93
81.436, 56798, 1209.4
81.437, 56798.4, 1208.87
81.438, 56798.7, 1208.33
81.439, 56799.1, 1207.8
81.44, 56799.5, 1207.26
81.441, 56799.9, 1206.73
81.442, 56800.3, 1206.19
81.443, 56800.7, 1205.66
81.444, 56801.1, 1205.13
81.445, 56801.5, 1204.59
81.446, 56801.9, 1204.06
81.447, 56802.3, 1203.52
81.448, 56802.7, 1202.99
81.449, 56803.1, 1202.45
81.45, 56803.5, 1201.92
81.451, 56803.9, 1201.39
81.452, 56804.3, 1200.85
81.453, 56804.7, 1200.32
81.454, 56805.1, 1199.78
81.455, 56805.5, 1199.25
81.456, 56805.9, 1198.71
81.457, 56806.3, 1198.18
81.458, 56806.7, 1197.64
81.459, 56807.1, 1197.11
81.46, 56807.5, 1196.57
81.461, 56807.8, 1196.04
81.462, 56808.2, 1195.5
81.463, 56808.6, 1194.97
81.464, 56809, 1194.44
81.465, 56809.4, 1193.9
81.466, 56809.8, 1193.37
81.467, 56810.2, 1192.83
81.468, 56810.6, 1192.3
81.469, 56811, 1191.76
81.47, 56811.4, 1191.23
81.471, 56811.8, 1190.69
81.472, 56812.2, 1190.16
81.473, 56812.6, 1189.62
81.474, 56813, 1189.09
81.475, 56813.4, 1188.55
81.476, 56813.8, 1188.02
81.477, 56814.2, 1187.48
81.478, 56814.6, 1186.95
81.479, 56815, 1186.41
81.48, 56815.4, 1185.88
81.481, 56815.8, 1185.34
81.482, 56816.1, 1184.81
81.483, 56816.5, 1184.27
81.484, 56816.9, 1183.74
81.485, 56817.3, 1183.2
81.486, 56817.7, 1182.67
81.487, 56818.1, 1182.13
81.488, 56818.5, 1181.59
81.489, 56818.9, 1181.06
81.49, 56819.3, 1180.52
81.491, 56819.7, 1179.99
81.492, 56820.1, 1179.45
81.493, 56820.5, 1178.92
81.494, 56820.9, 1178.38
81.495, 56821.3, 1177.85
81.496, 56821.7, 1177.31
81.497, 56822.1, 1176.78
81.498, 56822.5, 1176.24
81.499, 56822.9, 1175.7
81.5, 56823.3, 1175.17
81.501, 56823.7, 1174.63
81.502, 56824, 1174.1
81.503, 56824.4, 1173.56
81.504, 56824.8, 1173.03
81.505, 56825.2, 1172.49
81.506, 56825.6, 1171.95
81.507, 56826, 1171.42
81.508, 56826.4, 1170.88
81.509, 56826.8, 1170.35
81.51, 56827.2, 1169.81
81.511, 56827.6, 1169.28
81.512, 56828, 1168.74
81.513, 56828.4, 1168.2
81.514, 56828.8, 1167.67
81.515, 56829.2, 1167.13
81.516, 56829.6, 1166.6
81.517, 56830, 1166.06
81.518, 56830.4, 1165.52
81.519, 56830.8, 1164.99
81.52, 56831.2, 1164.45
81.521, 56831.6, 1163.92
81.522, 56831.9, 1163.38
81.523, 56832.3, 1162.84
81.524, 56832.7, 1162.31
81.525, 56833.1, 1161.77
81.526, 56833.5, 1161.24
81.527, 56833.9, 1160.7
81.528, 56834.3, 1160.16
81.529, 56834.7, 1159.63
81.53, 56835.1, 1159.09
81.531, 56835.5, 1158.55
81.532, 56835.9, 1158.02
81.533, 56836.3, 1157.48
81.534, 56836.7, 1156.94
81.535, 56837.1, 1156.41
81.536, 56837.5, 1155.87
81.537, 56837.9, 1155.34
81.538, 56838.3, 1154.8
81.539, 56838.7, 1154.26
81.54, 56839.1, 1153.73
81.541, 56839.4, 1153.19
81.542, 56839.8, 1152.65
81.543, 56840.2, 1152.12
81.544, 56840.6, 1151.58
81.545, 56841, 1151.04
81.546, 56841.4, 1150.51
81.547, 56841.8, 1149.97
81.548, 56842.2, 1149.43
81.549, 56842.6, 1148.9
81.55, 56843, 1148.36
81.551, 56843.4, 1147.82
81.552, 56843.8, 1147.29
81.553, 56844.2, 1146.75
81.554, 56844.6, 1146.21
81.555, 56845, 1145.68
81.556, 56845.4, 1145.14
81.557, 56845.8, 1144.6
81.558, 56846.2, 1144.06
81.559, 56846.5, 1143.53
81.56, 56846.9, 1142.99
81.561, 56847.3, 1142.45
81.562, 56847.7, 1141.92
81.563, 56848.1, 1141.38
81.564, 56848.5, 1140.84
81.565, 56848.9, 1140.31
81.566, 56849.3, 1139.77
81.567, 56849.7, 1139.23
81.568, 56850.1, 1138.69
81.569, 56850.5, 1138.16
81.57, 56850.9, 1137.62
81.571, 56851.3, 1137.08
81.572, 56851.7, 1136.55
81.573, 56852.1, 1136.01
81.574, 56852.5, 1135.47
81.575, 56852.9, 1134.93
81.576, 56853.3, 1134.4
81.577, 56853.6, 1133.86
81.578, 56854, 1133.32
81.579, 56854.4, 1132.78
81.58, 56854.8, 1132.25
81.581, 56855.2, 1131.71
81.582, 56855.6, 1131.17
81.583, 56856, 1130.63
81.584, 56856.4, 1130.1
81.585, 56856.8, 1129.56
81.586, 56857.2, 1129.02
81.587, 56857.6, 1128.48
81.588, 56858, 1127.95
81.589, 56858.4, 1127.41
81.59, 56858.8, 1126.87
81.591, 56859.2, 1126.33
81.592, 56859.6, 1125.79
81.593, 56860, 1125.26
81.594, 56860.3, 1124.72
81.595, 56860.7, 1124.18
81.596, 56861.1, 1123.64
81.597, 56861.5, 1123.11
81.598, 56861.9, 1122.57
81.599, 56862.3, 1122.03
81.6, 56862.7, 1121.49
81.601, 56863.1, 1120.95
81.602, 56863.5, 1120.42
81.603, 56863.9, 1119.88
81.604, 56864.3, 1119.34
81.605, 56864.7, 1118.8
81.606, 56865.1, 1118.26
81.607, 56865.5, 1117.73
81.608, 56865.9, 1117.19
81.609, 56866.3, 1116.65
81.61, 56866.6, 1116.11
81.611, 56867, 1115.57
81.612, 56867.4, 1115.04
81.613, 56867.8, 1114.5
81.614, 56868.2, 1113.96
81.615, 56868.6, 1113.42
81.616, 56869, 1112.88
81.617, 56869.4, 1112.34
81.618, 56869.8, 1111.81
81.619, 56870.2, 1111.27
81.62, 56870.6, 1110.73
81.621, 56871, 1110.19
81.622, 56871.4, 1109.65
81.623, 56871.8, 1109.11
81.624, 56872.2, 1108.57
81.625, 56872.6, 1108.04
81.626, 56873, 1107.5
81.627, 56873.3, 1106.96
81.628, 56873.7, 1106.42
81.629, 56874.1, 1105.88
81.63, 56874.5, 1105.34
81.631, 56874.9, 1104.8
81.632, 56875.3, 1104.27
81.633, 56875.7, 1103.73
81.634, 56876.1, 1103.19
81.635, 56876.5, 1102.65
81.636, 56876.9, 1102.11
81.637, 56877.3, 1101.57
81.638, 56877.7, 1101.03
81.639, 56878.1, 1100.49
81.64, 56878.5, 1099.96
81.641, 56878.9, 1099.42
81.642, 56879.2, 1098.88
81.643, 56879.6, 1098.34
81.644, 56880, 1097.8
81.645, 56880.4, 1097.26
81.646, 56880.8, 1096.72
81.647, 56881.2, 1096.18
81.648, 56881.6, 1095.64
81.649, 56882, 1095.1
81.65, 56882.4, 1094.57
81.651, 56882.8, 1094.03
81.652, 56883.2, 1093.49
81.653, 56883.6, 1092.95
81.654, 56884, 1092.41
81.655, 56884.4, 1091.87
81.656, 56884.8, 1091.33
81.657, 56885.2, 1090.79
81.658, 56885.5, 1090.25
81.659, 56885.9, 1089.71
81.66, 56886.3, 1089.17
81.661, 56886.7, 1088.63
81.662, 56887.1, 1088.09
81.663, 56887.5, 1087.56
81.664, 56887.9, 1087.02
81.665, 56888.3, 1086.48
81.666, 56888.7, 1085.94
81.667, 56889.1, 1085.4
81.668, 56889.5, 1084.86
81.669, 56889.9, 1084.32
81.67, 56890.3, 1083.78
81.671, 56890.7, 1083.24
81.672, 56891.1, 1082.7
81.673, 56891.4, 1082.16
81.674, 56891.8, 1081.62
81.675, 56892.2, 1081.08
81.676, 56892.6, 1080.54
81.677, 56893, 1080
81.678, 56893.4, 1079.46
81.679, 56893.8, 1078.92
81.68, 56894.2, 1078.38
81.681, 56894.6, 1077.84
81.682, 56895, 1077.3
81.683, 56895.4, 1076.76
81.684, 56895.8, 1076.22
81.685, 56896.2, 1075.68
81.686, 56896.6, 1075.14
81.687, 56897, 1074.6
81.688, 56897.3, 1074.06
81.689, 56897.7, 1073.52
81.69, 56898.1, 1072.98
81.691, 56898.5, 1072.44
81.692, 56898.9, 1071.9
81.693, 56899.3, 1071.36
81.694, 56899.7, 1070.82
81.695, 56900.1, 1070.28
81.696, 56900.5, 1069.74
81.697, 56900.9, 1069.2
81.698, 56901.3, 1068.66
81.699, 56901.7, 1068.12
81.7, 56902.1, 1067.58
81.701, 56902.5, 1067.04
81.702, 56902.8, 1066.5
81.703, 56903.2, 1065.96
81.704, 56903.6, 1065.42
81.705, 56904, 1064.88
81.706, 56904.4, 1064.34
81.707, 56904.8, 1063.8
81.708, 56905.2, 1063.26
81.709, 56905.6, 1062.72
81.71, 56906, 1062.18
81.711, 56906.4, 1061.64
81.712, 56906.8, 1061.1
81.713, 56907.2, 1060.56
81.714, 56907.6, 1060.01
81.715, 56908, 1059.47
81.716, 56908.3, 1058.93
81.717, 56908.7, 1058.39
81.718, 56909.1, 1057.85
81.719, 56909.5, 1057.31
81.72, 56909.9, 1056.77
81.721, 56910.3, 1056.23
81.722, 56910.7, 1055.69
81.723, 56911.1, 1055.15
81.724, 56911.5, 1054.61
81.725, 56911.9, 1054.07
81.726, 56912.3, 1053.53
81.727, 56912.7, 1052.98
81.728, 56913.1, 1052.44
81.729, 56913.5, 1051.9
81.73, 56913.8, 1051.36
81.731, 56914.2, 1050.82
81.732, 56914.6, 1050.28
81.733, 56915, 1049.74
81.734, 56915.4, 1049.2
81.735, 56915.8, 1048.66
81.736, 56916.2, 1048.12
81.737, 56916.6, 1047.57
81.738, 56917, 1047.03
81.739, 56917.4, 1046.49
81.74, 56917.8, 1045.95
81.741, 56918.2, 1045.41
81.742, 56918.6, 1044.87
81.743, 56919, 1044.33
81.744, 56919.3, 1043.79
81.745, 56919.7, 1043.24
81.746, 56920.1, 1042.7
81.747, 56920.5, 1042.16
81.748, 56920.9, 1041.62
81.749, 56921.3, 1041.08
81.75, 56921.7, 1040.54
81.751, 56922.1, 1040
81.752, 56922.5, 1039.45
81.753, 56922.9, 1038.91
81.754, 56923.3, 1038.37
81.755, 56923.7, 1037.83
81.756, 56924.1, 1037.29
81.757, 56924.4, 1036.75
81.758, 56924.8, 1036.2
81.759, 56925.2, 1035.66
81.76, 56925.6, 1035.12
81.761, 56926, 1034.58
81.762, 56926.4, 1034.04
81.763, 56926.8, 1033.5
81.764, 56927.2, 1032.95
81.765, 56927.6, 1032.41
81.766, 56928, 1031.87
81.767, 56928.4, 1031.33
81.768, 56928.8, 1030.79
81.769, 56929.2, 1030.24
81.77, 56929.5, 1029.7
81.771, 56929.9, 1029.16
81.772, 56930.3, 1028.62
81.773, 56930.7, 1028.08
81.774, 56931.1, 1027.53
81.775, 56931.5, 1026.99
81.776, 56931.9, 1026.45
81.777, 56932.3, 1025.91
81.778, 56932.7, 1025.37
81.779, 56933.1, 1024.82
81.78, 56933.5, 1024.28
81.781, 56933.9, 1023.74
81.782, 56934.3, 1023.2
81.783, 56934.6, 1022.66
81.784, 56935, 1022.11
81.785, 56935.4, 1021.57
81.786, 56935.8, 1021.03
81.787, 56936.2, 1020.49
81.788, 56936.6, 1019.94
81.789, 56937, 1019.4
81.79, 56937.4, 1018.86
81.791, 56937.8, 1018.32
81.792, 56938.2, 1017.77
81.793, 56938.6, 1017.23
81.794, 56939, 1016.69
81.795, 56939.4, 1016.15
81.796, 56939.7, 1015.6
81.797, 56940.1, 1015.06
81.798, 56940.5, 1014.52
81.799, 56940.9, 1013.98
81.8, 56941.3, 1013.43
81.801, 56941.7, 1012.89
81.802, 56942.1, 1012.35
81.803, 56942.5, 1011.81
81.804, 56942.9, 1011.26
81.805, 56943.3, 1010.72
81.806, 56943.7, 1010.18
81.807, 56944.1, 1009.63
81.808, 56944.4, 1009.09
81.809, 56944.8, 1008.55
81.81, 56945.2, 1008.01
81.811, 56945.6, 1007.46
81.812, 56946, 1006.92
81.813, 56946.4, 1006.38
81.814, 56946.8, 1005.83
81.815, 56947.2, 1005.29
81.816, 56947.6, 1004.75
81.817, 56948, 1004.21
81.818, 56948.4, 1003.66
81.819, 56948.8, 1003.12
81.82, 56949.1, 1002.58
81.821, 56949.5, 1002.03
81.822, 56949.9, 1001.49
81.823, 56950.3, 1000.95
81.824, 56950.7, 1000.4
81.825, 56951.1, 999.86
81.826, 56951.5, 999.317
81.827, 56951.9, 998.773
81.828, 56952.3, 998.23
81.829, 56952.7, 997.687
81.83, 56953.1, 997.143
81.831, 56953.5, 996.6
81.832, 56953.9, 996.057
81.833, 56954.2, 995.513
81.834, 56954.6, 994.97
81.835, 56955, 994.426
81.836, 56955.4, 993.883
81.837, 56955.8, 993.339
81.838, 56956.2, 992.796
81.839, 56956.6, 992.252
81.84, 56957, 991.709
81.841, 56957.4, 991.165
81.842, 56957.8, 990.621
81.843, 56958.2, 990.078
81.844, 56958.5, 989.534
81.845, 56958.9, 988.99
81.846, 56959.3, 988.446
81.847, 56959.7, 987.903
81.848, 56960.1, 987.359
81.849, 56960.5, 986.815
81.85, 56960.9, 986.271
81.851, 56961.3, 985.727
81.852, 56961.7, 985.184
81.853, 56962.1, 984.64
81.854, 56962.5, 984.096
81.855, 56962.9, 983.552
81.856, 56963.2, 983.008
81.857, 56963.6, 982.464
81.858, 56964, 981.92
81.859, 56964.4, 981.376
81.86, 56964.8, 980.832
81.861, 56965.2, 980.288
81.862, 56965.6, 979.743
81.863, 56966, 979.199
81.864, 56966.4, 978.655
81.865, 56966.8, 978.111
81.866, 56967.2, 977.567
81.867, 56967.6, 977.022
81.868, 56967.9, 976.478
81.869, 56968.3, 975.934
81.87, 56968.7, 975.39
81.871, 56969.1, 974.845
81.872, 56969.5, 974.301
81.873, 56969.9, 973.757
81.874, 56970.3, 973.212
81.875, 56970.7, 972.668
81.876, 56971.1, 972.123
81.877, 56971.5, 971.579
81.878, 56971.9, 971.034
81.879, 56972.2, 970.49
81.88, 56972.6, 969.945
81.881, 56973, 969.401
81.882, 56973.4, 968.856
81.883, 56973.8, 968.311
81.884, 56974.2, 967.767
81.885, 56974.6, 967.222
81.886, 56975, 966.677
81.887, 56975.4, 966.133
81.888, 56975.8, 965.588
81.889, 56976.2, 965.043
81.89, 56976.6, 964.498
81.891, 56976.9, 963.954
81.892, 56977.3, 963.409
81.893, 56977.7, 962.864
81.894, 56978.1, 962.319
81.895, 56978.5, 961.774
81.896, 56978.9, 961.229
81.897, 56979.3, 960.684
81.898, 56979.7, 960.139
81.899, 56980.1, 959.594
81.9, 56980.5, 959.049
81.901, 56980.9, 958.504
81.902, 56981.2, 957.959
81.903, 56981.6, 957.414
81.904, 56982, 956.869
81.905, 56982.4, 956.324
81.906, 56982.8, 955.779
81.907, 56983.2, 955.233
81.908, 56983.6, 954.688
81.909, 56984, 954.143
81.91, 56984.4, 953.598
81.911, 56984.8, 953.052
81.912, 56985.2, 952.507
81.913, 56985.5, 951.962
81.914, 56985.9, 951.416
81.915, 56986.3, 950.871
81.916, 56986.7, 950.326
81.917, 56987.1, 949.78
81.918, 56987.5, 949.235
81.919, 56987.9, 948.689
81.92, 56988.3, 948.144
81.921, 56988.7, 947.598
81.922, 56989.1, 947.053
81.923, 56989.5, 946.507
81.924, 56989.8, 945.961
81.925, 56990.2, 945.416
81.926, 56990.6, 944.87
81.927, 56991, 944.324
81.928, 56991.4, 943.779
81.929, 56991.8, 943.233
81.93, 56992.2, 942.687
81.931, 56992.6, 942.142
81.932, 56993, 941.596
81.933, 56993.4, 941.05
81.934, 56993.7, 940.504
81.935, 56994.1, 939.958
81.936, 56994.5, 939.412
81.937, 56994.9, 938.866
81.938, 56995.3, 938.32
81.939, 56995.7, 937.775
81.94, 56996.1, 937.229
81.941, 56996.5, 936.683
81.942, 56996.9, 936.136
81.943, 56997.3, 935.59
81.944, 56997.7, 935.044
81.945, 56998, 934.498
81.946, 56998.4, 933.952
81.947, 56998.8, 933.406
81.948, 56999.2, 932.86
81.949, 56999.6, 932.314
81.95, 57000, 931.767
81.951, 57000.4, 931.221
81.952, 57000.8, 930.675
81.953, 57001.2, 930.129
81.954, 57001.6, 929.582
81.955, 57002, 929.036
81.956, 57002.3, 928.49
81.957, 57002.7, 927.943
81.958, 57003.1, 927.397
81.959, 57003.5, 926.85
81.96, 57003.9, 926.304
81.961, 57004.3, 925.757
81.962, 57004.7, 925.211
81.963, 57005.1, 924.664
81.964, 57005.5, 924.118
81.965, 57005.9, 923.571
81.966, 57006.2, 923.025
81.967, 57006.6, 922.478
81.968, 57007, 921.931
81.969, 57007.4, 921.385
81.97, 57007.8, 920.838
81.971, 57008.2, 920.291
81.972, 57008.6, 919.744
81.973, 57009, 919.198
81.974, 57009.4, 918.651
81.975, 57009.8, 918.104
81.976, 57010.1, 917.557
81.977, 57010.5, 917.01
81.978, 57010.9, 916.463
81.979, 57011.3, 915.916
81.98, 57011.7, 915.369
81.981, 57012.1, 914.823
81.982, 57012.5, 914.276
81.983, 57012.9, 913.729
81.984, 57013.3, 913.181
81.985, 57013.7, 912.634
81.986, 57014, 912.087
81.987, 57014.4, 911.54
81.988, 57014.8, 910.993
81.989, 57015.2, 910.446
81.99, 57015.6, 909.899
81.991, 57016, 909.352
81.992, 57016.4, 908.804
81.993, 57016.8, 908.257
81.994, 57017.2, 907.71
81.995, 57017.6, 907.162
81.996, 57018, 906.615
81.997, 57018.3, 906.068
81.998, 57018.7, 905.52
81.999, 57019.1, 904.973
82, 57019.5, 904.426
82.001, 57019.9, 903.878
82.002, 57020.3, 903.331
82.003, 57020.7, 902.783
82.004, 57021.1, 902.236
82.005, 57021.5, 901.688
82.006, 57021.8, 901.14
82.007, 57022.2, 900.593
82.008, 57022.6, 900.045
82.009, 57023, 899.498
82.01, 57023.4, 898.95
82.011, 57023.8, 898.402
82.012, 57024.2, 897.855
82.013, 57024.6, 897.307
82.014, 57025, 896.759
82.015, 57025.4, 896.211
82.016, 57025.7, 895.663
82.017, 57026.1, 895.116
82.018, 57026.5, 894.568
82.019, 57026.9, 894.02
82.02, 57027.3, 893.472
82.021, 57027.7, 892.924
82.022, 57028.1, 892.376
82.023, 57028.5, 891.828
82.024, 57028.9, 891.28
82.025, 57029.3, 890.732
82.026, 57029.6, 890.184
82.027, 57030, 889.636
82.028, 57030.4, 889.088
82.029, 57030.8, 888.54
82.03, 57031.2, 887.992
82.031, 57031.6, 887.443
82.032, 57032, 886.895
82.033, 57032.4, 886.347
82.034, 57032.8, 885.799
82.035, 57033.2, 885.25
82.036, 57033.5, 884.702
82.037, 57033.9, 884.154
82.038, 57034.3, 883.606
82.039, 57034.7, 883.057
82.04, 57035.1, 882.509
82.041, 57035.5, 881.96
82.042, 57035.9, 881.412
82.043, 57036.3, 880.863
82.044, 57036.7, 880.315
82.045, 57037, 879.766
82.046, 57037.4, 879.218
82.047, 57037.8, 878.669
82.048, 57038.2, 878.121
82.049, 57038.6, 877.572
82.05, 57039, 877.024
82.051, 57039.4, 876.475
82.052, 57039.8, 875.926
82.053, 57040.2, 875.377
82.054, 57040.6, 874.829
82.055, 57040.9, 874.28
82.056, 57041.3, 873.731
82.057, 57041.7, 873.182
82.058, 57042.1, 872.634
82.059, 57042.5, 872.085
82.06, 57042.9, 871.536
82.061, 57043.3, 870.987
82.062, 57043.7, 870.438
82.063, 57044.1, 869.889
82.064, 57044.4, 869.34
82.065, 57044.8, 868.791
82.066, 57045.2, 868.242
82.067, 57045.6, 867.693
82.068, 57046, 867.144
82.069, 57046.4, 866.595
82.07, 57046.8, 866.046
82.071, 57047.2, 865.497
82.072, 57047.6, 864.948
82.073, 57048, 864.398
82.074, 57048.3, 863.849
82.075, 57048.7, 863.3
82.076, 57049.1, 862.751
82.077, 57049.5, 862.201
82.078, 57049.9, 861.652
82.079, 57050.3, 861.103
82.08, 57050.7, 860.553
82.081, 57051.1, 860.004
82.082, 57051.5, 859.455
82.083, 57051.8, 858.905
82.084, 57052.2, 858.356
82.085, 57052.6, 857.806
82.086, 57053, 857.257
82.087, 57053.4, 856.707
82.088, 57053.8, 856.158
82.089, 57054.2, 855.608
82.09, 57054.6, 855.058
82.091, 57055, 854.509
82.092, 57055.3, 853.959
82.093, 57055.7, 853.409
82.094, 57056.1, 852.86
82.095, 57056.5, 852.31
82.096, 57056.9, 851.76
82.097, 57057.3, 851.211
82.098, 57057.7, 850.661
82.099, 57058.1, 850.111
82.1, 57058.5, 849.561
82.101, 57058.8, 849.011
82.102, 57059.2, 848.461
82.103, 57059.6, 847.911
82.104, 57060, 847.361
82.105, 57060.4, 846.812
82.106, 57060.8, 846.262
82.107, 57061.2, 845.712
82.108, 57061.6, 845.161
82.109, 57062, 844.611
82.11, 57062.3, 844.061
82.111, 57062.7, 843.511
82.112, 57063.1, 842.961
82.113, 57063.5, 842.411
82.114, 57063.9, 841.861
82.115, 57064.3, 841.311
82.116, 57064.7, 840.76
82.117, 57065.1, 840.21
82.118, 57065.5, 839.66
82.119, 57065.8, 839.109
82.12, 57066.2, 838.559
82.121, 57066.6, 838.009
82.122, 57067, 837.458
82.123, 57067.4, 836.908
82.124, 57067.8, 836.358
82.125, 57068.2, 835.807
82.126, 57068.6, 835.257
82.127, 57069, 834.706
82.128, 57069.3, 834.156
82.129, 57069.7, 833.605
82.13, 57070.1, 833.055
82.131, 57070.5, 832.504
82.132, 57070.9, 831.953
82.133, 57071.3, 831.403
82.134, 57071.7, 830.852
82.135, 57072.1, 830.301
82.136, 57072.5, 829.751
82.137, 57072.8, 829.2
82.138, 57073.2, 828.649
82.139, 57073.6, 828.098
82.14, 57074, 827.547
82.141, 57074.4, 826.997
82.142, 57074.8, 826.446
82.143, 57075.2, 825.895
82.144, 57075.6, 825.344
82.145, 57076, 824.793
82.146, 57076.3, 824.242
82.147, 57076.7, 823.691
82.148, 57077.1, 823.14
82.149, 57077.5, 822.589
82.15, 57077.9, 822.038
82.151, 57078.3, 821.487
82.152, 57078.7, 820.936
82.153, 57079.1, 820.385
82.154, 57079.4, 819.834
82.155, 57079.8, 819.282
82.156, 57080.2, 818.731
82.157, 57080.6, 818.18
82.158, 57081, 817.629
82.159, 57081.4, 817.077
82.16, 57081.8, 816.526
82.161, 57082.2, 815.975
82.162, 57082.6, 815.423
82.163, 57082.9, 814.872
82.164, 57083.3, 814.321
82.165, 57083.7, 813.769
82.166, 57084.1, 813.218
82.167, 57084.5, 812.666
82.168, 57084.9, 812.115
82.169, 57085.3, 811.563
82.17, 57085.7, 811.012
82.171, 57086, 810.46
82.172, 57086.4, 809.909
82.173, 57086.8, 809.357
82.174, 57087.2, 808.805
82.175, 57087.6, 808.254
82.176, 57088, 807.702
82.177, 57088.4, 807.15
82.178, 57088.8, 806.599
82.179, 57089.2, 806.047
82.18, 57089.5, 805.495
82.181, 57089.9, 804.943
82.182, 57090.3, 804.391
82.183, 57090.7, 803.839
82.184, 57091.1, 803.288
82.185, 57091.5, 802.736
82.186, 57091.9, 802.184
82.187, 57092.3, 801.632
82.188, 57092.6, 801.08
82.189, 57093, 800.528
82.19, 57093.4, 799.976
82.191, 57093.8, 799.424
82.192, 57094.2, 798.872
82.193, 57094.6, 798.32
82.194, 57095, 797.767
82.195, 57095.4, 797.215
82.196, 57095.8, 796.663
82.197, 57096.1, 796.111
82.198, 57096.5, 795.559
82.199, 57096.9, 795.006
82.2, 57097.3, 794.454
82.201, 57097.7, 793.902
82.202, 57098.1, 793.35
82.203, 57098.5, 792.797
82.204, 57098.9, 792.245
82.205, 57099.2, 791.692
82.206, 57099.6, 791.14
82.207, 57100, 790.588
82.208, 57100.4, 790.035
82.209, 57100.8, 789.483
82.21, 57101.2, 788.93
82.211, 57101.6, 788.377
82.212, 57102, 787.825
82.213, 57102.3, 787.272
82.214, 57102.7, 786.72
82.215, 57103.1, 786.167
82.216, 57103.5, 785.614
82.217, 57103.9, 785.062
82.218, 57104.3, 784.509
82.219, 57104.7, 783.956
82.22, 57105.1, 783.403
82.221, 57105.4, 782.851
82.222, 57105.8, 782.298
82.223, 57106.2, 781.745
82.224, 57106.6, 781.192
82.225, 57107, 780.639
82.226, 57107.4, 780.086
82.227, 57107.8, 779.533
82.228, 57108.2, 778.98
82.229, 57108.5, 778.428
82.23, 57108.9, 777.874
82.231, 57109.3, 777.321
82.232, 57109.7, 776.768
82.233, 57110.1, 776.215
82.234, 57110.5, 775.662
82.235, 57110.9, 775.109
82.236, 57111.3, 774.556
82.237, 57111.6, 774.003
82.238, 57112, 773.45
82.239, 57112.4, 772.896
82.24, 57112.8, 772.343
82.241, 57113.2, 771.79
82.242, 57113.6, 771.236
82.243, 57114, 770.683
82.244, 57114.4, 770.13
82.245, 57114.7, 769.576
82.246, 57115.1, 769.023
82.247, 57115.5, 768.47
82.248, 57115.9, 767.916
82.249, 57116.3, 767.363
82.25, 57116.7, 766.809
82.251, 57117.1, 766.256
82.252, 57117.5, 765.702
82.253, 57117.8, 765.149
82.254, 57118.2, 764.595
82.255, 57118.6, 764.041
82.256, 57119, 763.488
82.257, 57119.4, 762.934
82.258, 57119.8, 762.38
82.259, 57120.2, 761.827
82.26, 57120.6, 761.273
82.261, 57120.9, 760.719
82.262, 57121.3, 760.165
82.263, 57121.7, 759.611
82.264, 57122.1, 759.058
82.265, 57122.5, 758.504
82.266, 57122.9, 757.95
82.267, 57123.3, 757.396
82.268, 57123.7, 756.842
82.269, 57124, 756.288
82.27, 57124.4, 755.734
82.271, 57124.8, 755.18
82.272, 57125.2, 754.626
82.273, 57125.6, 754.072
82.274, 57126, 753.518
82.275, 57126.4, 752.964
82.276, 57126.8, 752.41
82.277, 57127.1, 751.855
82.278, 57127.5, 751.301
82.279, 57127.9, 750.747
82.28, 57128.3, 750.193
82.281, 57128.7, 749.639
82.282, 57129.1, 749.084
82.283, 57129.5, 748.53
82.284, 57129.9, 747.976
82.285, 57130.2, 747.421
82.286, 57130.6, 746.867
82.287, 57131, 746.312
82.288, 57131.4, 745.758
82.289, 57131.8, 745.204
82.29, 57132.2, 744.649
82.291, 57132.6, 744.095
82.292, 57132.9, 743.54
82.293, 57133.3, 742.986
82.294, 57133.7, 742.431
82.295, 57134.1, 741.876
82.296, 57134.5, 741.322
82.297, 57134.9, 740.767
82.298, 57135.3, 740.212
82.299, 57135.7, 739.658
82.3, 57136, 739.103
82.301, 57136.4, 738.548
82.302, 57136.8, 737.993
82.303, 57137.2, 737.439
82.304, 57137.6, 736.884
82.305, 57138, 736.329
82.306, 57138.4, 735.774
82.307, 57138.8, 735.219
82.308, 57139.1, 734.664
82.309, 57139.5, 734.109
82.31, 57139.9, 733.554
82.311, 57140.3, 732.999
82.312, 57140.7, 732.444
82.313, 57141.1, 731.889
82.314, 57141.5, 731.334
82.315, 57141.8, 730.779
82.316, 57142.2, 730.224
82.317, 57142.6, 729.669
82.318, 57143, 729.114
82.319, 57143.4, 728.558
82.32, 57143.8, 728.003
82.321, 57144.2, 727.448
82.322, 57144.6, 726.893
82.323, 57144.9, 726.337
82.324, 57145.3, 725.782
82.325, 57145.7, 725.227
82.326, 57146.1, 724.671
82.327, 57146.5, 724.116
82.328, 57146.9, 723.561
82.329, 57147.3, 723.005
82.33, 57147.6, 722.45
82.331, 57148, 721.894
82.332, 57148.4, 721.339
82.333, 57148.8, 720.783
82.334, 57149.2, 720.228
82.335, 57149.6, 719.672
82.336, 57150, 719.116
82.337, 57150.4, 718.561
82.338, 57150.7, 718.005
82.339, 57151.1, 717.449
82.34, 57151.5, 716.894
82.341, 57151.9, 716.338
82.342, 57152.3, 715.782
82.343, 57152.7, 715.226
82.344, 57153.1, 714.671
82.345, 57153.4, 714.115
82.346, 57153.8, 713.559
82.347, 57154.2, 713.003
82.348, 57154.6, 712.447
82.349, 57155, 711.891
82.35, 57155.4, 711.335
82.351, 57155.8, 710.779
82.352, 57156.2, 710.223
82.353, 57156.5, 709.667
82.354, 57156.9, 709.111
82.355, 57157.3, 708.555
82.356, 57157.7, 707.999
82.357, 57158.1, 707.443
82.358, 57158.5, 706.887
82.359, 57158.9, 706.33
82.36, 57159.2, 705.774
82.361, 57159.6, 705.218
82.362, 57160, 704.662
82.363, 57160.4, 704.106
82.364, 57160.8, 703.549
82.365, 57161.2, 702.993
82.366, 57161.6, 702.437
82.367, 57161.9, 701.88
82.368, 57162.3, 701.324
82.369, 57162.7, 700.767
82.37, 57163.1, 700.211
82.371, 57163.5, 699.654
82.372, 57163.9, 699.098
82.373, 57164.3, 698.541
82.374, 57164.6, 697.985
82.375, 57165, 697.428
82.376, 57165.4, 696.872
82.377, 57165.8, 696.315
82.378, 57166.2, 695.758
82.379, 57166.6, 695.202
82.38, 57167, 694.645
82.381, 57167.4, 694.088
82.382, 57167.7, 693.532
82.383, 57168.1, 692.975
82.384, 57168.5, 692.418
82.385, 57168.9, 691.861
82.386, 57169.3, 691.304
82.387, 57169.7, 690.747
82.388, 57170.1, 690.19
82.389, 57170.4, 689.634
82.39, 57170.8, 689.077
82.391, 57171.2, 688.52
82.392, 57171.6, 687.963
82.393, 57172, 687.406
82.394, 57172.4, 686.849
82.395, 57172.8, 686.292
82.396, 57173.1, 685.734
82.397, 57173.5, 685.177
82.398, 57173.9, 684.62
82.399, 57174.3, 684.063
82.4, 57174.7, 683.506
82.401, 57175.1, 682.949
82.402, 57175.5, 682.391
82.403, 57175.8, 681.834
82.404, 57176.2, 681.277
82.405, 57176.6, 680.719
82.406, 57177, 680.162
82.407, 57177.4, 679.605
82.408, 57177.8, 679.047
82.409, 57178.2, 678.49
82.41, 57178.5, 677.932
82.411, 57178.9, 677.375
82.412, 57179.3, 676.818
82.413, 57179.7, 676.26
82.414, 57180.1, 675.702
82.415, 57180.5, 675.145
82.416, 57180.9, 674.587
82.417, 57181.2, 674.03
82.418, 57181.6, 673.472
82.419, 57182, 672.914
82.42, 57182.4, 672.357
82.421, 57182.8, 671.799
82.422, 57183.2, 671.241
82.423, 57183.6, 670.683
82.424, 57183.9, 670.126
82.425, 57184.3, 669.568
82.426, 57184.7, 669.01
82.427, 57185.1, 668.452
82.428, 57185.5, 667.894
82.429, 57185.9, 667.336
82.43, 57186.3, 666.778
82.431, 57186.6, 666.22
82.432, 57187, 665.662
82.433, 57187.4, 665.104
82.434, 57187.8, 664.546
82.435, 57188.2, 663.988
82.436, 57188.6, 663.43
82.437, 57189, 662.872
82.438, 57189.3, 662.314
82.439, 57189.7, 661.756
82.44, 57190.1, 661.198
82.441, 57190.5, 660.639
82.442, 57190.9, 660.081
82.443, 57191.3, 659.523
82.444, 57191.7, 658.965
82.445, 57192, 658.406
82.446, 57192.4, 657.848
82.447, 57192.8, 657.29
82.448, 57193.2, 656.731
82.449, 57193.6, 656.173
82.45, 57194, 655.614
82.451, 57194.4, 655.056
82.452, 57194.7, 654.497
82.453, 57195.1, 653.939
82.454, 57195.5, 653.38
82.455, 57195.9, 652.822
82.456, 57196.3, 652.263
82.457, 57196.7, 651.705
82.458, 57197, 651.146
82.459, 57197.4, 650.587
82.46, 57197.8, 650.029
82.461, 57198.2, 649.47
82.462, 57198.6, 648.911
82.463, 57199, 648.352
82.464, 57199.4, 647.794
82.465, 57199.7, 647.235
82.466, 57200.1, 646.676
82.467, 57200.5, 646.117
82.468, 57200.9, 645.558
82.469, 57201.3, 644.999
82.47, 57201.7, 644.44
82.471, 57202.1, 643.881
82.472, 57202.4, 643.323
82.473, 57202.8, 642.764
82.474, 57203.2, 642.204
82.475, 57203.6, 641.645
82.476, 57204, 641.086
82.477, 57204.4, 640.527
82.478, 57204.8, 639.968
82.479, 57205.1, 639.409
82.48, 57205.5, 638.85
82.481, 57205.9, 638.291
82.482, 57206.3, 637.731
82.483, 57206.7, 637.172
82.484, 57207.1, 636.613
82.485, 57207.4, 636.053
82.486, 57207.8, 635.494
82.487, 57208.2, 634.935
82.488, 57208.6, 634.375
82.489, 57209, 633.816
82.49, 57209.4, 633.257
82.491, 57209.8, 632.697
82.492, 57210.1, 632.138
82.493, 57210.5, 631.578
82.494, 57210.9, 631.019
82.495, 57211.3, 630.459
82.496, 57211.7, 629.899
82.497, 57212.1, 629.34
82.498, 57212.4, 628.78
82.499, 57212.8, 628.221
82.5, 57213.2, 627.661
82.501, 57213.6, 627.101
82.502, 57214, 626.541
82.503, 57214.4, 625.982
82.504, 57214.8, 625.422
82.505, 57215.1, 624.862
82.506, 57215.5, 624.302
82.507, 57215.9, 623.742
82.508, 57216.3, 623.183
82.509, 57216.7, 622.623
82.51, 57217.1, 622.063
82.511, 57217.5, 621.503
82.512, 57217.8, 620.943
82.513, 57218.2, 620.383
82.514, 57218.6, 619.823
82.515, 57219, 619.263
82.516, 57219.4, 618.703
82.517, 57219.8, 618.142
82.518, 57220.1, 617.582
82.519, 57220.5, 617.022
82.52, 57220.9, 616.462
82.521, 57221.3, 615.902
82.522, 57221.7, 615.342
82.523, 57222.1, 614.781
82.524, 57222.5, 614.221
82.525, 57222.8, 613.661
82.526, 57223.2, 613.1
82.527, 57223.6, 612.54
82.528, 57224, 611.98
82.529, 57224.4, 611.419
82.53, 57224.8, 610.859
82.531, 57225.1, 610.298
82.532, 57225.5, 609.738
82.533, 57225.9, 609.177
82.534, 57226.3, 608.617
82.535, 57226.7, 608.056
82.536, 57227.1, 607.496
82.537, 57227.5, 606.935
82.538, 57227.8, 606.374
82.539, 57228.2, 605.814
82.54, 57228.6, 605.253
82.541, 57229, 604.692
82.542, 57229.4, 604.132
82.543, 57229.8, 603.571
82.544, 57230.1, 603.01
82.545, 57230.5, 602.449
82.546, 57230.9, 601.888
82.547, 57231.3, 601.328
82.548, 57231.7, 600.767
82.549, 57232.1, 600.206
82.55, 57232.4, 599.645
82.551, 57232.8, 599.084
82.552, 57233.2, 598.523
82.553, 57233.6, 597.962
82.554, 57234, 597.401
82.555, 57234.4, 596.84
82.556, 57234.8, 596.279
82.557, 57235.1, 595.718
82.558, 57235.5, 595.157
82.559, 57235.9, 594.595
82.56, 57236.3, 594.034
82.561, 57236.7, 593.473
82.562, 57237.1, 592.912
82.563, 57237.4, 592.351
82.564, 57237.8, 591.789
82.565, 57238.2, 591.228
82.566, 57238.6, 590.667
82.567, 57239, 590.105
82.568, 57239.4, 589.544
82.569, 57239.7, 588.982
82.57, 57240.1, 588.421
82.571, 57240.5, 587.86
82.572, 57240.9, 587.298
82.573, 57241.3, 586.737
82.574, 57241.7, 586.175
82.575, 57242.1, 585.613
82.576, 57242.4, 585.052
82.577, 57242.8, 584.49
82.578, 57243.2, 583.929
82.579, 57243.6, 583.367
82.58, 57244, 582.805
82.581, 57244.4, 582.244
82.582, 57244.7, 581.682
82.583, 57245.1, 581.12
82.584, 57245.5, 580.558
82.585, 57245.9, 579.997
82.586, 57246.3, 579.435
82.587, 57246.7, 578.873
82.588, 57247, 578.311
82.589, 57247.4, 577.749
82.59, 57247.8, 577.187
82.591, 57248.2, 576.625
82.592, 57248.6, 576.063
82.593, 57249, 575.501
82.594, 57249.3, 574.939
82.595, 57249.7, 574.377
82.596, 57250.1, 573.815
82.597, 57250.5, 573.253
82.598, 57250.9, 572.691
82.599, 57251.3, 572.129
82.6, 57251.7, 571.566
82.601, 57252, 571.004
82.602, 57252.4, 570.442
82.603, 57252.8, 569.88
82.604, 57253.2, 569.317
82.605, 57253.6, 568.755
82.606, 57254, 568.193
82.607, 57254.3, 567.63
82.608, 57254.7, 567.068
82.609, 57255.1, 566.506
82.61, 57255.5, 565.943
82.611, 57255.9, 565.381
82.612, 57256.3, 564.818
82.613, 57256.6, 564.256
82.614, 57257, 563.693
82.615, 57257.4, 563.131
82.616, 57257.8, 562.568
82.617, 57258.2, 562.005
82.618, 57258.6, 561.443
82.619, 57258.9, 560.88
82.62, 57259.3, 560.317
82.621, 57259.7, 559.755
82.622, 57260.1, 559.192
82.623, 57260.5, 558.629
82.624, 57260.9, 558.066
82.625, 57261.2, 557.504
82.626, 57261.6, 556.941
82.627, 57262, 556.378
82.628, 57262.4, 555.815
82.629, 57262.8, 555.252
82.63, 57263.2, 554.689
82.631, 57263.5, 554.126
82.632, 57263.9, 553.563
82.633, 57264.3, 553
82.634, 57264.7, 552.437
82.635, 57265.1, 551.874
82.636, 57265.5, 551.311
82.637, 57265.8, 550.748
82.638, 57266.2, 550.185
82.639, 57266.6, 549.621
82.64, 57267, 549.058
82.641, 57267.4, 548.495
82.642, 57267.8, 547.932
82.643, 57268.1, 547.369
82.644, 57268.5, 546.805
82.645, 57268.9, 546.242
82.646, 57269.3, 545.679
82.647, 57269.7, 545.115
82.648, 57270.1, 544.552
82.649, 57270.4, 543.988
82.65, 57270.8, 543.425
82.651, 57271.2, 542.861
82.652, 57271.6, 542.298
82.653, 57272, 541.734
82.654, 57272.4, 541.171
82.655, 57272.7, 540.607
82.656, 57273.1, 540.044
82.657, 57273.5, 539.48
82.658, 57273.9, 538.916
82.659, 57274.3, 538.353
82.66, 57274.7, 537.789
82.661, 57275, 537.225
82.662, 57275.4, 536.662
82.663, 57275.8, 536.098
82.664, 57276.2, 535.534
82.665, 57276.6, 534.97
82.666, 57277, 534.406
82.667, 57277.3, 533.842
82.668, 57277.7, 533.279
82.669, 57278.1, 532.715
82.67, 57278.5, 532.151
82.671, 57278.9, 531.587
82.672, 57279.3, 531.023
82.673, 57279.6, 530.459
82.674, 57280, 529.895
82.675, 57280.4, 529.331
82.676, 57280.8, 528.766
82.677, 57281.2, 528.202
82.678, 57281.6, 527.638
82.679, 57281.9, 527.074
82.68, 57282.3, 526.51
82.681, 57282.7, 525.946
82.682, 57283.1, 525.381
82.683, 57283.5, 524.817
82.684, 57283.9, 524.253
82.685, 57284.2, 523.688
82.686, 57284.6, 523.124
82.687, 57285, 522.56
82.688, 57285.4, 521.995
82.689, 57285.8, 521.431
82.69, 57286.1, 520.866
82.691, 57286.5, 520.302
82.692, 57286.9, 519.737
82.693, 57287.3, 519.173
82.694, 57287.7, 518.608
82.695, 57288.1, 518.044
82.696, 57288.4, 517.479
82.697, 57288.8, 516.914
82.698, 57289.2, 516.35
82.699, 57289.6, 515.785
82.7, 57290, 515.22
82.701, 57290.4, 514.656
82.702, 57290.7, 514.091
82.703, 57291.1, 513.526
82.704, 57291.5, 512.961
82.705, 57291.9, 512.396
82.706, 57292.3, 511.832
82.707, 57292.7, 511.267
82.708, 57293, 510.702
82.709, 57293.4, 510.137
82.71, 57293.8, 509.572
82.711, 57294.2, 509.007
82.712, 57294.6, 508.442
82.713, 57295, 507.877
82.714, 57295.3, 507.312
82.715, 57295.7, 506.747
82.716, 57296.1, 506.182
82.717, 57296.5, 505.616
82.718, 57296.9, 505.051
82.719, 57297.2, 504.486
82.72, 57297.6, 503.921
82.721, 57298, 503.356
82.722, 57298.4, 502.79
82.723, 57298.8, 502.225
82.724, 57299.2, 501.66
82.725, 57299.5, 501.094
82.726, 57299.9, 500.529
82.727, 57300.3, 499.964
82.728, 57300.7, 499.398
82.729, 57301.1, 498.833
82.73, 57301.5, 498.267
82.731, 57301.8, 497.702
82.732, 57302.2, 497.136
82.733, 57302.6, 496.571
82.734, 57303, 496.005
82.735, 57303.4, 495.44
82.736, 57303.7, 494.874
82.737, 57304.1, 494.308
82.738, 57304.5, 493.743
82.739, 57304.9, 493.177
82.74, 57305.3, 492.611
82.741, 57305.7, 492.045
82.742, 57306, 491.48
82.743, 57306.4, 490.914
82.744, 57306.8, 490.348
82.745, 57307.2, 489.782
82.746, 57307.6, 489.216
82.747, 57308, 488.65
82.748, 57308.3, 488.085
82.749, 57308.7, 487.519
82.75, 57309.1, 486.953
82.751, 57309.5, 486.387
82.752, 57309.9, 485.821
82.753, 57310.2, 485.255
82.754, 57310.6, 484.688
82.755, 57311, 484.122
82.756, 57311.4, 483.556
82.757, 57311.8, 482.99
82.758, 57312.2, 482.424
82.759, 57312.5, 481.858
82.76, 57312.9, 481.291
82.761, 57313.3, 480.725
82.762, 57313.7, 480.159
82.763, 57314.1, 479.593
82.764, 57314.5, 479.026
82.765, 57314.8, 478.46
82.766, 57315.2, 477.893
82.767, 57315.6, 477.327
82.768, 57316, 476.761
82.769, 57316.4, 476.194
82.77, 57316.7, 475.628
82.771, 57317.1, 475.061
82.772, 57317.5, 474.495
82.773, 57317.9, 473.928
82.774, 57318.3, 473.361
82.775, 57318.7, 472.795
82.776, 57319, 472.228
82.777, 57319.4, 471.662
82.778, 57319.8, 471.095
82.779, 57320.2, 470.528
82.78, 57320.6, 469.961
82.781, 57320.9, 469.395
82.782, 57321.3, 468.828
82.783, 57321.7, 468.261
82.784, 57322.1, 467.694
82.785, 57322.5, 467.127
82.786, 57322.9, 466.56
82.787, 57323.2, 465.993
82.788, 57323.6, 465.427
82.789, 57324, 464.86
82.79, 57324.4, 464.293
82.791, 57324.8, 463.726
82.792, 57325.1, 463.159
82.793, 57325.5, 462.591
82.794, 57325.9, 462.024
82.795, 57326.3, 461.457
82.796, 57326.7, 460.89
82.797, 57327.1, 460.323
82.798, 57327.4, 459.756
82.799, 57327.8, 459.188
82.8, 57328.2, 458.621
82.801, 57328.6, 458.054
82.802, 57329, 457.487
82.803, 57329.3, 456.919
82.804, 57329.7, 456.352
82.805, 57330.1, 455.785
82.806, 57330.5, 455.217
82.807, 57330.9, 454.65
82.808, 57331.3, 454.082
82.809, 57331.6, 453.515
82.81, 57332, 452.947
82.811, 57332.4, 452.38
82.812, 57332.8, 451.812
82.813, 57333.2, 451.245
82.814, 57333.5, 450.677
82.815, 57333.9, 450.109
82.816, 57334.3, 449.542
82.817, 57334.7, 448.974
82.818, 57335.1, 448.406
82.819, 57335.4, 447.839
82.82, 57335.8, 447.271
82.821, 57336.2, 446.703
82.822, 57336.6, 446.135
82.823, 57337, 445.567
82.824, 57337.4, 444.999
82.825, 57337.7, 444.432
82.826, 57338.1, 443.864
82.827, 57338.5, 443.296
82.828, 57338.9, 442.728
82.829, 57339.3, 442.16
82.83, 57339.6, 441.592
82.831, 57340, 441.024
82.832, 57340.4, 440.456
82.833, 57340.8, 439.888
82.834, 57341.2, 439.319
82.835, 57341.6, 438.751
82.836, 57341.9, 438.183
82.837, 57342.3, 437.615
82.838, 57342.7, 437.047
82.839, 57343.1, 436.478
82.84, 57343.5, 435.91
82.841, 57343.8, 435.342
82.842, 57344.2, 434.774
82.843, 57344.6, 434.205
82.844, 57345, 433.637
82.845, 57345.4, 433.068
82.846, 57345.7, 432.5
82.847, 57346.1, 431.932
82.848, 57346.5, 431.363
82.849, 57346.9, 430.795
82.85, 57347.3, 430.226
82.851, 57347.7, 429.657
82.852, 57348, 429.089
82.853, 57348.4, 428.52
82.854, 57348.8, 427.952
82.855, 57349.2, 427.383
82.856, 57349.6, 426.814
82.857, 57349.9, 426.246
82.858, 57350.3, 425.677
82.859, 57350.7, 425.108
82.86, 57351.1, 424.539
82.861, 57351.5, 423.97
82.862, 57351.8, 423.402
82.863, 57352.2, 422.833
82.864, 57352.6, 422.264
82.865, 57353, 421.695
82.866, 57353.4, 421.126
82.867, 57353.7, 420.557
82.868, 57354.1, 419.988
82.869, 57354.5, 419.419
82.87, 57354.9, 418.85
82.871, 57355.3, 418.281
82.872, 57355.7, 417.712
82.873, 57356, 417.143
82.874, 57356.4, 416.574
82.875, 57356.8, 416.004
82.876, 57357.2, 415.435
82.877, 57357.6, 414.866
82.878, 57357.9, 414.297
82.879, 57358.3, 413.727
82.88, 57358.7, 413.158
82.881, 57359.1, 412.589
82.882, 57359.5, 412.019
82.883, 57359.8, 411.45
82.884, 57360.2, 410.881
82.885, 57360.6, 410.311
82.886, 57361, 409.742
82.887, 57361.4, 409.172
82.888, 57361.7, 408.603
82.889, 57362.1, 408.033
82.89, 57362.5, 407.464
82.891, 57362.9, 406.894
82.892, 57363.3, 406.325
82.893, 57363.7, 405.755
82.894, 57364, 405.185
82.895, 57364.4, 404.616
82.896, 57364.8, 404.046
82.897, 57365.2, 403.476
82.898, 57365.6, 402.906
82.899, 57365.9, 402.337
82.9, 57366.3, 401.767
82.901, 57366.7, 401.197
82.902, 57367.1, 400.627
82.903, 57367.5, 400.057
82.904, 57367.8, 399.487
82.905, 57368.2, 398.917
82.906, 57368.6, 398.347
82.907, 57369, 397.777
82.908, 57369.4, 397.207
82.909, 57369.7, 396.637
82.91, 57370.1, 396.067
82.911, 57370.5, 395.497
82.912, 57370.9, 394.927
82.913, 57371.3, 394.357
82.914, 57371.6, 393.787
82.915, 57372, 393.216
82.916, 57372.4, 392.646
82.917, 57372.8, 392.076
82.918, 57373.2, 391.506
82.919, 57373.5, 390.935
82.92, 57373.9, 390.365
82.921, 57374.3, 389.795
82.922, 57374.7, 389.224
82.923, 57375.1, 388.654
82.924, 57375.4, 388.084
82.925, 57375.8, 387.513
82.926, 57376.2, 386.943
82.927, 57376.6, 386.372
82.928, 57377, 385.802
82.929, 57377.3, 385.231
82.93, 57377.7, 384.66
82.931, 57378.1, 384.09
82.932, 57378.5, 383.519
82.933, 57378.9, 382.948
82.934, 57379.3, 382.378
82.935, 57379.6, 381.807
82.936, 57380, 381.236
82.937, 57380.4, 380.666
82.938, 57380.8, 380.095
82.939, 57381.2, 379.524
82.94, 57381.5, 378.953
82.941, 57381.9, 378.382
82.942, 57382.3, 377.811
82.943, 57382.7, 377.24
82.944, 57383.1, 376.669
82.945, 57383.4, 376.099
82.946, 57383.8, 375.528
82.947, 57384.2, 374.956
82.948, 57384.6, 374.385
82.949, 57385, 373.814
82.95, 57385.3, 373.243
82.951, 57385.7, 372.672
82.952, 57386.1, 372.101
82.953, 57386.5, 371.53
82.954, 57386.9, 370.959
82.955, 57387.2, 370.387
82.956, 57387.6, 369.816
82.957, 57388, 369.245
82.958, 57388.4, 368.674
82.959, 57388.8, 368.102
82.96, 57389.1, 367.531
82.961, 57389.5, 366.959
82.962, 57389.9, 366.388
82.963, 57390.3, 365.817
82.964, 57390.7, 365.245
82.965, 57391, 364.674
82.966, 57391.4, 364.102
82.967, 57391.8, 363.531
82.968, 57392.2, 362.959
82.969, 57392.6, 362.387
82.97, 57392.9, 361.816
82.971, 57393.3, 361.244
82.972, 57393.7, 360.672
82.973, 57394.1, 360.101
82.974, 57394.5, 359.529
82.975, 57394.8, 358.957
82.976, 57395.2, 358.386
82.977, 57395.6, 357.814
82.978, 57396, 357.242
82.979, 57396.4, 356.67
82.98, 57396.7, 356.098
82.981, 57397.1, 355.526
82.982, 57397.5, 354.954
82.983, 57397.9, 354.382
82.984, 57398.3, 353.81
82.985, 57398.6, 353.238
82.986, 57399, 352.666
82.987, 57399.4, 352.094
82.988, 57399.8, 351.522
82.989, 57400.1, 350.95
82.99, 57400.5, 350.378
82.991, 57400.9, 349.806
82.992, 57401.3, 349.234
82.993, 57401.7, 348.661
82.994, 57402, 348.089
82.995, 57402.4, 347.517
82.996, 57402.8, 346.945
82.997, 57403.2, 346.372
82.998, 57403.6, 345.8
82.999, 57403.9, 345.228
83, 57404.3, 344.655
83.001, 57404.7, 344.083
83.002, 57405.1, 343.51
83.003, 57405.5, 342.938
83.004, 57405.8, 342.365
83.005, 57406.2, 341.793
83.006, 57406.6, 341.22
83.007, 57407, 340.648
83.008, 57407.4, 340.075
83.009, 57407.7, 339.502
83.01, 57408.1, 338.93
83.011, 57408.5, 338.357
83.012, 57408.9, 337.784
83.013, 57409.3, 337.212
83.014, 57409.6, 336.639
83.015, 57410, 336.066
83.016, 57410.4, 335.493
83.017, 57410.8, 334.921
83.018, 57411.2, 334.348
83.019, 57411.5, 333.775
83.02, 57411.9, 333.202
83.021, 57412.3, 332.629
83.022, 57412.7, 332.056
83.023, 57413.1, 331.483
83.024, 57413.4, 330.91
83.025, 57413.8, 330.337
83.026, 57414.2, 329.764
83.027, 57414.6, 329.191
83.028, 57414.9, 328.618
83.029, 57415.3, 328.044
83.03, 57415.7, 327.471
83.031, 57416.1, 326.898
83.032, 57416.5, 326.325
83.033, 57416.8, 325.752
83.034, 57417.2, 325.178
83.035, 57417.6, 324.605
83.036, 57418, 324.032
83.037, 57418.4, 323.458
83.038, 57418.7, 322.885
83.039, 57419.1, 322.312
83.04, 57419.5, 321.738
83.041, 57419.9, 321.165
83.042, 57420.3, 320.591
83.043, 57420.6, 320.018
83.044, 57421, 319.444
83.045, 57421.4, 318.871
83.046, 57421.8, 318.297
83.047, 57422.2, 317.723
83.048, 57422.5, 317.15
83.049, 57422.9, 316.576
83.05, 57423.3, 316.002
83.051, 57423.7, 315.429
83.052, 57424, 314.855
83.053, 57424.4, 314.281
83.054, 57424.8, 313.707
83.055, 57425.2, 313.134
83.056, 57425.6, 312.56
83.057, 57425.9, 311.986
83.058, 57426.3, 311.412
83.059, 57426.7, 310.838
83.06, 57427.1, 310.264
83.061, 57427.5, 309.69
83.062, 57427.8, 309.116
83.063, 57428.2, 308.542
83.064, 57428.6, 307.968
83.065, 57429, 307.394
83.066, 57429.4, 306.82
83.067, 57429.7, 306.246
83.068, 57430.1, 305.671
83.069, 57430.5, 305.097
83.07, 57430.9, 304.523
83.071, 57431.2, 303.949
83.072, 57431.6, 303.375
83.073, 57432, 302.8
83.074, 57432.4, 302.226
83.075, 57432.8, 301.652
83.076, 57433.1, 301.077
83.077, 57433.5, 300.503
83.078, 57433.9, 299.928
83.079, 57434.3, 299.354
83.08, 57434.7, 298.779
83.081, 57435, 298.205
83.082, 57435.4, 297.63
83.083, 57435.8, 297.056
83.084, 57436.2, 296.481
83.085, 57436.5, 295.907
83.086, 57436.9, 295.332
83.087, 57437.3, 294.757
83.088, 57437.7, 294.183
83.089, 57438.1, 293.608
83.09, 57438.4, 293.033
83.091, 57438.8, 292.459
83.092, 57439.2, 291.884
83.093, 57439.6, 291.309
83.094, 57440, 290.734
83.095, 57440.3, 290.159
83.096, 57440.7, 289.584
83.097, 57441.1, 289.009
83.098, 57441.5, 288.434
83.099, 57441.8, 287.86
83.1, 57442.2, 287.285
83.101, 57442.6, 286.709
83.102, 57443, 286.134
83.103, 57443.4, 285.559
83.104, 57443.7, 284.984
83.105, 57444.1, 284.409
83.106, 57444.5, 283.834
83.107, 57444.9, 283.259
83.108, 57445.3, 282.684
83.109, 57445.6, 282.108
83.11, 57446, 281.533
83.111, 57446.4, 280.958
83.112, 57446.8, 280.383
83.113, 57447.1, 279.807
83.114, 57447.5, 279.232
83.115, 57447.9, 278.656
83.116, 57448.3, 278.081
83.117, 57448.7, 277.506
83.118, 57449, 276.93
83.119, 57449.4, 276.355
83.12, 57449.8, 275.779
83.121, 57450.2, 275.204
83.122, 57450.6, 274.628
83.123, 57450.9, 274.052
83.124, 57451.3, 273.477
83.125, 57451.7, 272.901
83.126, 57452.1, 272.325
83.127, 57452.4, 271.75
83.128, 57452.8, 271.174
83.129, 57453.2, 270.598
83.13, 57453.6, 270.022
83.131, 57454, 269.447
83.132, 57454.3, 268.871
83.133, 57454.7, 268.295
83.134, 57455.1, 267.719
83.135, 57455.5, 267.143
83.136, 57455.8, 266.567
83.137, 57456.2, 265.991
83.138, 57456.6, 265.415
83.139, 57457, 264.839
83.14, 57457.4, 264.263
83.141, 57457.7, 263.687
83.142, 57458.1, 263.111
83.143, 57458.5, 262.535
83.144, 57458.9, 261.959
83.145, 57459.2, 261.383
83.146, 57459.6, 260.806
83.147, 57460, 260.23
83.148, 57460.4, 259.654
83.149, 57460.8, 259.078
83.15, 57461.1, 258.501
83.151, 57461.5, 257.925
83.152, 57461.9, 257.349
83.153, 57462.3, 256.772
83.154, 57462.6, 256.196
83.155, 57463, 255.619
83.156, 57463.4, 255.043
83.157, 57463.8, 254.467
83.158, 57464.2, 253.89
83.159, 57464.5, 253.313
83.16, 57464.9, 252.737
83.161, 57465.3, 252.16
83.162, 57465.7, 251.584
83.163, 57466.1, 251.007
83.164, 57466.4, 250.43
83.165, 57466.8, 249.854
83.166, 57467.2, 249.277
83.167, 57467.6, 248.7
83.168, 57467.9, 248.123
83.169, 57468.3, 247.547
83.17, 57468.7, 246.97
83.171, 57469.1, 246.393
83.172, 57469.5, 245.816
83.173, 57469.8, 245.239
83.174, 57470.2, 244.662
83.175, 57470.6, 244.085
83.176, 57471, 243.508
83.177, 57471.3, 242.931
83.178, 57471.7, 242.354
83.179, 57472.1, 241.777
83.18, 57472.5, 241.2
83.181, 57472.8, 240.623
83.182, 57473.2, 240.046
83.183, 57473.6, 239.469
83.184, 57474, 238.891
83.185, 57474.4, 238.314
83.186, 57474.7, 237.737
83.187, 57475.1, 237.16
83.188, 57475.5, 236.582
83.189, 57475.9, 236.005
83.19, 57476.2, 235.428
83.191, 57476.6, 234.85
83.192, 57477, 234.273
83.193, 57477.4, 233.695
83.194, 57477.8, 233.118
83.195, 57478.1, 232.541
83.196, 57478.5, 231.963
83.197, 57478.9, 231.385
83.198, 57479.3, 230.808
83.199, 57479.6, 230.23
83.2, 57480, 229.653
83.201, 57480.4, 229.075
83.202, 57480.8, 228.497
83.203, 57481.2, 227.92
83.204, 57481.5, 227.342
83.205, 57481.9, 226.764
83.206, 57482.3, 226.186
83.207, 57482.7, 225.609
83.208, 57483, 225.031
83.209, 57483.4, 224.453
83.21, 57483.8, 223.875
83.211, 57484.2, 223.297
83.212, 57484.6, 222.719
83.213, 57484.9, 222.141
83.214, 57485.3, 221.563
83.215, 57485.7, 220.985
83.216, 57486.1, 220.407
83.217, 57486.4, 219.829
83.218, 57486.8, 219.251
83.219, 57487.2, 218.673
83.22, 57487.6, 218.095
83.221, 57487.9, 217.517
83.222, 57488.3, 216.938
83.223, 57488.7, 216.36
83.224, 57489.1, 215.782
83.225, 57489.5, 215.204
83.226, 57489.8, 214.625
83.227, 57490.2, 214.047
83.228, 57490.6, 213.469
83.229, 57491, 212.89
83.23, 57491.3, 212.312
83.231, 57491.7, 211.734
83.232, 57492.1, 211.155
83.233, 57492.5, 210.577
83.234, 57492.8, 209.998
83.235, 57493.2, 209.42
83.236, 57493.6, 208.841
83.237, 57494, 208.262
83.238, 57494.4, 207.684
83.239, 57494.7, 207.105
83.24, 57495.1, 206.526
83.241, 57495.5, 205.948
83.242, 57495.9, 205.369
83.243, 57496.2, 204.79
83.244, 57496.6, 204.211
83.245, 57497, 203.633
83.246, 57497.4, 203.054
83.247, 57497.7, 202.475
83.248, 57498.1, 201.896
83.249, 57498.5, 201.317
83.25, 57498.9, 200.738
83.251, 57499.3, 200.159
83.252, 57499.6, 199.58
83.253, 57500, 199.001
83.254, 57500.4, 198.422
83.255, 57500.8, 197.843
83.256, 57501.1, 197.264
83.257, 57501.5, 196.685
83.258, 57501.9, 196.106
83.259, 57502.3, 195.527
83.26, 57502.6, 194.947
83.261, 57503, 194.368
83.262, 57503.4, 193.789
83.263, 57503.8, 193.21
83.264, 57504.2, 192.63
83.265, 57504.5, 192.051
83.266, 57504.9, 191.472
83.267, 57505.3, 190.892
83.268, 57505.7, 190.313
83.269, 57506, 189.733
83.27, 57506.4, 189.154
83.271, 57506.8, 188.575
83.272, 57507.2, 187.995
83.273, 57507.5, 187.415
83.274, 57507.9, 186.836
83.275, 57508.3, 186.256
83.276, 57508.7, 185.677
83.277, 57509.1, 185.097
83.278, 57509.4, 184.517
83.279, 57509.8, 183.938
83.28, 57510.2, 183.358
83.281, 57510.6, 182.778
83.282, 57510.9, 182.198
83.283, 57511.3, 181.619
83.284, 57511.7, 181.039
83.285, 57512.1, 180.459
83.286, 57512.4, 179.879
83.287, 57512.8, 179.299
83.288, 57513.2, 178.719
83.289, 57513.6, 178.139
83.29, 57513.9, 177.559
83.291, 57514.3, 176.979
83.292, 57514.7, 176.399
83.293, 57515.1, 175.819
83.294, 57515.5, 175.239
83.295, 57515.8, 174.659
83.296, 57516.2, 174.079
83.297, 57516.6, 173.498
83.298, 57517, 172.918
83.299, 57517.3, 172.338
83.3, 57517.7, 171.758
83.301, 57518.1, 171.177
83.302, 57518.5, 170.597
83.303, 57518.8, 170.017
83.304, 57519.2, 169.436
83.305, 57519.6, 168.856
83.306, 57520, 168.276
83.307, 57520.3, 167.695
83.308, 57520.7, 167.115
83.309, 57521.1, 166.534
83.31, 57521.5, 165.954
83.311, 57521.8, 165.373
83.312, 57522.2, 164.793
83.313, 57522.6, 164.212
83.314, 57523, 163.631
83.315, 57523.4, 163.051
83.316, 57523.7, 162.47
83.317, 57524.1, 161.889
83.318, 57524.5, 161.309
83.319, 57524.9, 160.728
83.32, 57525.2, 160.147
83.321, 57525.6, 159.566
83.322, 57526, 158.985
83.323, 57526.4, 158.404
83.324, 57526.7, 157.824
83.325, 57527.1, 157.243
83.326, 57527.5, 156.662
83.327, 57527.9, 156.081
83.328, 57528.2, 155.5
83.329, 57528.6, 154.919
83.33, 57529, 154.338
83.331, 57529.4, 153.757
83.332, 57529.7, 153.175
83.333, 57530.1, 152.594
83.334, 57530.5, 152.013
83.335, 57530.9, 151.432
83.336, 57531.3, 150.851
83.337, 57531.6, 150.27
83.338, 57532, 149.688
83.339, 57532.4, 149.107
83.34, 57532.8, 148.526
83.341, 57533.1, 147.944
83.342, 57533.5, 147.363
83.343, 57533.9, 146.781
83.344, 57534.3, 146.2
83.345, 57534.6, 145.619
83.346, 57535, 145.037
83.347, 57535.4, 144.456
83.348, 57535.8, 143.874
83.349, 57536.1, 143.293
83.35, 57536.5, 142.711
83.351, 57536.9, 142.129
83.352, 57537.3, 141.548
83.353, 57537.6, 140.966
83.354, 57538, 140.384
83.355, 57538.4, 139.803
83.356, 57538.8, 139.221
83.357, 57539.1, 138.639
83.358, 57539.5, 138.057
83.359, 57539.9, 137.475
83.36, 57540.3, 136.894
83.361, 57540.6, 136.312
83.362, 57541, 135.73
83.363, 57541.4, 135.148
83.364, 57541.8, 134.566
83.365, 57542.1, 133.984
83.366, 57542.5, 133.402
83.367, 57542.9, 132.82
83.368, 57543.3, 132.238
83.369, 57543.7, 131.656
83.37, 57544, 131.074
83.371, 57544.4, 130.491
83.372, 57544.8, 129.909
83.373, 57545.2, 129.327
83.374, 57545.5, 128.745
83.375, 57545.9, 128.163
83.376, 57546.3, 127.58
83.377, 57546.7, 126.998
83.378, 57547, 126.416
83.379, 57547.4, 125.833
83.38, 57547.8, 125.251
83.381, 57548.2, 124.669
83.382, 57548.5, 124.086
83.383, 57548.9, 123.504
83.384, 57549.3, 122.921
83.385, 57549.7, 122.339
83.386, 57550, 121.756
83.387, 57550.4, 121.173
83.388, 57550.8, 120.591
83.389, 57551.2, 120.008
83.39, 57551.5, 119.426
83.391, 57551.9, 118.843
83.392, 57552.3, 118.26
83.393, 57552.7, 117.677
83.394, 57553, 117.095
83.395, 57553.4, 116.512
83.396, 57553.8, 115.929
83.397, 57554.2, 115.346
83.398, 57554.5, 114.763
83.399, 57554.9, 114.18
83.4, 57555.3, 113.598
83.401, 57555.7, 113.015
83.402, 57556, 112.432
83.403, 57556.4, 111.849
83.404, 57556.8, 111.266
83.405, 57557.2, 110.683
83.406, 57557.5, 110.099
83.407, 57557.9, 109.516
83.408, 57558.3, 108.933
83.409, 57558.7, 108.35
83.41, 57559, 107.767
83.411, 57559.4, 107.184
83.412, 57559.8, 106.6
83.413, 57560.2, 106.017
83.414, 57560.5, 105.434
83.415, 57560.9, 104.851
83.416, 57561.3, 104.267
83.417, 57561.7, 103.684
83.418, 57562, 103.1
83.419, 57562.4, 102.517
83.42, 57562.8, 101.934
83.421, 57563.2, 101.35
83.422, 57563.5, 100.767
83.423, 57563.9, 100.183
83.424, 57564.3, 99.5994
83.425, 57564.7, 99.0158
83.426, 57565, 98.4322
83.427, 57565.4, 97.8486
83.428, 57565.8, 97.2649
83.429, 57566.2, 96.6812
83.43, 57566.5, 96.0975
83.431, 57566.9, 95.5137
83.432, 57567.3, 94.9299
83.433, 57567.7, 94.3461
83.434, 57568, 93.7623
83.435, 57568.4, 93.1784
83.436, 57568.8, 92.5945
83.437, 57569.2, 92.0106
83.438, 57569.5, 91.4267
83.439, 57569.9, 90.8427
83.44, 57570.3, 90.2587
83.441, 57570.7, 89.6747
83.442, 57571, 89.0907
83.443, 57571.4, 88.5066
83.444, 57571.8, 87.9225
83.445, 57572.2, 87.3384
83.446, 57572.5, 86.7542
83.447, 57572.9, 86.17
83.448, 57573.3, 85.5858
83.449, 57573.7, 85.0016
83.45, 57574, 84.4173
83.451, 57574.4, 83.833
83.452, 57574.8, 83.2487
83.453, 57575.2, 82.6644
83.454, 57575.5, 82.08
83.455, 57575.9, 81.4956
83.456, 57576.3, 80.9112
83.457, 57576.7, 80.3268
83.458, 57577, 79.7423
83.459, 57577.4, 79.1578
83.46, 57577.8, 78.5732
83.461, 57578.2, 77.9887
83.462, 57578.5, 77.4041
83.463, 57578.9, 76.8195
83.464, 57579.3, 76.2349
83.465, 57579.7, 75.6502
83.466, 57580, 75.0655
83.467, 57580.4, 74.4808
83.468, 57580.8, 73.896
83.469, 57581.2, 73.3113
83.47, 57581.5, 72.7265
83.471, 57581.9, 72.1416
83.472, 57582.3, 71.5568
83.473, 57582.7, 70.9719
83.474, 57583, 70.387
83.475, 57583.4, 69.8021
83.476, 57583.8, 69.2171
83.477, 57584.2, 68.6321
83.478, 57584.5, 68.0471
83.479, 57584.9, 67.4621
83.48, 57585.3, 66.877
83.481, 57585.6, 66.2919
83.482, 57586, 65.7068
83.483, 57586.4, 65.1216
83.484, 57586.8, 64.5365
83.485, 57587.1, 63.9513
83.486, 57587.5, 63.366
83.487, 57587.9, 62.7808
83.488, 57588.3, 62.1955
83.489, 57588.6, 61.6102
83.49, 57589, 61.0249
83.491, 57589.4, 60.4395
83.492, 57589.8, 59.8541
83.493, 57590.1, 59.2687
83.494, 57590.5, 58.6832
83.495, 57590.9, 58.0978
83.496, 57591.3, 57.5123
83.497, 57591.6, 56.9267
83.498, 57592, 56.3412
83.499, 57592.4, 55.7556
83.5, 57592.8, 55.17
83.501, 57593.1, 54.5844
83.502, 57593.5, 53.9987
83.503, 57593.9, 53.413
83.504, 57594.3, 52.8273
83.505, 57594.6, 52.2416
83.506, 57595, 51.6558
83.507, 57595.4, 51.07
83.508, 57595.8, 50.4842
83.509, 57596.1, 49.8983
83.51, 57596.5, 49.3125
83.511, 57596.9, 48.7266
83.512, 57597.2, 48.1406
83.513, 57597.6, 47.5547
83.514, 57598, 46.9687
83.515, 57598.4, 46.3827
83.516, 57598.7, 45.7966
83.517, 57599.1, 45.2106
83.518, 57599.5, 44.6245
83.519, 57599.9, 44.0384
83.52, 57600.2, 43.4522
83.521, 57600.6, 42.8661
83.522, 57601, 42.2799
83.523, 57601.4, 41.6936
83.524, 57601.7, 41.1074
83.525, 57602.1, 40.5211
83.526, 57602.5, 39.9348
83.527, 57602.9, 39.3485
83.528, 57603.2, 38.7621
83.529, 57603.6, 38.1757
83.53, 57604, 37.5893
83.531, 57604.4, 37.0028
83.532, 57604.7, 36.4164
83.533, 57605.1, 35.8299
83.534, 57605.5, 35.2434
83.535, 57605.8, 34.6568
83.536, 57606.2, 34.0702
83.537, 57606.6, 33.4836
83.538, 57607, 32.897
83.539, 57607.3, 32.3103
83.54, 57607.7, 31.7236
83.541, 57608.1, 31.1369
83.542, 57608.5, 30.5502
83.543, 57608.8, 29.9634
83.544, 57609.2, 29.3766
83.545, 57609.6, 28.7898
83.546, 57610, 28.203
83.547, 57610.3, 27.6161
83.548, 57610.7, 27.0292
83.549, 57611.1, 26.4423
83.55, 57611.5, 25.8553
83.551, 57611.8, 25.2683
83.552, 57612.2, 24.6813
83.553, 57612.6, 24.0943
83.554, 57612.9, 23.5072
83.555, 57613.3, 22.9201
83.556, 57613.7, 22.333
83.557, 57614.1, 21.7459
83.558, 57614.4, 21.1587
83.559, 57614.8, 20.5715
83.56, 57615.2, 19.9843
83.561, 57615.6, 19.397
83.562, 57615.9, 18.8097
83.563, 57616.3, 18.2224
83.564, 57616.7, 17.6351
83.565, 57617.1, 17.0477
83.566, 57617.4, 16.4603
83.567, 57617.8, 15.8729
83.568, 57618.2, 15.2855
83.569, 57618.5, 14.698
83.57, 57618.9, 14.1105
83.571, 57619.3, 13.523
83.572, 57619.7, 12.9354
83.573, 57620, 12.3478
83.574, 57620.4, 11.7602
83.575, 57620.8, 11.1726
83.576, 57621.2, 10.5849
83.577, 57621.5, 9.99726
83.578, 57621.9, 9.40954
83.579, 57622.3, 8.8218
83.58, 57622.7, 8.23403
83.581, 57623, 7.64624
83.582, 57623.4, 7.05841
83.583, 57623.8, 6.47056
83.584, 57624.1, 5.88268
83.585, 57624.5, 5.29478
83.586, 57624.9, 4.70685
83.587, 57625.3, 4.11889
83.588, 57625.6, 3.5309
83.589, 57626, 2.94289
83.59, 57626.4, 2.35485
83.591, 57626.8, 1.76678
83.592, 57627.1, 1.17869
83.593, 57627.5, 0.590568
83.594, 57627.9, 0.00241961
